"2017-02-27 20:00:52 PST","I","lml0101@lml_com","NotificationManager","AreNotificationsEnabled - true - Importance - Unspecified"
"2017-02-27 20:01:52 PST","I","lml0101@lml_com","NotificationManager","AreNotificationsEnabled - true - Importance - Unspecified"
"2017-02-27 20:02:52 PST","I","lml0101@lml_com","NotificationManager","AreNotificationsEnabled - true - Importance - Unspecified"
"2017-02-27 20:03:52 PST","I","lml0101@lml_com","NotificationManager","AreNotificationsEnabled - true - Importance - Unspecified"
"2017-02-27 20:04:52 PST","I","lml0101@lml_com","NotificationManager","AreNotificationsEnabled - true - Importance - Unspecified"
"2017-02-27 20:05:52 PST","I","lml0101@lml_com","NotificationManager","AreNotificationsEnabled - true - Importance - Unspecified"
"2017-02-27 20:06:52 PST","I","lml0101@lml_com","NotificationManager","AreNotificationsEnabled - true - Importance - Unspecified"
"2017-02-27 20:07:52 PST","I","lml0101@lml_com","NotificationManager","AreNotificationsEnabled - true - Importance - Unspecified"
"2017-02-27 20:08:52 PST","I","lml0101@lml_com","NotificationManager","AreNotificationsEnabled - true - Importance - Unspecified"
"2017-02-27 20:09:52 PST","I","lml0101@lml_com","NotificationManager","AreNotificationsEnabled - true - Importance - Unspecified"
"2017-02-27 20:10:52 PST","I","lml0101@lml_com","NotificationManager","AreNotificationsEnabled - true - Importance - Unspecified"
"2017-02-27 20:11:52 PST","I","lml0101@lml_com","NotificationManager","AreNotificationsEnabled - true - Importance - Unspecified"
"2017-02-27 20:12:52 PST","I","lml0101@lml_com","NotificationManager","AreNotificationsEnabled - true - Importance - Unspecified"
"2017-02-27 20:13:52 PST","I","lml0101@lml_com","NotificationManager","AreNotificationsEnabled - true - Importance - Unspecified"
"2017-02-27 20:14:52 PST","I","lml0101@lml_com","NotificationManager","AreNotificationsEnabled - true - Importance - Unspecified"
"2017-02-27 20:15:52 PST","I","lml0101@lml_com","NotificationManager","AreNotificationsEnabled - true - Importance - Unspecified"
"2017-02-27 20:16:52 PST","I","lml0101@lml_com","NotificationManager","AreNotificationsEnabled - true - Importance - Unspecified"
"2017-02-27 20:17:52 PST","I","lml0101@lml_com","NotificationManager","AreNotificationsEnabled - true - Importance - Unspecified"
"2017-02-27 20:18:52 PST","I","lml0101@lml_com","NotificationManager","AreNotificationsEnabled - true - Importance - Unspecified"
"2017-02-27 20:19:52 PST","I","lml0101@lml_com","NotificationManager","AreNotificationsEnabled - true - Importance - Unspecified"
"2017-02-27 20:20:52 PST","I","lml0101@lml_com","NotificationManager","AreNotificationsEnabled - true - Importance - Unspecified"
"2017-02-27 20:21:52 PST","I","lml0101@lml_com","NotificationManager","AreNotificationsEnabled - true - Importance - Unspecified"
"2017-02-27 20:22:52 PST","I","lml0101@lml_com","NotificationManager","AreNotificationsEnabled - true - Importance - Unspecified"
"2017-02-27 20:23:53 PST","I","lml0101@lml_com","NotificationManager","AreNotificationsEnabled - true - Importance - Unspecified"
"2017-02-27 20:24:52 PST","I","lml0101@lml_com","NotificationManager","AreNotificationsEnabled - true - Importance - Unspecified"
"2017-02-27 20:25:52 PST","I","lml0101@lml_com","NotificationManager","AreNotificationsEnabled - true - Importance - Unspecified"
"2017-02-27 20:26:52 PST","I","lml0101@lml_com","NotificationManager","AreNotificationsEnabled - true - Importance - Unspecified"
"2017-02-27 20:27:53 PST","I","lml0101@lml_com","NotificationManager","AreNotificationsEnabled - true - Importance - Unspecified"
"2017-02-27 20:28:52 PST","I","lml0101@lml_com","NotificationManager","AreNotificationsEnabled - true - Importance - Unspecified"
"2017-02-27 20:29:52 PST","I","lml0101@lml_com","NotificationManager","AreNotificationsEnabled - true - Importance - Unspecified"
"2017-02-27 20:30:53 PST","I","lml0101@lml_com","NotificationManager","AreNotificationsEnabled - true - Importance - Unspecified"
"2017-02-27 20:31:53 PST","I","lml0101@lml_com","NotificationManager","AreNotificationsEnabled - true - Importance - Unspecified"
"2017-02-27 20:32:52 PST","I","lml0101@lml_com","NotificationManager","AreNotificationsEnabled - true - Importance - Unspecified"
"2017-02-27 20:33:53 PST","I","lml0101@lml_com","NotificationManager","AreNotificationsEnabled - true - Importance - Unspecified"
"2017-02-27 20:34:53 PST","I","lml0101@lml_com","NotificationManager","AreNotificationsEnabled - true - Importance - Unspecified"
"2017-02-27 20:35:53 PST","I","lml0101@lml_com","NotificationManager","AreNotificationsEnabled - true - Importance - Unspecified"
"2017-02-27 20:36:53 PST","I","lml0101@lml_com","NotificationManager","AreNotificationsEnabled - true - Importance - Unspecified"
"2017-02-27 20:37:53 PST","I","lml0101@lml_com","NotificationManager","AreNotificationsEnabled - true - Importance - Unspecified"
"2017-02-27 20:38:53 PST","I","lml0101@lml_com","NotificationManager","AreNotificationsEnabled - true - Importance - Unspecified"
"2017-02-27 20:39:53 PST","I","lml0101@lml_com","NotificationManager","AreNotificationsEnabled - true - Importance - Unspecified"
"2017-02-27 20:40:53 PST","I","lml0101@lml_com","NotificationManager","AreNotificationsEnabled - true - Importance - Unspecified"
"2017-02-27 20:41:57 PST","I","lml0101@lml_com","NotificationManager","AreNotificationsEnabled - true - Importance - Unspecified"
"2017-02-27 20:42:53 PST","I","lml0101@lml_com","NotificationManager","AreNotificationsEnabled - true - Importance - Unspecified"
"2017-02-27 20:43:53 PST","I","lml0101@lml_com","NotificationManager","AreNotificationsEnabled - true - Importance - Unspecified"
"2017-02-27 20:44:53 PST","I","lml0101@lml_com","NotificationManager","AreNotificationsEnabled - true - Importance - Unspecified"
"2017-02-27 20:45:53 PST","I","lml0101@lml_com","NotificationManager","AreNotificationsEnabled - true - Importance - Unspecified"
"2017-02-27 20:46:53 PST","I","lml0101@lml_com","NotificationManager","AreNotificationsEnabled - true - Importance - Unspecified"
"2017-02-27 20:47:53 PST","I","lml0101@lml_com","NotificationManager","AreNotificationsEnabled - true - Importance - Unspecified"
"2017-02-27 20:48:53 PST","I","lml0101@lml_com","NotificationManager","AreNotificationsEnabled - true - Importance - Unspecified"
"2017-02-27 20:49:53 PST","I","lml0101@lml_com","NotificationManager","AreNotificationsEnabled - true - Importance - Unspecified"
"2017-02-27 20:50:53 PST","I","lml0101@lml_com","NotificationManager","AreNotificationsEnabled - true - Importance - Unspecified"
"2017-02-27 20:51:53 PST","I","lml0101@lml_com","NotificationManager","AreNotificationsEnabled - true - Importance - Unspecified"
"2017-02-27 20:52:53 PST","I","lml0101@lml_com","NotificationManager","AreNotificationsEnabled - true - Importance - Unspecified"
"2017-02-27 20:53:53 PST","I","lml0101@lml_com","NotificationManager","AreNotificationsEnabled - true - Importance - Unspecified"
"2017-02-27 20:54:53 PST","I","lml0101@lml_com","NotificationManager","AreNotificationsEnabled - true - Importance - Unspecified"
"2017-02-27 20:55:53 PST","I","lml0101@lml_com","NotificationManager","AreNotificationsEnabled - true - Importance - Unspecified"
"2017-02-27 20:56:53 PST","I","lml0101@lml_com","NotificationManager","AreNotificationsEnabled - true - Importance - Unspecified"
"2017-02-27 20:57:53 PST","I","lml0101@lml_com","NotificationManager","AreNotificationsEnabled - true - Importance - Unspecified"
"2017-02-27 20:58:53 PST","I","lml0101@lml_com","NotificationManager","AreNotificationsEnabled - true - Importance - Unspecified"
"2017-02-27 20:59:53 PST","I","lml0101@lml_com","NotificationManager","AreNotificationsEnabled - true - Importance - Unspecified"
