"2017-02-13 09:00:49 EST","I","lml0002@lml_com","DatabaseManager","Internet Connected, writing to online database - NOTES/LML/lml0002@lml_com/DATES/2017-02-13 - EST"
"2017-02-13 09:00:50 EST","I","lml0002@lml_com","DatabaseManager","Internet Connected, writing to online database - NOTES/LML/LIST/lml0002@lml_com - 1.0"
"2017-02-13 09:00:50 EST","I","lml0002@lml_com","DatabaseManager","Internet Connected, writing to online database - NOTES/LML/lml0002@lml_com/2017-02-13/MinuteService/1486994450037 - 60.0"
"2017-02-13 09:00:50 EST","I","lml0002@lml_com","DatabaseManager","Internet Connected, writing to online database - NOTES/LML/lml0002@lml_com/DATES/2017-02-13 - EST"
"2017-02-13 09:00:50 EST","I","lml0002@lml_com","DatabaseManager","Internet Connected, writing to online database - NOTES/LML/LIST/lml0002@lml_com - 1.0"
"2017-02-13 09:00:50 EST","I","lml0002@lml_com","DatabaseManager","Internet Connected, writing to online database - NOTES/LML/lml0002@lml_com/2017-02-13/Internet/Wifi/1486994450147 - 1.0"
"2017-02-13 09:00:50 EST","I","lml0002@lml_com","DatabaseManager","Internet Connected, writing to online database - NOTES/LML/lml0002@lml_com/DATES/2017-02-13 - EST"
"2017-02-13 09:00:50 EST","I","lml0002@lml_com","DatabaseManager","Internet Connected, writing to online database - NOTES/LML/LIST/lml0002@lml_com - 1.0"
"2017-02-13 09:00:50 EST","I","lml0002@lml_com","DatabaseManager","Internet Connected, writing to online database - NOTES/LML/lml0002@lml_com/2017-02-13/Internet/Mobile/1486994450286 - 0.0"
"2017-02-13 09:00:50 EST","I","lml0002@lml_com","DatabaseManager","Internet Connected, writing to online database - NOTES/LML/lml0002@lml_com/DATES/2017-02-13 - EST"
"2017-02-13 09:00:50 EST","I","lml0002@lml_com","DatabaseManager","Internet Connected, writing to online database - NOTES/LML/LIST/lml0002@lml_com - 1.0"
"2017-02-13 09:00:50 EST","I","lml0002@lml_com","DatabaseManager","Internet Connected, writing to online database - NOTES/LML/lml0002@lml_com/2017-02-13/Memory/Free/1486994450407 - 53.0"
"2017-02-13 09:00:50 EST","I","lml0002@lml_com","DatabaseManager","Internet Connected, writing to online database - NOTES/LML/lml0002@lml_com/DATES/2017-02-13 - EST"
"2017-02-13 09:00:50 EST","I","lml0002@lml_com","DatabaseManager","Internet Connected, writing to online database - NOTES/LML/LIST/lml0002@lml_com - 1.0"
"2017-02-13 09:00:50 EST","I","lml0002@lml_com","DatabaseManager","Internet Connected, writing to online database - NOTES/LML/lml0002@lml_com/2017-02-13/Storage/Internal/Free/1486994450516 - 12.0"
"2017-02-13 09:00:50 EST","I","lml0002@lml_com","DatabaseManager","Internet Connected, writing to online database - NOTES/LML/lml0002@lml_com/DATES/2017-02-13 - EST"
"2017-02-13 09:00:50 EST","I","lml0002@lml_com","DatabaseManager","Internet Connected, writing to online database - NOTES/LML/LIST/lml0002@lml_com - 1.0"
"2017-02-13 09:00:50 EST","I","lml0002@lml_com","DatabaseManager","Internet Connected, writing to online database - NOTES/LML/lml0002@lml_com/2017-02-13/Storage/External/Free/1486994450644 - 10070.0"
"2017-02-13 09:00:50 EST","I","lml0002@lml_com","DatabaseManager","Internet Connected, writing to online database - NOTES/LML/lml0002@lml_com/DATES/2017-02-13 - EST"
"2017-02-13 09:00:50 EST","I","lml0002@lml_com","DatabaseManager","Internet Connected, writing to online database - NOTES/LML/LIST/lml0002@lml_com - 1.0"
"2017-02-13 09:00:50 EST","I","lml0002@lml_com","DatabaseManager","Internet Connected, writing to online database - NOTES/LML/lml0002@lml_com/2017-02-13/Battery/Available/1486994450768 - 4.0"
"2017-02-13 09:00:50 EST","I","lml0002@lml_com","DatabaseManager","Internet Connected, writing to online database - NOTES/LML/lml0002@lml_com/DATES/2017-02-13 - EST"
"2017-02-13 09:00:50 EST","I","lml0002@lml_com","DatabaseManager","Internet Connected, writing to online database - NOTES/LML/LIST/lml0002@lml_com - 1.0"
"2017-02-13 09:00:50 EST","I","lml0002@lml_com","DatabaseManager","Internet Connected, writing to online database - NOTES/LML/lml0002@lml_com/2017-02-13/AppVersion/1486994450907 - 0.0.5"
"2017-02-13 09:00:50 EST","I","lml0002@lml_com","DatabaseManager","Internet Connected, writing to online database - NOTES/LML/lml0002@lml_com/DATES/2017-02-13 - EST"
"2017-02-13 09:00:51 EST","I","lml0002@lml_com","DatabaseManager","Internet Connected, writing to online database - NOTES/LML/LIST/lml0002@lml_com - 1.0"
"2017-02-13 09:00:51 EST","I","lml0002@lml_com","DatabaseManager","Internet Connected, writing to online database - NOTES/LML/lml0002@lml_com/2017-02-13/Config/StartDate - Fri Feb 10 19:00:00 EST 2017"
"2017-02-13 09:00:51 EST","I","lml0002@lml_com","DatabaseManager","Internet Connected, writing to online database - NOTES/LML/lml0002@lml_com/DATES/2017-02-13 - EST"
"2017-02-13 09:00:51 EST","I","lml0002@lml_com","DatabaseManager","Internet Connected, writing to online database - NOTES/LML/LIST/lml0002@lml_com - 1.0"
"2017-02-13 09:00:51 EST","I","lml0002@lml_com","DatabaseManager","Internet Connected, writing to online database - NOTES/LML/lml0002@lml_com/2017-02-13/Config/EndDate - Tue Feb 28 16:00:00 EST 2017"
"2017-02-13 09:00:52 EST","I","lml0002@lml_com","DatabaseManager","Start fetching new study data from firebase on data change"
"2017-02-13 09:00:52 EST","I","lml0002@lml_com","DatabaseManager","Finish Fetching new study data from firebase on data change"
"2017-02-13 09:01:50 EST","I","lml0002@lml_com","DatabaseManager","Internet Connected, writing to online database - NOTES/LML/lml0002@lml_com/DATES/2017-02-13 - EST"
"2017-02-13 09:01:50 EST","I","lml0002@lml_com","DatabaseManager","Internet Connected, writing to online database - NOTES/LML/LIST/lml0002@lml_com - 1.0"
"2017-02-13 09:01:50 EST","I","lml0002@lml_com","DatabaseManager","Internet Connected, writing to online database - NOTES/LML/lml0002@lml_com/2017-02-13/MinuteService/1486994510232 - 60.0"
"2017-02-13 09:01:50 EST","I","lml0002@lml_com","DatabaseManager","Internet Connected, writing to online database - NOTES/LML/lml0002@lml_com/DATES/2017-02-13 - EST"
"2017-02-13 09:01:50 EST","I","lml0002@lml_com","DatabaseManager","Internet Connected, writing to online database - NOTES/LML/LIST/lml0002@lml_com - 1.0"
"2017-02-13 09:01:50 EST","I","lml0002@lml_com","DatabaseManager","Internet Connected, writing to online database - NOTES/LML/lml0002@lml_com/2017-02-13/Config/StartDate - Fri Feb 10 19:00:00 EST 2017"
"2017-02-13 09:01:50 EST","I","lml0002@lml_com","DatabaseManager","Internet Connected, writing to online database - NOTES/LML/lml0002@lml_com/DATES/2017-02-13 - EST"
"2017-02-13 09:01:50 EST","I","lml0002@lml_com","DatabaseManager","Internet Connected, writing to online database - NOTES/LML/LIST/lml0002@lml_com - 1.0"
"2017-02-13 09:01:50 EST","I","lml0002@lml_com","DatabaseManager","Internet Connected, writing to online database - NOTES/LML/lml0002@lml_com/2017-02-13/Config/EndDate - Tue Feb 28 16:00:00 EST 2017"
"2017-02-13 09:01:52 EST","I","lml0002@lml_com","DatabaseManager","Start fetching new study data from firebase on data change"
"2017-02-13 09:01:52 EST","I","lml0002@lml_com","DatabaseManager","Finish Fetching new study data from firebase on data change"
"2017-02-13 09:02:50 EST","I","lml0002@lml_com","DatabaseManager","Internet Connected, writing to online database - NOTES/LML/lml0002@lml_com/DATES/2017-02-13 - EST"
"2017-02-13 09:02:50 EST","I","lml0002@lml_com","DatabaseManager","Internet Connected, writing to online database - NOTES/LML/LIST/lml0002@lml_com - 1.0"
"2017-02-13 09:02:50 EST","I","lml0002@lml_com","DatabaseManager","Internet Connected, writing to online database - NOTES/LML/lml0002@lml_com/2017-02-13/MinuteService/1486994570208 - 60.0"
"2017-02-13 09:02:50 EST","I","lml0002@lml_com","DatabaseManager","Internet Connected, writing to online database - NOTES/LML/lml0002@lml_com/DATES/2017-02-13 - EST"
"2017-02-13 09:02:50 EST","I","lml0002@lml_com","DatabaseManager","Internet Connected, writing to online database - NOTES/LML/LIST/lml0002@lml_com - 1.0"
"2017-02-13 09:02:50 EST","I","lml0002@lml_com","DatabaseManager","Internet Connected, writing to online database - NOTES/LML/lml0002@lml_com/2017-02-13/Memory/Free/1486994570303 - 54.0"
"2017-02-13 09:02:50 EST","I","lml0002@lml_com","DatabaseManager","Internet Connected, writing to online database - NOTES/LML/lml0002@lml_com/DATES/2017-02-13 - EST"
"2017-02-13 09:02:50 EST","I","lml0002@lml_com","DatabaseManager","Internet Connected, writing to online database - NOTES/LML/LIST/lml0002@lml_com - 1.0"
"2017-02-13 09:02:50 EST","I","lml0002@lml_com","DatabaseManager","Internet Connected, writing to online database - NOTES/LML/lml0002@lml_com/2017-02-13/Config/StartDate - Fri Feb 10 19:00:00 EST 2017"
"2017-02-13 09:02:50 EST","I","lml0002@lml_com","DatabaseManager","Internet Connected, writing to online database - NOTES/LML/lml0002@lml_com/DATES/2017-02-13 - EST"
"2017-02-13 09:02:50 EST","I","lml0002@lml_com","DatabaseManager","Internet Connected, writing to online database - NOTES/LML/LIST/lml0002@lml_com - 1.0"
"2017-02-13 09:02:50 EST","I","lml0002@lml_com","DatabaseManager","Internet Connected, writing to online database - NOTES/LML/lml0002@lml_com/2017-02-13/Config/EndDate - Tue Feb 28 16:00:00 EST 2017"
"2017-02-13 09:02:51 EST","I","lml0002@lml_com","DatabaseManager","Internet Connected, writing to online database - NOTES/LML/lml0002@lml_com/DATES/2017-02-13 - EST"
"2017-02-13 09:02:51 EST","I","lml0002@lml_com","DatabaseManager","Internet Connected, writing to online database - NOTES/LML/LIST/lml0002@lml_com - 1.0"
"2017-02-13 09:02:51 EST","I","lml0002@lml_com","DatabaseManager","Internet Connected, writing to online database - NOTES/LML/lml0002@lml_com/2017-02-13/Survey/Prompt/1486994571497 - EMA_0:0"
"2017-02-13 09:02:52 EST","I","lml0002@lml_com","DatabaseManager","Start fetching new study data from firebase on data change"
"2017-02-13 09:02:52 EST","I","lml0002@lml_com","DatabaseManager","Finish Fetching new study data from firebase on data change"
"2017-02-13 09:03:48 EST","I","lml0002@lml_com","DatabaseManager","Internet Connected, writing to online database - NOTES/LML/lml0002@lml_com/DATES/2017-02-13 - EST"
"2017-02-13 09:03:48 EST","I","lml0002@lml_com","DatabaseManager","Internet Connected, writing to online database - NOTES/LML/LIST/lml0002@lml_com - 1.0"
"2017-02-13 09:03:48 EST","I","lml0002@lml_com","DatabaseManager","Internet Connected, writing to online database - NOTES/LML/lml0002@lml_com/2017-02-13/MinuteService/1486994628339 - 58.0"
"2017-02-13 09:03:48 EST","I","lml0002@lml_com","DatabaseManager","Internet Connected, writing to online database - NOTES/LML/lml0002@lml_com/DATES/2017-02-13 - EST"
"2017-02-13 09:03:48 EST","I","lml0002@lml_com","DatabaseManager","Internet Connected, writing to online database - NOTES/LML/LIST/lml0002@lml_com - 1.0"
"2017-02-13 09:03:48 EST","I","lml0002@lml_com","DatabaseManager","Internet Connected, writing to online database - NOTES/LML/lml0002@lml_com/2017-02-13/Memory/Free/1486994628444 - 53.0"
"2017-02-13 09:03:48 EST","I","lml0002@lml_com","DatabaseManager","Internet Connected, writing to online database - NOTES/LML/lml0002@lml_com/DATES/2017-02-13 - EST"
"2017-02-13 09:03:48 EST","I","lml0002@lml_com","DatabaseManager","Internet Connected, writing to online database - NOTES/LML/LIST/lml0002@lml_com - 1.0"
"2017-02-13 09:03:48 EST","I","lml0002@lml_com","DatabaseManager","Internet Connected, writing to online database - NOTES/LML/lml0002@lml_com/2017-02-13/Config/StartDate - Fri Feb 10 19:00:00 EST 2017"
"2017-02-13 09:03:48 EST","I","lml0002@lml_com","DatabaseManager","Internet Connected, writing to online database - NOTES/LML/lml0002@lml_com/DATES/2017-02-13 - EST"
"2017-02-13 09:03:48 EST","I","lml0002@lml_com","DatabaseManager","Internet Connected, writing to online database - NOTES/LML/LIST/lml0002@lml_com - 1.0"
"2017-02-13 09:03:48 EST","I","lml0002@lml_com","DatabaseManager","Internet Connected, writing to online database - NOTES/LML/lml0002@lml_com/2017-02-13/Config/EndDate - Tue Feb 28 16:00:00 EST 2017"
"2017-02-13 09:03:49 EST","I","lml0002@lml_com","DatabaseManager","Start fetching new study data from firebase on data change"
"2017-02-13 09:03:49 EST","I","lml0002@lml_com","DatabaseManager","Finish Fetching new study data from firebase on data change"
"2017-02-13 09:04:48 EST","I","lml0002@lml_com","DatabaseManager","Internet Connected, writing to online database - NOTES/LML/lml0002@lml_com/DATES/2017-02-13 - EST"
"2017-02-13 09:04:48 EST","I","lml0002@lml_com","DatabaseManager","Internet Connected, writing to online database - NOTES/LML/LIST/lml0002@lml_com - 1.0"
"2017-02-13 09:04:48 EST","I","lml0002@lml_com","DatabaseManager","Internet Connected, writing to online database - NOTES/LML/lml0002@lml_com/2017-02-13/MinuteService/1486994688473 - 60.0"
"2017-02-13 09:04:48 EST","I","lml0002@lml_com","DatabaseManager","Internet Connected, writing to online database - NOTES/LML/lml0002@lml_com/DATES/2017-02-13 - EST"
"2017-02-13 09:04:48 EST","I","lml0002@lml_com","DatabaseManager","Internet Connected, writing to online database - NOTES/LML/LIST/lml0002@lml_com - 1.0"
"2017-02-13 09:04:48 EST","I","lml0002@lml_com","DatabaseManager","Internet Connected, writing to online database - NOTES/LML/lml0002@lml_com/2017-02-13/Memory/Free/1486994688625 - 52.0"
"2017-02-13 09:04:48 EST","I","lml0002@lml_com","DatabaseManager","Internet Connected, writing to online database - NOTES/LML/lml0002@lml_com/DATES/2017-02-13 - EST"
"2017-02-13 09:04:48 EST","I","lml0002@lml_com","DatabaseManager","Internet Connected, writing to online database - NOTES/LML/LIST/lml0002@lml_com - 1.0"
"2017-02-13 09:04:48 EST","I","lml0002@lml_com","DatabaseManager","Internet Connected, writing to online database - NOTES/LML/lml0002@lml_com/2017-02-13/Battery/Available/1486994688758 - 3.0"
"2017-02-13 09:04:48 EST","I","lml0002@lml_com","DatabaseManager","Internet Connected, writing to online database - NOTES/LML/lml0002@lml_com/DATES/2017-02-13 - EST"
"2017-02-13 09:04:48 EST","I","lml0002@lml_com","DatabaseManager","Internet Connected, writing to online database - NOTES/LML/LIST/lml0002@lml_com - 1.0"
"2017-02-13 09:04:48 EST","I","lml0002@lml_com","DatabaseManager","Internet Connected, writing to online database - NOTES/LML/lml0002@lml_com/2017-02-13/Config/StartDate - Fri Feb 10 19:00:00 EST 2017"
"2017-02-13 09:04:48 EST","I","lml0002@lml_com","DatabaseManager","Internet Connected, writing to online database - NOTES/LML/lml0002@lml_com/DATES/2017-02-13 - EST"
"2017-02-13 09:04:48 EST","I","lml0002@lml_com","DatabaseManager","Internet Connected, writing to online database - NOTES/LML/LIST/lml0002@lml_com - 1.0"
"2017-02-13 09:04:48 EST","I","lml0002@lml_com","DatabaseManager","Internet Connected, writing to online database - NOTES/LML/lml0002@lml_com/2017-02-13/Config/EndDate - Tue Feb 28 16:00:00 EST 2017"
"2017-02-13 09:04:50 EST","I","lml0002@lml_com","DatabaseManager","Start fetching new study data from firebase on data change"
"2017-02-13 09:04:50 EST","I","lml0002@lml_com","DatabaseManager","Finish Fetching new study data from firebase on data change"
"2017-02-13 09:05:48 EST","I","lml0002@lml_com","DatabaseManager","Internet Connected, writing to online database - NOTES/LML/lml0002@lml_com/DATES/2017-02-13 - EST"
"2017-02-13 09:05:48 EST","I","lml0002@lml_com","DatabaseManager","Internet Connected, writing to online database - NOTES/LML/LIST/lml0002@lml_com - 1.0"
"2017-02-13 09:05:48 EST","I","lml0002@lml_com","DatabaseManager","Internet Connected, writing to online database - NOTES/LML/lml0002@lml_com/2017-02-13/MinuteService/1486994748631 - 60.0"
"2017-02-13 09:05:48 EST","I","lml0002@lml_com","DatabaseManager","Internet Connected, writing to online database - NOTES/LML/lml0002@lml_com/DATES/2017-02-13 - EST"
"2017-02-13 09:05:48 EST","I","lml0002@lml_com","DatabaseManager","Internet Connected, writing to online database - NOTES/LML/LIST/lml0002@lml_com - 1.0"
"2017-02-13 09:05:48 EST","I","lml0002@lml_com","DatabaseManager","Internet Connected, writing to online database - NOTES/LML/lml0002@lml_com/2017-02-13/Config/StartDate - Fri Feb 10 19:00:00 EST 2017"
"2017-02-13 09:05:48 EST","I","lml0002@lml_com","DatabaseManager","Internet Connected, writing to online database - NOTES/LML/lml0002@lml_com/DATES/2017-02-13 - EST"
"2017-02-13 09:05:49 EST","I","lml0002@lml_com","DatabaseManager","Internet Connected, writing to online database - NOTES/LML/LIST/lml0002@lml_com - 1.0"
"2017-02-13 09:05:49 EST","I","lml0002@lml_com","DatabaseManager","Internet Connected, writing to online database - NOTES/LML/lml0002@lml_com/2017-02-13/Config/EndDate - Tue Feb 28 16:00:00 EST 2017"
"2017-02-13 09:05:50 EST","I","lml0002@lml_com","DatabaseManager","Start fetching new study data from firebase on data change"
"2017-02-13 09:05:50 EST","I","lml0002@lml_com","DatabaseManager","Finish Fetching new study data from firebase on data change"
"2017-02-13 09:05:52 EST","I","lml0002@lml_com","DatabaseManager","Internet Connected, writing to online database - NOTES/LML/lml0002@lml_com/DATES/2017-02-13 - EST"
"2017-02-13 09:05:52 EST","I","lml0002@lml_com","DatabaseManager","Internet Connected, writing to online database - NOTES/LML/LIST/lml0002@lml_com - 1.0"
"2017-02-13 09:05:52 EST","I","lml0002@lml_com","DatabaseManager","Internet Connected, writing to online database - NOTES/LML/lml0002@lml_com/2017-02-13/Survey/Prompt/1486994752762 - EMA_0:1"
"2017-02-13 09:06:48 EST","I","lml0002@lml_com","DatabaseManager","Internet Connected, writing to online database - NOTES/LML/lml0002@lml_com/DATES/2017-02-13 - EST"
"2017-02-13 09:06:48 EST","I","lml0002@lml_com","DatabaseManager","Internet Connected, writing to online database - NOTES/LML/LIST/lml0002@lml_com - 1.0"
"2017-02-13 09:06:48 EST","I","lml0002@lml_com","DatabaseManager","Internet Connected, writing to online database - NOTES/LML/lml0002@lml_com/2017-02-13/MinuteService/1486994808636 - 60.0"
"2017-02-13 09:06:48 EST","I","lml0002@lml_com","DatabaseManager","Internet Connected, writing to online database - NOTES/LML/lml0002@lml_com/DATES/2017-02-13 - EST"
"2017-02-13 09:06:48 EST","I","lml0002@lml_com","DatabaseManager","Internet Connected, writing to online database - NOTES/LML/LIST/lml0002@lml_com - 1.0"
"2017-02-13 09:06:48 EST","I","lml0002@lml_com","DatabaseManager","Internet Connected, writing to online database - NOTES/LML/lml0002@lml_com/2017-02-13/Config/StartDate - Fri Feb 10 19:00:00 EST 2017"
"2017-02-13 09:06:48 EST","I","lml0002@lml_com","DatabaseManager","Internet Connected, writing to online database - NOTES/LML/lml0002@lml_com/DATES/2017-02-13 - EST"
"2017-02-13 09:06:48 EST","I","lml0002@lml_com","DatabaseManager","Internet Connected, writing to online database - NOTES/LML/LIST/lml0002@lml_com - 1.0"
"2017-02-13 09:06:48 EST","I","lml0002@lml_com","DatabaseManager","Internet Connected, writing to online database - NOTES/LML/lml0002@lml_com/2017-02-13/Config/EndDate - Tue Feb 28 16:00:00 EST 2017"
"2017-02-13 09:06:51 EST","I","lml0002@lml_com","DatabaseManager","Start fetching new study data from firebase on data change"
"2017-02-13 09:06:52 EST","I","lml0002@lml_com","DatabaseManager","Finish Fetching new study data from firebase on data change"
"2017-02-13 09:07:48 EST","I","lml0002@lml_com","DatabaseManager","Internet Connected, writing to online database - NOTES/LML/lml0002@lml_com/DATES/2017-02-13 - EST"
"2017-02-13 09:07:48 EST","I","lml0002@lml_com","DatabaseManager","Internet Connected, writing to online database - NOTES/LML/LIST/lml0002@lml_com - 1.0"
"2017-02-13 09:07:48 EST","I","lml0002@lml_com","DatabaseManager","Internet Connected, writing to online database - NOTES/LML/lml0002@lml_com/2017-02-13/MinuteService/1486994868845 - 60.0"
"2017-02-13 09:07:48 EST","I","lml0002@lml_com","DatabaseManager","Internet Connected, writing to online database - NOTES/LML/lml0002@lml_com/DATES/2017-02-13 - EST"
"2017-02-13 09:07:49 EST","I","lml0002@lml_com","DatabaseManager","Internet Connected, writing to online database - NOTES/LML/LIST/lml0002@lml_com - 1.0"
"2017-02-13 09:07:49 EST","I","lml0002@lml_com","DatabaseManager","Internet Connected, writing to online database - NOTES/LML/lml0002@lml_com/2017-02-13/Config/StartDate - Fri Feb 10 19:00:00 EST 2017"
"2017-02-13 09:07:49 EST","I","lml0002@lml_com","DatabaseManager","Internet Connected, writing to online database - NOTES/LML/lml0002@lml_com/DATES/2017-02-13 - EST"
"2017-02-13 09:07:49 EST","I","lml0002@lml_com","DatabaseManager","Internet Connected, writing to online database - NOTES/LML/LIST/lml0002@lml_com - 1.0"
"2017-02-13 09:07:49 EST","I","lml0002@lml_com","DatabaseManager","Internet Connected, writing to online database - NOTES/LML/lml0002@lml_com/2017-02-13/Config/EndDate - Tue Feb 28 16:00:00 EST 2017"
"2017-02-13 09:07:50 EST","I","lml0002@lml_com","DatabaseManager","Start fetching new study data from firebase on data change"
"2017-02-13 09:07:50 EST","I","lml0002@lml_com","DatabaseManager","Finish Fetching new study data from firebase on data change"
"2017-02-13 09:08:48 EST","I","lml0002@lml_com","DatabaseManager","Internet Connected, writing to online database - NOTES/LML/lml0002@lml_com/DATES/2017-02-13 - EST"
"2017-02-13 09:08:48 EST","I","lml0002@lml_com","DatabaseManager","Internet Connected, writing to online database - NOTES/LML/LIST/lml0002@lml_com - 1.0"
"2017-02-13 09:08:49 EST","I","lml0002@lml_com","DatabaseManager","Internet Connected, writing to online database - NOTES/LML/lml0002@lml_com/2017-02-13/MinuteService/1486994929024 - 60.0"
"2017-02-13 09:08:49 EST","I","lml0002@lml_com","DatabaseManager","Internet Connected, writing to online database - NOTES/LML/lml0002@lml_com/DATES/2017-02-13 - EST"
"2017-02-13 09:08:49 EST","I","lml0002@lml_com","DatabaseManager","Internet Connected, writing to online database - NOTES/LML/LIST/lml0002@lml_com - 1.0"
"2017-02-13 09:08:49 EST","I","lml0002@lml_com","DatabaseManager","Internet Connected, writing to online database - NOTES/LML/lml0002@lml_com/2017-02-13/Config/StartDate - Fri Feb 10 19:00:00 EST 2017"
"2017-02-13 09:08:49 EST","I","lml0002@lml_com","DatabaseManager","Internet Connected, writing to online database - NOTES/LML/lml0002@lml_com/DATES/2017-02-13 - EST"
"2017-02-13 09:08:49 EST","I","lml0002@lml_com","DatabaseManager","Internet Connected, writing to online database - NOTES/LML/LIST/lml0002@lml_com - 1.0"
"2017-02-13 09:08:49 EST","I","lml0002@lml_com","DatabaseManager","Internet Connected, writing to online database - NOTES/LML/lml0002@lml_com/2017-02-13/Config/EndDate - Tue Feb 28 16:00:00 EST 2017"
"2017-02-13 09:08:51 EST","I","lml0002@lml_com","DatabaseManager","Start fetching new study data from firebase on data change"
"2017-02-13 09:08:51 EST","I","lml0002@lml_com","DatabaseManager","Finish Fetching new study data from firebase on data change"
"2017-02-13 09:08:52 EST","I","lml0002@lml_com","DatabaseManager","Internet Connected, writing to online database - NOTES/LML/lml0002@lml_com/DATES/2017-02-13 - EST"
"2017-02-13 09:08:52 EST","I","lml0002@lml_com","DatabaseManager","Internet Connected, writing to online database - NOTES/LML/LIST/lml0002@lml_com - 1.0"
"2017-02-13 09:08:52 EST","I","lml0002@lml_com","DatabaseManager","Internet Connected, writing to online database - NOTES/LML/lml0002@lml_com/2017-02-13/Survey/Prompt/1486994932445 - EMA_0:2"
"2017-02-13 09:09:48 EST","I","lml0002@lml_com","DatabaseManager","Internet Connected, writing to online database - NOTES/LML/lml0002@lml_com/DATES/2017-02-13 - EST"
"2017-02-13 09:09:48 EST","I","lml0002@lml_com","DatabaseManager","Internet Connected, writing to online database - NOTES/LML/LIST/lml0002@lml_com - 1.0"
"2017-02-13 09:09:48 EST","I","lml0002@lml_com","DatabaseManager","Internet Connected, writing to online database - NOTES/LML/lml0002@lml_com/2017-02-13/MinuteService/1486994988900 - 60.0"
"2017-02-13 09:09:48 EST","I","lml0002@lml_com","DatabaseManager","Internet Connected, writing to online database - NOTES/LML/lml0002@lml_com/DATES/2017-02-13 - EST"
"2017-02-13 09:09:48 EST","I","lml0002@lml_com","DatabaseManager","Internet Connected, writing to online database - NOTES/LML/LIST/lml0002@lml_com - 1.0"
"2017-02-13 09:09:49 EST","I","lml0002@lml_com","DatabaseManager","Internet Connected, writing to online database - NOTES/LML/lml0002@lml_com/2017-02-13/Config/StartDate - Fri Feb 10 19:00:00 EST 2017"
"2017-02-13 09:09:49 EST","I","lml0002@lml_com","DatabaseManager","Internet Connected, writing to online database - NOTES/LML/lml0002@lml_com/DATES/2017-02-13 - EST"
"2017-02-13 09:09:49 EST","I","lml0002@lml_com","DatabaseManager","Internet Connected, writing to online database - NOTES/LML/LIST/lml0002@lml_com - 1.0"
"2017-02-13 09:09:49 EST","I","lml0002@lml_com","DatabaseManager","Internet Connected, writing to online database - NOTES/LML/lml0002@lml_com/2017-02-13/Config/EndDate - Tue Feb 28 16:00:00 EST 2017"
"2017-02-13 09:09:50 EST","I","lml0002@lml_com","DatabaseManager","Start fetching new study data from firebase on data change"
"2017-02-13 09:09:50 EST","I","lml0002@lml_com","DatabaseManager","Finish Fetching new study data from firebase on data change"
"2017-02-13 09:10:48 EST","I","lml0002@lml_com","DatabaseManager","Internet Connected, writing to online database - NOTES/LML/lml0002@lml_com/DATES/2017-02-13 - EST"
"2017-02-13 09:10:48 EST","I","lml0002@lml_com","DatabaseManager","Internet Connected, writing to online database - NOTES/LML/LIST/lml0002@lml_com - 1.0"
"2017-02-13 09:10:48 EST","I","lml0002@lml_com","DatabaseManager","Internet Connected, writing to online database - NOTES/LML/lml0002@lml_com/2017-02-13/MinuteService/1486995048962 - 60.0"
"2017-02-13 09:10:49 EST","I","lml0002@lml_com","DatabaseManager","Internet Connected, writing to online database - NOTES/LML/lml0002@lml_com/DATES/2017-02-13 - EST"
"2017-02-13 09:10:49 EST","I","lml0002@lml_com","DatabaseManager","Internet Connected, writing to online database - NOTES/LML/LIST/lml0002@lml_com - 1.0"
"2017-02-13 09:10:49 EST","I","lml0002@lml_com","DatabaseManager","Internet Connected, writing to online database - NOTES/LML/lml0002@lml_com/2017-02-13/Config/StartDate - Fri Feb 10 19:00:00 EST 2017"
"2017-02-13 09:10:49 EST","I","lml0002@lml_com","DatabaseManager","Internet Connected, writing to online database - NOTES/LML/lml0002@lml_com/DATES/2017-02-13 - EST"
"2017-02-13 09:10:49 EST","I","lml0002@lml_com","DatabaseManager","Internet Connected, writing to online database - NOTES/LML/LIST/lml0002@lml_com - 1.0"
"2017-02-13 09:10:49 EST","I","lml0002@lml_com","DatabaseManager","Internet Connected, writing to online database - NOTES/LML/lml0002@lml_com/2017-02-13/Config/EndDate - Tue Feb 28 16:00:00 EST 2017"
"2017-02-13 09:10:52 EST","I","lml0002@lml_com","DatabaseManager","Start fetching new study data from firebase on data change"
"2017-02-13 09:10:52 EST","I","lml0002@lml_com","DatabaseManager","Finish Fetching new study data from firebase on data change"
"2017-02-13 09:11:48 EST","I","lml0002@lml_com","DatabaseManager","Internet Connected, writing to online database - NOTES/LML/lml0002@lml_com/DATES/2017-02-13 - EST"
"2017-02-13 09:11:49 EST","I","lml0002@lml_com","DatabaseManager","Internet Connected, writing to online database - NOTES/LML/LIST/lml0002@lml_com - 1.0"
"2017-02-13 09:11:49 EST","I","lml0002@lml_com","DatabaseManager","Internet Connected, writing to online database - NOTES/LML/lml0002@lml_com/2017-02-13/MinuteService/1486995109061 - 60.0"
"2017-02-13 09:11:49 EST","I","lml0002@lml_com","DatabaseManager","Internet Connected, writing to online database - NOTES/LML/lml0002@lml_com/DATES/2017-02-13 - EST"
"2017-02-13 09:11:49 EST","I","lml0002@lml_com","DatabaseManager","Internet Connected, writing to online database - NOTES/LML/LIST/lml0002@lml_com - 1.0"
"2017-02-13 09:11:49 EST","I","lml0002@lml_com","DatabaseManager","Internet Connected, writing to online database - NOTES/LML/lml0002@lml_com/2017-02-13/Battery/Available/1486995109211 - 2.0"
"2017-02-13 09:11:49 EST","I","lml0002@lml_com","DatabaseManager","Internet Connected, writing to online database - NOTES/LML/lml0002@lml_com/DATES/2017-02-13 - EST"
"2017-02-13 09:11:49 EST","I","lml0002@lml_com","DatabaseManager","Internet Connected, writing to online database - NOTES/LML/LIST/lml0002@lml_com - 1.0"
"2017-02-13 09:11:49 EST","I","lml0002@lml_com","DatabaseManager","Internet Connected, writing to online database - NOTES/LML/lml0002@lml_com/2017-02-13/Config/StartDate - Fri Feb 10 19:00:00 EST 2017"
"2017-02-13 09:11:49 EST","I","lml0002@lml_com","DatabaseManager","Internet Connected, writing to online database - NOTES/LML/lml0002@lml_com/DATES/2017-02-13 - EST"
"2017-02-13 09:11:49 EST","I","lml0002@lml_com","DatabaseManager","Internet Connected, writing to online database - NOTES/LML/LIST/lml0002@lml_com - 1.0"
"2017-02-13 09:11:49 EST","I","lml0002@lml_com","DatabaseManager","Internet Connected, writing to online database - NOTES/LML/lml0002@lml_com/2017-02-13/Config/EndDate - Tue Feb 28 16:00:00 EST 2017"
"2017-02-13 09:11:50 EST","I","lml0002@lml_com","DatabaseManager","Start fetching new study data from firebase on data change"
"2017-02-13 09:11:50 EST","I","lml0002@lml_com","DatabaseManager","Finish Fetching new study data from firebase on data change"
"2017-02-13 09:12:49 EST","I","lml0002@lml_com","DatabaseManager","Internet Connected, writing to online database - NOTES/LML/lml0002@lml_com/DATES/2017-02-13 - EST"
"2017-02-13 09:12:49 EST","I","lml0002@lml_com","DatabaseManager","Internet Connected, writing to online database - NOTES/LML/LIST/lml0002@lml_com - 1.0"
"2017-02-13 09:12:49 EST","I","lml0002@lml_com","DatabaseManager","Internet Connected, writing to online database - NOTES/LML/lml0002@lml_com/2017-02-13/MinuteService/1486995169104 - 60.0"
"2017-02-13 09:12:49 EST","I","lml0002@lml_com","DatabaseManager","Internet Connected, writing to online database - NOTES/LML/lml0002@lml_com/DATES/2017-02-13 - EST"
"2017-02-13 09:12:49 EST","I","lml0002@lml_com","DatabaseManager","Internet Connected, writing to online database - NOTES/LML/LIST/lml0002@lml_com - 1.0"
"2017-02-13 09:12:49 EST","I","lml0002@lml_com","DatabaseManager","Internet Connected, writing to online database - NOTES/LML/lml0002@lml_com/2017-02-13/Config/StartDate - Fri Feb 10 19:00:00 EST 2017"
"2017-02-13 09:12:49 EST","I","lml0002@lml_com","DatabaseManager","Internet Connected, writing to online database - NOTES/LML/lml0002@lml_com/DATES/2017-02-13 - EST"
"2017-02-13 09:12:49 EST","I","lml0002@lml_com","DatabaseManager","Internet Connected, writing to online database - NOTES/LML/LIST/lml0002@lml_com - 1.0"
"2017-02-13 09:12:49 EST","I","lml0002@lml_com","DatabaseManager","Internet Connected, writing to online database - NOTES/LML/lml0002@lml_com/2017-02-13/Config/EndDate - Tue Feb 28 16:00:00 EST 2017"
"2017-02-13 09:12:52 EST","I","lml0002@lml_com","DatabaseManager","Internet Connected, writing to online database - NOTES/LML/lml0002@lml_com/DATES/2017-02-13 - EST"
"2017-02-13 09:12:52 EST","I","lml0002@lml_com","DatabaseManager","Internet Connected, writing to online database - NOTES/LML/LIST/lml0002@lml_com - 1.0"
"2017-02-13 09:12:52 EST","I","lml0002@lml_com","DatabaseManager","Internet Connected, writing to online database - NOTES/LML/lml0002@lml_com/2017-02-13/Survey/Complete/1486995172624 - [lml0002@lml_com, EMA_0, Reprompt, Never Started, 2017-02-13, Mon Feb 13 09:02:51 EST 2017, , , , , , , , , , , , , , , , , , , , , , , , , , , , , , ]"
"2017-02-13 09:12:54 EST","I","lml0002@lml_com","DatabaseManager","Start fetching new study data from firebase on data change"
"2017-02-13 09:12:54 EST","I","lml0002@lml_com","DatabaseManager","Finish Fetching new study data from firebase on data change"
"2017-02-13 09:13:49 EST","I","lml0002@lml_com","DatabaseManager","Internet Connected, writing to online database - NOTES/LML/lml0002@lml_com/DATES/2017-02-13 - EST"
"2017-02-13 09:13:49 EST","I","lml0002@lml_com","DatabaseManager","Internet Connected, writing to online database - NOTES/LML/LIST/lml0002@lml_com - 1.0"
"2017-02-13 09:13:49 EST","I","lml0002@lml_com","DatabaseManager","Internet Connected, writing to online database - NOTES/LML/lml0002@lml_com/2017-02-13/MinuteService/1486995229180 - 60.0"
"2017-02-13 09:13:49 EST","I","lml0002@lml_com","DatabaseManager","Internet Connected, writing to online database - NOTES/LML/lml0002@lml_com/DATES/2017-02-13 - EST"
"2017-02-13 09:13:49 EST","I","lml0002@lml_com","DatabaseManager","Internet Connected, writing to online database - NOTES/LML/LIST/lml0002@lml_com - 1.0"
"2017-02-13 09:13:49 EST","I","lml0002@lml_com","DatabaseManager","Internet Connected, writing to online database - NOTES/LML/lml0002@lml_com/2017-02-13/Memory/Free/1486995229267 - 53.0"
"2017-02-13 09:13:49 EST","I","lml0002@lml_com","DatabaseManager","Internet Connected, writing to online database - NOTES/LML/lml0002@lml_com/DATES/2017-02-13 - EST"
"2017-02-13 09:13:49 EST","I","lml0002@lml_com","DatabaseManager","Internet Connected, writing to online database - NOTES/LML/LIST/lml0002@lml_com - 1.0"
"2017-02-13 09:13:49 EST","I","lml0002@lml_com","DatabaseManager","Internet Connected, writing to online database - NOTES/LML/lml0002@lml_com/2017-02-13/Config/StartDate - Fri Feb 10 19:00:00 EST 2017"
"2017-02-13 09:13:49 EST","I","lml0002@lml_com","DatabaseManager","Internet Connected, writing to online database - NOTES/LML/lml0002@lml_com/DATES/2017-02-13 - EST"
"2017-02-13 09:13:49 EST","I","lml0002@lml_com","DatabaseManager","Internet Connected, writing to online database - NOTES/LML/LIST/lml0002@lml_com - 1.0"
"2017-02-13 09:13:49 EST","I","lml0002@lml_com","DatabaseManager","Internet Connected, writing to online database - NOTES/LML/lml0002@lml_com/2017-02-13/Config/EndDate - Tue Feb 28 16:00:00 EST 2017"
"2017-02-13 09:13:51 EST","I","lml0002@lml_com","DatabaseManager","Start fetching new study data from firebase on data change"
"2017-02-13 09:13:51 EST","I","lml0002@lml_com","DatabaseManager","Finish Fetching new study data from firebase on data change"
"2017-02-13 09:14:49 EST","I","lml0002@lml_com","DatabaseManager","Internet Connected, writing to online database - NOTES/LML/lml0002@lml_com/DATES/2017-02-13 - EST"
"2017-02-13 09:14:49 EST","I","lml0002@lml_com","DatabaseManager","Internet Connected, writing to online database - NOTES/LML/LIST/lml0002@lml_com - 1.0"
"2017-02-13 09:14:49 EST","I","lml0002@lml_com","DatabaseManager","Internet Connected, writing to online database - NOTES/LML/lml0002@lml_com/2017-02-13/MinuteService/1486995289317 - 60.0"
"2017-02-13 09:14:49 EST","I","lml0002@lml_com","DatabaseManager","Internet Connected, writing to online database - NOTES/LML/lml0002@lml_com/DATES/2017-02-13 - EST"
"2017-02-13 09:14:49 EST","I","lml0002@lml_com","DatabaseManager","Internet Connected, writing to online database - NOTES/LML/LIST/lml0002@lml_com - 1.0"
"2017-02-13 09:14:49 EST","I","lml0002@lml_com","DatabaseManager","Internet Connected, writing to online database - NOTES/LML/lml0002@lml_com/2017-02-13/Config/StartDate - Fri Feb 10 19:00:00 EST 2017"
"2017-02-13 09:14:49 EST","I","lml0002@lml_com","DatabaseManager","Internet Connected, writing to online database - NOTES/LML/lml0002@lml_com/DATES/2017-02-13 - EST"
"2017-02-13 09:14:49 EST","I","lml0002@lml_com","DatabaseManager","Internet Connected, writing to online database - NOTES/LML/LIST/lml0002@lml_com - 1.0"
"2017-02-13 09:14:49 EST","I","lml0002@lml_com","DatabaseManager","Internet Connected, writing to online database - NOTES/LML/lml0002@lml_com/2017-02-13/Config/EndDate - Tue Feb 28 16:00:00 EST 2017"
"2017-02-13 09:14:51 EST","I","lml0002@lml_com","DatabaseManager","Start fetching new study data from firebase on data change"
"2017-02-13 09:14:51 EST","I","lml0002@lml_com","DatabaseManager","Finish Fetching new study data from firebase on data change"
"2017-02-13 09:15:48 EST","I","lml0002@lml_com","DatabaseManager","Internet Connected, writing to online database - NOTES/LML/lml0002@lml_com/DATES/2017-02-13 - EST"
"2017-02-13 09:15:48 EST","I","lml0002@lml_com","DatabaseManager","Internet Connected, writing to online database - NOTES/LML/LIST/lml0002@lml_com - 1.0"
"2017-02-13 09:15:48 EST","I","lml0002@lml_com","DatabaseManager","Internet Connected, writing to online database - NOTES/LML/lml0002@lml_com/2017-02-13/MinuteService/1486995348471 - 59.0"
"2017-02-13 09:15:48 EST","I","lml0002@lml_com","DatabaseManager","Internet Connected, writing to online database - NOTES/LML/lml0002@lml_com/DATES/2017-02-13 - EST"
"2017-02-13 09:15:48 EST","I","lml0002@lml_com","DatabaseManager","Internet Connected, writing to online database - NOTES/LML/LIST/lml0002@lml_com - 1.0"
"2017-02-13 09:15:48 EST","I","lml0002@lml_com","DatabaseManager","Internet Connected, writing to online database - NOTES/LML/lml0002@lml_com/2017-02-13/Config/StartDate - Fri Feb 10 19:00:00 EST 2017"
"2017-02-13 09:15:48 EST","I","lml0002@lml_com","DatabaseManager","Internet Connected, writing to online database - NOTES/LML/lml0002@lml_com/DATES/2017-02-13 - EST"
"2017-02-13 09:15:48 EST","I","lml0002@lml_com","DatabaseManager","Internet Connected, writing to online database - NOTES/LML/LIST/lml0002@lml_com - 1.0"
"2017-02-13 09:15:48 EST","I","lml0002@lml_com","DatabaseManager","Internet Connected, writing to online database - NOTES/LML/lml0002@lml_com/2017-02-13/Config/EndDate - Tue Feb 28 16:00:00 EST 2017"
"2017-02-13 09:15:49 EST","I","lml0002@lml_com","DatabaseManager","Start fetching new study data from firebase on data change"
"2017-02-13 09:15:49 EST","I","lml0002@lml_com","DatabaseManager","Finish Fetching new study data from firebase on data change"
"2017-02-13 09:16:48 EST","I","lml0002@lml_com","DatabaseManager","Internet Connected, writing to online database - NOTES/LML/lml0002@lml_com/DATES/2017-02-13 - EST"
"2017-02-13 09:16:48 EST","I","lml0002@lml_com","DatabaseManager","Internet Connected, writing to online database - NOTES/LML/LIST/lml0002@lml_com - 1.0"
"2017-02-13 09:16:48 EST","I","lml0002@lml_com","DatabaseManager","Internet Connected, writing to online database - NOTES/LML/lml0002@lml_com/2017-02-13/MinuteService/1486995408501 - 60.0"
"2017-02-13 09:16:48 EST","I","lml0002@lml_com","DatabaseManager","Internet Connected, writing to online database - NOTES/LML/lml0002@lml_com/DATES/2017-02-13 - EST"
"2017-02-13 09:16:48 EST","I","lml0002@lml_com","DatabaseManager","Internet Connected, writing to online database - NOTES/LML/LIST/lml0002@lml_com - 1.0"
"2017-02-13 09:16:48 EST","I","lml0002@lml_com","DatabaseManager","Internet Connected, writing to online database - NOTES/LML/lml0002@lml_com/2017-02-13/Config/StartDate - Fri Feb 10 19:00:00 EST 2017"
"2017-02-13 09:16:48 EST","I","lml0002@lml_com","DatabaseManager","Internet Connected, writing to online database - NOTES/LML/lml0002@lml_com/DATES/2017-02-13 - EST"
"2017-02-13 09:16:48 EST","I","lml0002@lml_com","DatabaseManager","Internet Connected, writing to online database - NOTES/LML/LIST/lml0002@lml_com - 1.0"
"2017-02-13 09:16:48 EST","I","lml0002@lml_com","DatabaseManager","Internet Connected, writing to online database - NOTES/LML/lml0002@lml_com/2017-02-13/Config/EndDate - Tue Feb 28 16:00:00 EST 2017"
"2017-02-13 09:16:52 EST","I","lml0002@lml_com","DatabaseManager","Start fetching new study data from firebase on data change"
"2017-02-13 09:16:52 EST","I","lml0002@lml_com","DatabaseManager","Finish Fetching new study data from firebase on data change"
"2017-02-13 09:17:48 EST","I","lml0002@lml_com","DatabaseManager","Internet Connected, writing to online database - NOTES/LML/lml0002@lml_com/DATES/2017-02-13 - EST"
"2017-02-13 09:17:48 EST","I","lml0002@lml_com","DatabaseManager","Internet Connected, writing to online database - NOTES/LML/LIST/lml0002@lml_com - 1.0"
"2017-02-13 09:17:48 EST","I","lml0002@lml_com","DatabaseManager","Internet Connected, writing to online database - NOTES/LML/lml0002@lml_com/2017-02-13/MinuteService/1486995468546 - 60.0"
"2017-02-13 09:17:48 EST","I","lml0002@lml_com","DatabaseManager","Internet Connected, writing to online database - NOTES/LML/lml0002@lml_com/DATES/2017-02-13 - EST"
"2017-02-13 09:17:48 EST","I","lml0002@lml_com","DatabaseManager","Internet Connected, writing to online database - NOTES/LML/LIST/lml0002@lml_com - 1.0"
"2017-02-13 09:17:48 EST","I","lml0002@lml_com","DatabaseManager","Internet Connected, writing to online database - NOTES/LML/lml0002@lml_com/2017-02-13/Memory/Free/1486995468634 - 54.0"
"2017-02-13 09:17:48 EST","I","lml0002@lml_com","DatabaseManager","Internet Connected, writing to online database - NOTES/LML/lml0002@lml_com/DATES/2017-02-13 - EST"
"2017-02-13 09:17:48 EST","I","lml0002@lml_com","DatabaseManager","Internet Connected, writing to online database - NOTES/LML/LIST/lml0002@lml_com - 1.0"
"2017-02-13 09:17:48 EST","I","lml0002@lml_com","DatabaseManager","Internet Connected, writing to online database - NOTES/LML/lml0002@lml_com/2017-02-13/Config/StartDate - Fri Feb 10 19:00:00 EST 2017"
"2017-02-13 09:17:48 EST","I","lml0002@lml_com","DatabaseManager","Internet Connected, writing to online database - NOTES/LML/lml0002@lml_com/DATES/2017-02-13 - EST"
"2017-02-13 09:17:48 EST","I","lml0002@lml_com","DatabaseManager","Internet Connected, writing to online database - NOTES/LML/LIST/lml0002@lml_com - 1.0"
"2017-02-13 09:17:48 EST","I","lml0002@lml_com","DatabaseManager","Internet Connected, writing to online database - NOTES/LML/lml0002@lml_com/2017-02-13/Config/EndDate - Tue Feb 28 16:00:00 EST 2017"
"2017-02-13 09:17:50 EST","I","lml0002@lml_com","DatabaseManager","Start fetching new study data from firebase on data change"
"2017-02-13 09:17:50 EST","I","lml0002@lml_com","DatabaseManager","Finish Fetching new study data from firebase on data change"
"2017-02-13 09:18:48 EST","I","lml0002@lml_com","DatabaseManager","Internet Connected, writing to online database - NOTES/LML/lml0002@lml_com/DATES/2017-02-13 - EST"
"2017-02-13 09:18:48 EST","I","lml0002@lml_com","DatabaseManager","Internet Connected, writing to online database - NOTES/LML/LIST/lml0002@lml_com - 1.0"
"2017-02-13 09:18:48 EST","I","lml0002@lml_com","DatabaseManager","Internet Connected, writing to online database - NOTES/LML/lml0002@lml_com/2017-02-13/MinuteService/1486995528680 - 60.0"
"2017-02-13 09:18:48 EST","I","lml0002@lml_com","DatabaseManager","Internet Connected, writing to online database - NOTES/LML/lml0002@lml_com/DATES/2017-02-13 - EST"
"2017-02-13 09:18:48 EST","I","lml0002@lml_com","DatabaseManager","Internet Connected, writing to online database - NOTES/LML/LIST/lml0002@lml_com - 1.0"
"2017-02-13 09:18:48 EST","I","lml0002@lml_com","DatabaseManager","Internet Connected, writing to online database - NOTES/LML/lml0002@lml_com/2017-02-13/Config/StartDate - Fri Feb 10 19:00:00 EST 2017"
"2017-02-13 09:18:48 EST","I","lml0002@lml_com","DatabaseManager","Internet Connected, writing to online database - NOTES/LML/lml0002@lml_com/DATES/2017-02-13 - EST"
"2017-02-13 09:18:48 EST","I","lml0002@lml_com","DatabaseManager","Internet Connected, writing to online database - NOTES/LML/LIST/lml0002@lml_com - 1.0"
"2017-02-13 09:18:49 EST","I","lml0002@lml_com","DatabaseManager","Internet Connected, writing to online database - NOTES/LML/lml0002@lml_com/2017-02-13/Config/EndDate - Tue Feb 28 16:00:00 EST 2017"
"2017-02-13 09:18:52 EST","I","lml0002@lml_com","DatabaseManager","Start fetching new study data from firebase on data change"
"2017-02-13 09:18:52 EST","I","lml0002@lml_com","DatabaseManager","Finish Fetching new study data from firebase on data change"
"2017-02-13 09:19:48 EST","I","lml0002@lml_com","DatabaseManager","Internet Connected, writing to online database - NOTES/LML/lml0002@lml_com/DATES/2017-02-13 - EST"
"2017-02-13 09:19:48 EST","I","lml0002@lml_com","DatabaseManager","Internet Connected, writing to online database - NOTES/LML/LIST/lml0002@lml_com - 1.0"
"2017-02-13 09:19:48 EST","I","lml0002@lml_com","DatabaseManager","Internet Connected, writing to online database - NOTES/LML/lml0002@lml_com/2017-02-13/MinuteService/1486995588762 - 60.0"
"2017-02-13 09:19:48 EST","I","lml0002@lml_com","DatabaseManager","Internet Connected, writing to online database - NOTES/LML/lml0002@lml_com/DATES/2017-02-13 - EST"
"2017-02-13 09:19:48 EST","I","lml0002@lml_com","DatabaseManager","Internet Connected, writing to online database - NOTES/LML/LIST/lml0002@lml_com - 1.0"
"2017-02-13 09:19:48 EST","I","lml0002@lml_com","DatabaseManager","Internet Connected, writing to online database - NOTES/LML/lml0002@lml_com/2017-02-13/Config/StartDate - Fri Feb 10 19:00:00 EST 2017"
"2017-02-13 09:19:48 EST","I","lml0002@lml_com","DatabaseManager","Internet Connected, writing to online database - NOTES/LML/lml0002@lml_com/DATES/2017-02-13 - EST"
"2017-02-13 09:19:48 EST","I","lml0002@lml_com","DatabaseManager","Internet Connected, writing to online database - NOTES/LML/LIST/lml0002@lml_com - 1.0"
"2017-02-13 09:19:49 EST","I","lml0002@lml_com","DatabaseManager","Internet Connected, writing to online database - NOTES/LML/lml0002@lml_com/2017-02-13/Config/EndDate - Tue Feb 28 16:00:00 EST 2017"
"2017-02-13 09:19:49 EST","I","lml0002@lml_com","DatabaseManager","Start fetching new study data from firebase on data change"
"2017-02-13 09:19:50 EST","I","lml0002@lml_com","DatabaseManager","Finish Fetching new study data from firebase on data change"
"2017-02-13 09:20:48 EST","I","lml0002@lml_com","DatabaseManager","Internet Connected, writing to online database - NOTES/LML/lml0002@lml_com/DATES/2017-02-13 - EST"
"2017-02-13 09:20:48 EST","I","lml0002@lml_com","DatabaseManager","Internet Connected, writing to online database - NOTES/LML/LIST/lml0002@lml_com - 1.0"
"2017-02-13 09:20:48 EST","I","lml0002@lml_com","DatabaseManager","Internet Connected, writing to online database - NOTES/LML/lml0002@lml_com/2017-02-13/MinuteService/1486995648812 - 60.0"
"2017-02-13 09:20:48 EST","I","lml0002@lml_com","DatabaseManager","Internet Connected, writing to online database - NOTES/LML/lml0002@lml_com/DATES/2017-02-13 - EST"
"2017-02-13 09:20:48 EST","I","lml0002@lml_com","DatabaseManager","Internet Connected, writing to online database - NOTES/LML/LIST/lml0002@lml_com - 1.0"
"2017-02-13 09:20:48 EST","I","lml0002@lml_com","DatabaseManager","Internet Connected, writing to online database - NOTES/LML/lml0002@lml_com/2017-02-13/Config/StartDate - Fri Feb 10 19:00:00 EST 2017"
"2017-02-13 09:20:49 EST","I","lml0002@lml_com","DatabaseManager","Internet Connected, writing to online database - NOTES/LML/lml0002@lml_com/DATES/2017-02-13 - EST"
"2017-02-13 09:20:49 EST","I","lml0002@lml_com","DatabaseManager","Internet Connected, writing to online database - NOTES/LML/LIST/lml0002@lml_com - 1.0"
"2017-02-13 09:20:49 EST","I","lml0002@lml_com","DatabaseManager","Internet Connected, writing to online database - NOTES/LML/lml0002@lml_com/2017-02-13/Config/EndDate - Tue Feb 28 16:00:00 EST 2017"
"2017-02-13 09:20:49 EST","I","lml0002@lml_com","DatabaseManager","Start fetching new study data from firebase on data change"
"2017-02-13 09:20:49 EST","I","lml0002@lml_com","DatabaseManager","Finish Fetching new study data from firebase on data change"
"2017-02-13 09:21:48 EST","I","lml0002@lml_com","DatabaseManager","Internet Connected, writing to online database - NOTES/LML/lml0002@lml_com/DATES/2017-02-13 - EST"
"2017-02-13 09:21:48 EST","I","lml0002@lml_com","DatabaseManager","Internet Connected, writing to online database - NOTES/LML/LIST/lml0002@lml_com - 1.0"
"2017-02-13 09:21:48 EST","I","lml0002@lml_com","DatabaseManager","Internet Connected, writing to online database - NOTES/LML/lml0002@lml_com/2017-02-13/MinuteService/1486995708919 - 60.0"
"2017-02-13 09:21:48 EST","I","lml0002@lml_com","DatabaseManager","Internet Connected, writing to online database - NOTES/LML/lml0002@lml_com/DATES/2017-02-13 - EST"
"2017-02-13 09:21:49 EST","I","lml0002@lml_com","DatabaseManager","Internet Connected, writing to online database - NOTES/LML/LIST/lml0002@lml_com - 1.0"
"2017-02-13 09:21:49 EST","I","lml0002@lml_com","DatabaseManager","Internet Connected, writing to online database - NOTES/LML/lml0002@lml_com/2017-02-13/Config/StartDate - Fri Feb 10 19:00:00 EST 2017"
"2017-02-13 09:21:49 EST","I","lml0002@lml_com","DatabaseManager","Internet Connected, writing to online database - NOTES/LML/lml0002@lml_com/DATES/2017-02-13 - EST"
"2017-02-13 09:21:49 EST","I","lml0002@lml_com","DatabaseManager","Internet Connected, writing to online database - NOTES/LML/LIST/lml0002@lml_com - 1.0"
"2017-02-13 09:21:49 EST","I","lml0002@lml_com","DatabaseManager","Internet Connected, writing to online database - NOTES/LML/lml0002@lml_com/2017-02-13/Config/EndDate - Tue Feb 28 16:00:00 EST 2017"
"2017-02-13 09:21:50 EST","I","lml0002@lml_com","DatabaseManager","Start fetching new study data from firebase on data change"
"2017-02-13 09:21:50 EST","I","lml0002@lml_com","DatabaseManager","Finish Fetching new study data from firebase on data change"
"2017-02-13 09:22:48 EST","I","lml0002@lml_com","DatabaseManager","Internet Connected, writing to online database - NOTES/LML/lml0002@lml_com/DATES/2017-02-13 - EST"
"2017-02-13 09:22:49 EST","I","lml0002@lml_com","DatabaseManager","Internet Connected, writing to online database - NOTES/LML/LIST/lml0002@lml_com - 1.0"
"2017-02-13 09:22:49 EST","I","lml0002@lml_com","DatabaseManager","Internet Connected, writing to online database - NOTES/LML/lml0002@lml_com/2017-02-13/MinuteService/1486995769033 - 60.0"
"2017-02-13 09:22:49 EST","I","lml0002@lml_com","DatabaseManager","Internet Connected, writing to online database - NOTES/LML/lml0002@lml_com/DATES/2017-02-13 - EST"
"2017-02-13 09:22:49 EST","I","lml0002@lml_com","DatabaseManager","Internet Connected, writing to online database - NOTES/LML/LIST/lml0002@lml_com - 1.0"
"2017-02-13 09:22:49 EST","I","lml0002@lml_com","DatabaseManager","Internet Connected, writing to online database - NOTES/LML/lml0002@lml_com/2017-02-13/Battery/Available/1486995769131 - 1.0"
"2017-02-13 09:22:49 EST","I","lml0002@lml_com","DatabaseManager","Internet Connected, writing to online database - NOTES/LML/lml0002@lml_com/DATES/2017-02-13 - EST"
"2017-02-13 09:22:49 EST","I","lml0002@lml_com","DatabaseManager","Internet Connected, writing to online database - NOTES/LML/LIST/lml0002@lml_com - 1.0"
"2017-02-13 09:22:49 EST","I","lml0002@lml_com","DatabaseManager","Internet Connected, writing to online database - NOTES/LML/lml0002@lml_com/2017-02-13/Config/StartDate - Fri Feb 10 19:00:00 EST 2017"
"2017-02-13 09:22:49 EST","I","lml0002@lml_com","DatabaseManager","Internet Connected, writing to online database - NOTES/LML/lml0002@lml_com/DATES/2017-02-13 - EST"
"2017-02-13 09:22:49 EST","I","lml0002@lml_com","DatabaseManager","Internet Connected, writing to online database - NOTES/LML/LIST/lml0002@lml_com - 1.0"
"2017-02-13 09:22:49 EST","I","lml0002@lml_com","DatabaseManager","Internet Connected, writing to online database - NOTES/LML/lml0002@lml_com/2017-02-13/Config/EndDate - Tue Feb 28 16:00:00 EST 2017"
