"2017-02-23 02:01:02 PST","I","lml0101@lml_com","Util","Inside setMinuteServiceAlarmFromMinuteService"
"2017-02-23 02:01:02 PST","I","lml0101@lml_com","Util","MinuteService last run at - Thu Feb 23 02:01:02 PST 2017"
"2017-02-23 02:01:02 PST","I","lml0101@lml_com","Util","MinuteService next run at - Thu Feb 23 02:02:02 PST 2017"
"2017-02-23 02:01:02 PST","I","lml0101@lml_com","Util","Inside setBackupMinuteServiceAlarm"
"2017-02-23 02:01:02 PST","I","lml0101@lml_com","Util","BackupMinuteService last run at - Thu Feb 23 01:59:32 PST 2017"
"2017-02-23 02:01:02 PST","I","lml0101@lml_com","Util","BackupMinuteService next run at - Thu Feb 23 02:01:02 PST 2017"
"2017-02-23 02:01:59 PST","I","lml0101@lml_com","Util","Inside setMinuteServiceAlarmFromMinuteService"
"2017-02-23 02:01:59 PST","I","lml0101@lml_com","Util","MinuteService last run at - Thu Feb 23 02:01:59 PST 2017"
"2017-02-23 02:01:59 PST","I","lml0101@lml_com","Util","MinuteService next run at - Thu Feb 23 02:02:59 PST 2017"
"2017-02-23 02:01:59 PST","I","lml0101@lml_com","Util","Inside setBackupMinuteServiceAlarm"
"2017-02-23 02:01:59 PST","I","lml0101@lml_com","Util","BackupMinuteService last run at - Thu Feb 23 01:59:32 PST 2017"
"2017-02-23 02:01:59 PST","I","lml0101@lml_com","Util","BackupMinuteService next run at - Thu Feb 23 02:01:59 PST 2017"
"2017-02-23 02:02:59 PST","I","lml0101@lml_com","Util","Inside setMinuteServiceAlarmFromMinuteService"
"2017-02-23 02:02:59 PST","I","lml0101@lml_com","Util","MinuteService last run at - Thu Feb 23 02:02:59 PST 2017"
"2017-02-23 02:02:59 PST","I","lml0101@lml_com","Util","MinuteService next run at - Thu Feb 23 02:03:59 PST 2017"
"2017-02-23 02:02:59 PST","I","lml0101@lml_com","Util","Inside setBackupMinuteServiceAlarm"
"2017-02-23 02:02:59 PST","I","lml0101@lml_com","Util","BackupMinuteService last run at - Thu Feb 23 01:59:32 PST 2017"
"2017-02-23 02:02:59 PST","I","lml0101@lml_com","Util","BackupMinuteService next run at - Thu Feb 23 02:02:59 PST 2017"
"2017-02-23 02:03:59 PST","I","lml0101@lml_com","Util","Inside setMinuteServiceAlarmFromMinuteService"
"2017-02-23 02:03:59 PST","I","lml0101@lml_com","Util","MinuteService last run at - Thu Feb 23 02:03:59 PST 2017"
"2017-02-23 02:03:59 PST","I","lml0101@lml_com","Util","MinuteService next run at - Thu Feb 23 02:04:59 PST 2017"
"2017-02-23 02:03:59 PST","I","lml0101@lml_com","Util","Inside setBackupMinuteServiceAlarm"
"2017-02-23 02:03:59 PST","I","lml0101@lml_com","Util","BackupMinuteService last run at - Thu Feb 23 01:59:32 PST 2017"
"2017-02-23 02:03:59 PST","I","lml0101@lml_com","Util","BackupMinuteService next run at - Thu Feb 23 02:03:59 PST 2017"
"2017-02-23 02:04:59 PST","I","lml0101@lml_com","Util","Inside setMinuteServiceAlarmFromMinuteService"
"2017-02-23 02:04:59 PST","I","lml0101@lml_com","Util","MinuteService last run at - Thu Feb 23 02:04:59 PST 2017"
"2017-02-23 02:04:59 PST","I","lml0101@lml_com","Util","MinuteService next run at - Thu Feb 23 02:05:59 PST 2017"
"2017-02-23 02:04:59 PST","I","lml0101@lml_com","Util","Inside setBackupMinuteServiceAlarm"
"2017-02-23 02:04:59 PST","I","lml0101@lml_com","Util","BackupMinuteService last run at - Thu Feb 23 01:59:32 PST 2017"
"2017-02-23 02:04:59 PST","I","lml0101@lml_com","Util","BackupMinuteService next run at - Thu Feb 23 02:04:59 PST 2017"
"2017-02-23 02:05:59 PST","I","lml0101@lml_com","Util","Inside setMinuteServiceAlarmFromMinuteService"
"2017-02-23 02:05:59 PST","I","lml0101@lml_com","Util","MinuteService last run at - Thu Feb 23 02:05:59 PST 2017"
"2017-02-23 02:05:59 PST","I","lml0101@lml_com","Util","MinuteService next run at - Thu Feb 23 02:06:59 PST 2017"
"2017-02-23 02:05:59 PST","I","lml0101@lml_com","Util","Inside setBackupMinuteServiceAlarm"
"2017-02-23 02:05:59 PST","I","lml0101@lml_com","Util","BackupMinuteService last run at - Thu Feb 23 01:59:32 PST 2017"
"2017-02-23 02:05:59 PST","I","lml0101@lml_com","Util","BackupMinuteService next run at - Thu Feb 23 02:05:59 PST 2017"
"2017-02-23 02:06:59 PST","I","lml0101@lml_com","Util","Inside setMinuteServiceAlarmFromMinuteService"
"2017-02-23 02:06:59 PST","I","lml0101@lml_com","Util","MinuteService last run at - Thu Feb 23 02:06:59 PST 2017"
"2017-02-23 02:06:59 PST","I","lml0101@lml_com","Util","MinuteService next run at - Thu Feb 23 02:07:59 PST 2017"
"2017-02-23 02:06:59 PST","I","lml0101@lml_com","Util","Inside setBackupMinuteServiceAlarm"
"2017-02-23 02:06:59 PST","I","lml0101@lml_com","Util","BackupMinuteService last run at - Thu Feb 23 01:59:32 PST 2017"
"2017-02-23 02:06:59 PST","I","lml0101@lml_com","Util","BackupMinuteService next run at - Thu Feb 23 02:06:59 PST 2017"
"2017-02-23 02:07:59 PST","I","lml0101@lml_com","Util","Inside setMinuteServiceAlarmFromMinuteService"
"2017-02-23 02:07:59 PST","I","lml0101@lml_com","Util","MinuteService last run at - Thu Feb 23 02:07:59 PST 2017"
"2017-02-23 02:07:59 PST","I","lml0101@lml_com","Util","MinuteService next run at - Thu Feb 23 02:08:59 PST 2017"
"2017-02-23 02:07:59 PST","I","lml0101@lml_com","Util","Inside setBackupMinuteServiceAlarm"
"2017-02-23 02:07:59 PST","I","lml0101@lml_com","Util","BackupMinuteService last run at - Thu Feb 23 01:59:32 PST 2017"
"2017-02-23 02:07:59 PST","I","lml0101@lml_com","Util","BackupMinuteService next run at - Thu Feb 23 02:07:59 PST 2017"
"2017-02-23 02:08:59 PST","I","lml0101@lml_com","Util","Inside setMinuteServiceAlarmFromMinuteService"
"2017-02-23 02:08:59 PST","I","lml0101@lml_com","Util","MinuteService last run at - Thu Feb 23 02:08:59 PST 2017"
"2017-02-23 02:08:59 PST","I","lml0101@lml_com","Util","MinuteService next run at - Thu Feb 23 02:09:59 PST 2017"
"2017-02-23 02:08:59 PST","I","lml0101@lml_com","Util","Inside setBackupMinuteServiceAlarm"
"2017-02-23 02:08:59 PST","I","lml0101@lml_com","Util","BackupMinuteService last run at - Thu Feb 23 01:59:32 PST 2017"
"2017-02-23 02:08:59 PST","I","lml0101@lml_com","Util","BackupMinuteService next run at - Thu Feb 23 02:08:59 PST 2017"
"2017-02-23 02:09:32 PST","I","lml0101@lml_com","Util","Inside setBackupMinuteServiceAlarm"
"2017-02-23 02:09:32 PST","I","lml0101@lml_com","Util","BackupMinuteService last run at - Thu Feb 23 02:09:32 PST 2017"
"2017-02-23 02:09:32 PST","I","lml0101@lml_com","Util","BackupMinuteService next run at - Thu Feb 23 02:10:32 PST 2017"
"2017-02-23 02:09:59 PST","I","lml0101@lml_com","Util","Inside setMinuteServiceAlarmFromMinuteService"
"2017-02-23 02:09:59 PST","I","lml0101@lml_com","Util","MinuteService last run at - Thu Feb 23 02:09:59 PST 2017"
"2017-02-23 02:09:59 PST","I","lml0101@lml_com","Util","MinuteService next run at - Thu Feb 23 02:10:59 PST 2017"
"2017-02-23 02:09:59 PST","I","lml0101@lml_com","Util","Inside setBackupMinuteServiceAlarm"
"2017-02-23 02:09:59 PST","I","lml0101@lml_com","Util","BackupMinuteService last run at - Thu Feb 23 02:09:32 PST 2017"
"2017-02-23 02:09:59 PST","I","lml0101@lml_com","Util","BackupMinuteService next run at - Thu Feb 23 02:10:32 PST 2017"
"2017-02-23 02:10:59 PST","I","lml0101@lml_com","Util","Inside setMinuteServiceAlarmFromMinuteService"
"2017-02-23 02:10:59 PST","I","lml0101@lml_com","Util","MinuteService last run at - Thu Feb 23 02:10:59 PST 2017"
"2017-02-23 02:10:59 PST","I","lml0101@lml_com","Util","MinuteService next run at - Thu Feb 23 02:11:59 PST 2017"
"2017-02-23 02:10:59 PST","I","lml0101@lml_com","Util","Inside setBackupMinuteServiceAlarm"
"2017-02-23 02:10:59 PST","I","lml0101@lml_com","Util","BackupMinuteService last run at - Thu Feb 23 02:09:32 PST 2017"
"2017-02-23 02:10:59 PST","I","lml0101@lml_com","Util","BackupMinuteService next run at - Thu Feb 23 02:10:59 PST 2017"
"2017-02-23 02:11:59 PST","I","lml0101@lml_com","Util","Inside setMinuteServiceAlarmFromMinuteService"
"2017-02-23 02:11:59 PST","I","lml0101@lml_com","Util","MinuteService last run at - Thu Feb 23 02:11:59 PST 2017"
"2017-02-23 02:11:59 PST","I","lml0101@lml_com","Util","MinuteService next run at - Thu Feb 23 02:12:59 PST 2017"
"2017-02-23 02:11:59 PST","I","lml0101@lml_com","Util","Inside setBackupMinuteServiceAlarm"
"2017-02-23 02:11:59 PST","I","lml0101@lml_com","Util","BackupMinuteService last run at - Thu Feb 23 02:09:32 PST 2017"
"2017-02-23 02:11:59 PST","I","lml0101@lml_com","Util","BackupMinuteService next run at - Thu Feb 23 02:11:59 PST 2017"
"2017-02-23 02:12:59 PST","I","lml0101@lml_com","Util","Inside setMinuteServiceAlarmFromMinuteService"
"2017-02-23 02:12:59 PST","I","lml0101@lml_com","Util","MinuteService last run at - Thu Feb 23 02:12:59 PST 2017"
"2017-02-23 02:12:59 PST","I","lml0101@lml_com","Util","MinuteService next run at - Thu Feb 23 02:13:59 PST 2017"
"2017-02-23 02:12:59 PST","I","lml0101@lml_com","Util","Inside setBackupMinuteServiceAlarm"
"2017-02-23 02:12:59 PST","I","lml0101@lml_com","Util","BackupMinuteService last run at - Thu Feb 23 02:09:32 PST 2017"
"2017-02-23 02:12:59 PST","I","lml0101@lml_com","Util","BackupMinuteService next run at - Thu Feb 23 02:12:59 PST 2017"
"2017-02-23 02:13:59 PST","I","lml0101@lml_com","Util","Inside setMinuteServiceAlarmFromMinuteService"
"2017-02-23 02:13:59 PST","I","lml0101@lml_com","Util","MinuteService last run at - Thu Feb 23 02:13:59 PST 2017"
"2017-02-23 02:13:59 PST","I","lml0101@lml_com","Util","MinuteService next run at - Thu Feb 23 02:14:59 PST 2017"
"2017-02-23 02:13:59 PST","I","lml0101@lml_com","Util","Inside setBackupMinuteServiceAlarm"
"2017-02-23 02:13:59 PST","I","lml0101@lml_com","Util","BackupMinuteService last run at - Thu Feb 23 02:09:32 PST 2017"
"2017-02-23 02:13:59 PST","I","lml0101@lml_com","Util","BackupMinuteService next run at - Thu Feb 23 02:13:59 PST 2017"
"2017-02-23 02:14:59 PST","I","lml0101@lml_com","Util","Inside setMinuteServiceAlarmFromMinuteService"
"2017-02-23 02:14:59 PST","I","lml0101@lml_com","Util","MinuteService last run at - Thu Feb 23 02:14:59 PST 2017"
"2017-02-23 02:14:59 PST","I","lml0101@lml_com","Util","MinuteService next run at - Thu Feb 23 02:15:59 PST 2017"
"2017-02-23 02:14:59 PST","I","lml0101@lml_com","Util","Inside setBackupMinuteServiceAlarm"
"2017-02-23 02:14:59 PST","I","lml0101@lml_com","Util","BackupMinuteService last run at - Thu Feb 23 02:09:32 PST 2017"
"2017-02-23 02:14:59 PST","I","lml0101@lml_com","Util","BackupMinuteService next run at - Thu Feb 23 02:14:59 PST 2017"
"2017-02-23 02:15:59 PST","I","lml0101@lml_com","Util","Inside setMinuteServiceAlarmFromMinuteService"
"2017-02-23 02:15:59 PST","I","lml0101@lml_com","Util","MinuteService last run at - Thu Feb 23 02:15:59 PST 2017"
"2017-02-23 02:15:59 PST","I","lml0101@lml_com","Util","MinuteService next run at - Thu Feb 23 02:16:59 PST 2017"
"2017-02-23 02:15:59 PST","I","lml0101@lml_com","Util","Inside setBackupMinuteServiceAlarm"
"2017-02-23 02:15:59 PST","I","lml0101@lml_com","Util","BackupMinuteService last run at - Thu Feb 23 02:09:32 PST 2017"
"2017-02-23 02:15:59 PST","I","lml0101@lml_com","Util","BackupMinuteService next run at - Thu Feb 23 02:15:59 PST 2017"
"2017-02-23 02:16:59 PST","I","lml0101@lml_com","Util","Inside setMinuteServiceAlarmFromMinuteService"
"2017-02-23 02:16:59 PST","I","lml0101@lml_com","Util","MinuteService last run at - Thu Feb 23 02:16:59 PST 2017"
"2017-02-23 02:16:59 PST","I","lml0101@lml_com","Util","MinuteService next run at - Thu Feb 23 02:17:59 PST 2017"
"2017-02-23 02:16:59 PST","I","lml0101@lml_com","Util","Inside setBackupMinuteServiceAlarm"
"2017-02-23 02:16:59 PST","I","lml0101@lml_com","Util","BackupMinuteService last run at - Thu Feb 23 02:09:32 PST 2017"
"2017-02-23 02:16:59 PST","I","lml0101@lml_com","Util","BackupMinuteService next run at - Thu Feb 23 02:16:59 PST 2017"
"2017-02-23 02:17:59 PST","I","lml0101@lml_com","Util","Inside setMinuteServiceAlarmFromMinuteService"
"2017-02-23 02:17:59 PST","I","lml0101@lml_com","Util","MinuteService last run at - Thu Feb 23 02:17:59 PST 2017"
"2017-02-23 02:17:59 PST","I","lml0101@lml_com","Util","MinuteService next run at - Thu Feb 23 02:18:59 PST 2017"
"2017-02-23 02:17:59 PST","I","lml0101@lml_com","Util","Inside setBackupMinuteServiceAlarm"
"2017-02-23 02:17:59 PST","I","lml0101@lml_com","Util","BackupMinuteService last run at - Thu Feb 23 02:09:32 PST 2017"
"2017-02-23 02:17:59 PST","I","lml0101@lml_com","Util","BackupMinuteService next run at - Thu Feb 23 02:17:59 PST 2017"
"2017-02-23 02:18:59 PST","I","lml0101@lml_com","Util","Inside setMinuteServiceAlarmFromMinuteService"
"2017-02-23 02:18:59 PST","I","lml0101@lml_com","Util","MinuteService last run at - Thu Feb 23 02:18:59 PST 2017"
"2017-02-23 02:18:59 PST","I","lml0101@lml_com","Util","MinuteService next run at - Thu Feb 23 02:19:59 PST 2017"
"2017-02-23 02:18:59 PST","I","lml0101@lml_com","Util","Inside setBackupMinuteServiceAlarm"
"2017-02-23 02:18:59 PST","I","lml0101@lml_com","Util","BackupMinuteService last run at - Thu Feb 23 02:09:32 PST 2017"
"2017-02-23 02:18:59 PST","I","lml0101@lml_com","Util","BackupMinuteService next run at - Thu Feb 23 02:18:59 PST 2017"
"2017-02-23 02:19:32 PST","I","lml0101@lml_com","Util","Inside setBackupMinuteServiceAlarm"
"2017-02-23 02:19:32 PST","I","lml0101@lml_com","Util","BackupMinuteService last run at - Thu Feb 23 02:19:32 PST 2017"
"2017-02-23 02:19:32 PST","I","lml0101@lml_com","Util","BackupMinuteService next run at - Thu Feb 23 02:20:32 PST 2017"
"2017-02-23 02:19:59 PST","I","lml0101@lml_com","Util","Inside setMinuteServiceAlarmFromMinuteService"
"2017-02-23 02:19:59 PST","I","lml0101@lml_com","Util","MinuteService last run at - Thu Feb 23 02:19:59 PST 2017"
"2017-02-23 02:19:59 PST","I","lml0101@lml_com","Util","MinuteService next run at - Thu Feb 23 02:20:59 PST 2017"
"2017-02-23 02:19:59 PST","I","lml0101@lml_com","Util","Inside setBackupMinuteServiceAlarm"
"2017-02-23 02:19:59 PST","I","lml0101@lml_com","Util","BackupMinuteService last run at - Thu Feb 23 02:19:32 PST 2017"
"2017-02-23 02:19:59 PST","I","lml0101@lml_com","Util","BackupMinuteService next run at - Thu Feb 23 02:20:32 PST 2017"
"2017-02-23 02:20:59 PST","I","lml0101@lml_com","Util","Inside setMinuteServiceAlarmFromMinuteService"
"2017-02-23 02:20:59 PST","I","lml0101@lml_com","Util","MinuteService last run at - Thu Feb 23 02:20:59 PST 2017"
"2017-02-23 02:20:59 PST","I","lml0101@lml_com","Util","MinuteService next run at - Thu Feb 23 02:21:59 PST 2017"
"2017-02-23 02:20:59 PST","I","lml0101@lml_com","Util","Inside setBackupMinuteServiceAlarm"
"2017-02-23 02:20:59 PST","I","lml0101@lml_com","Util","BackupMinuteService last run at - Thu Feb 23 02:19:32 PST 2017"
"2017-02-23 02:20:59 PST","I","lml0101@lml_com","Util","BackupMinuteService next run at - Thu Feb 23 02:20:59 PST 2017"
"2017-02-23 02:21:59 PST","I","lml0101@lml_com","Util","Inside setMinuteServiceAlarmFromMinuteService"
"2017-02-23 02:21:59 PST","I","lml0101@lml_com","Util","MinuteService last run at - Thu Feb 23 02:21:59 PST 2017"
"2017-02-23 02:21:59 PST","I","lml0101@lml_com","Util","MinuteService next run at - Thu Feb 23 02:22:59 PST 2017"
"2017-02-23 02:21:59 PST","I","lml0101@lml_com","Util","Inside setBackupMinuteServiceAlarm"
"2017-02-23 02:21:59 PST","I","lml0101@lml_com","Util","BackupMinuteService last run at - Thu Feb 23 02:19:32 PST 2017"
"2017-02-23 02:21:59 PST","I","lml0101@lml_com","Util","BackupMinuteService next run at - Thu Feb 23 02:21:59 PST 2017"
"2017-02-23 02:22:59 PST","I","lml0101@lml_com","Util","Inside setMinuteServiceAlarmFromMinuteService"
"2017-02-23 02:22:59 PST","I","lml0101@lml_com","Util","MinuteService last run at - Thu Feb 23 02:22:59 PST 2017"
"2017-02-23 02:22:59 PST","I","lml0101@lml_com","Util","MinuteService next run at - Thu Feb 23 02:23:59 PST 2017"
"2017-02-23 02:22:59 PST","I","lml0101@lml_com","Util","Inside setBackupMinuteServiceAlarm"
"2017-02-23 02:22:59 PST","I","lml0101@lml_com","Util","BackupMinuteService last run at - Thu Feb 23 02:19:32 PST 2017"
"2017-02-23 02:22:59 PST","I","lml0101@lml_com","Util","BackupMinuteService next run at - Thu Feb 23 02:22:59 PST 2017"
"2017-02-23 02:23:59 PST","I","lml0101@lml_com","Util","Inside setMinuteServiceAlarmFromMinuteService"
"2017-02-23 02:23:59 PST","I","lml0101@lml_com","Util","MinuteService last run at - Thu Feb 23 02:23:59 PST 2017"
"2017-02-23 02:23:59 PST","I","lml0101@lml_com","Util","MinuteService next run at - Thu Feb 23 02:24:59 PST 2017"
"2017-02-23 02:24:00 PST","I","lml0101@lml_com","Util","Inside setBackupMinuteServiceAlarm"
"2017-02-23 02:24:00 PST","I","lml0101@lml_com","Util","BackupMinuteService last run at - Thu Feb 23 02:19:32 PST 2017"
"2017-02-23 02:24:00 PST","I","lml0101@lml_com","Util","BackupMinuteService next run at - Thu Feb 23 02:24:00 PST 2017"
"2017-02-23 02:24:59 PST","I","lml0101@lml_com","Util","Inside setMinuteServiceAlarmFromMinuteService"
"2017-02-23 02:24:59 PST","I","lml0101@lml_com","Util","MinuteService last run at - Thu Feb 23 02:24:59 PST 2017"
"2017-02-23 02:24:59 PST","I","lml0101@lml_com","Util","MinuteService next run at - Thu Feb 23 02:25:59 PST 2017"
"2017-02-23 02:25:00 PST","I","lml0101@lml_com","Util","Inside setBackupMinuteServiceAlarm"
"2017-02-23 02:25:00 PST","I","lml0101@lml_com","Util","BackupMinuteService last run at - Thu Feb 23 02:19:32 PST 2017"
"2017-02-23 02:25:00 PST","I","lml0101@lml_com","Util","BackupMinuteService next run at - Thu Feb 23 02:25:00 PST 2017"
"2017-02-23 02:26:00 PST","I","lml0101@lml_com","Util","Inside setMinuteServiceAlarmFromMinuteService"
"2017-02-23 02:26:00 PST","I","lml0101@lml_com","Util","MinuteService last run at - Thu Feb 23 02:26:00 PST 2017"
"2017-02-23 02:26:00 PST","I","lml0101@lml_com","Util","MinuteService next run at - Thu Feb 23 02:27:00 PST 2017"
"2017-02-23 02:26:00 PST","I","lml0101@lml_com","Util","Inside setBackupMinuteServiceAlarm"
"2017-02-23 02:26:00 PST","I","lml0101@lml_com","Util","BackupMinuteService last run at - Thu Feb 23 02:19:32 PST 2017"
"2017-02-23 02:26:00 PST","I","lml0101@lml_com","Util","BackupMinuteService next run at - Thu Feb 23 02:26:00 PST 2017"
"2017-02-23 02:26:59 PST","I","lml0101@lml_com","Util","Inside setMinuteServiceAlarmFromMinuteService"
"2017-02-23 02:26:59 PST","I","lml0101@lml_com","Util","MinuteService last run at - Thu Feb 23 02:26:59 PST 2017"
"2017-02-23 02:26:59 PST","I","lml0101@lml_com","Util","MinuteService next run at - Thu Feb 23 02:27:59 PST 2017"
"2017-02-23 02:27:00 PST","I","lml0101@lml_com","Util","Inside setBackupMinuteServiceAlarm"
"2017-02-23 02:27:00 PST","I","lml0101@lml_com","Util","BackupMinuteService last run at - Thu Feb 23 02:19:32 PST 2017"
"2017-02-23 02:27:00 PST","I","lml0101@lml_com","Util","BackupMinuteService next run at - Thu Feb 23 02:27:00 PST 2017"
"2017-02-23 02:28:00 PST","I","lml0101@lml_com","Util","Inside setMinuteServiceAlarmFromMinuteService"
"2017-02-23 02:28:00 PST","I","lml0101@lml_com","Util","MinuteService last run at - Thu Feb 23 02:28:00 PST 2017"
"2017-02-23 02:28:00 PST","I","lml0101@lml_com","Util","MinuteService next run at - Thu Feb 23 02:29:00 PST 2017"
"2017-02-23 02:28:00 PST","I","lml0101@lml_com","Util","Inside setBackupMinuteServiceAlarm"
"2017-02-23 02:28:00 PST","I","lml0101@lml_com","Util","BackupMinuteService last run at - Thu Feb 23 02:19:32 PST 2017"
"2017-02-23 02:28:00 PST","I","lml0101@lml_com","Util","BackupMinuteService next run at - Thu Feb 23 02:28:00 PST 2017"
"2017-02-23 02:29:00 PST","I","lml0101@lml_com","Util","Inside setMinuteServiceAlarmFromMinuteService"
"2017-02-23 02:29:00 PST","I","lml0101@lml_com","Util","MinuteService last run at - Thu Feb 23 02:29:00 PST 2017"
"2017-02-23 02:29:00 PST","I","lml0101@lml_com","Util","MinuteService next run at - Thu Feb 23 02:30:00 PST 2017"
"2017-02-23 02:29:00 PST","I","lml0101@lml_com","Util","Inside setBackupMinuteServiceAlarm"
"2017-02-23 02:29:00 PST","I","lml0101@lml_com","Util","BackupMinuteService last run at - Thu Feb 23 02:19:32 PST 2017"
"2017-02-23 02:29:00 PST","I","lml0101@lml_com","Util","BackupMinuteService next run at - Thu Feb 23 02:29:00 PST 2017"
"2017-02-23 02:29:32 PST","I","lml0101@lml_com","Util","Inside setBackupMinuteServiceAlarm"
"2017-02-23 02:29:32 PST","I","lml0101@lml_com","Util","BackupMinuteService last run at - Thu Feb 23 02:29:32 PST 2017"
"2017-02-23 02:29:32 PST","I","lml0101@lml_com","Util","BackupMinuteService next run at - Thu Feb 23 02:30:32 PST 2017"
"2017-02-23 02:30:00 PST","I","lml0101@lml_com","Util","Inside setMinuteServiceAlarmFromMinuteService"
"2017-02-23 02:30:00 PST","I","lml0101@lml_com","Util","MinuteService last run at - Thu Feb 23 02:30:00 PST 2017"
"2017-02-23 02:30:00 PST","I","lml0101@lml_com","Util","MinuteService next run at - Thu Feb 23 02:31:00 PST 2017"
"2017-02-23 02:30:00 PST","I","lml0101@lml_com","Util","Inside setBackupMinuteServiceAlarm"
"2017-02-23 02:30:00 PST","I","lml0101@lml_com","Util","BackupMinuteService last run at - Thu Feb 23 02:29:32 PST 2017"
"2017-02-23 02:30:00 PST","I","lml0101@lml_com","Util","BackupMinuteService next run at - Thu Feb 23 02:30:32 PST 2017"
"2017-02-23 02:31:00 PST","I","lml0101@lml_com","Util","Inside setMinuteServiceAlarmFromMinuteService"
"2017-02-23 02:31:00 PST","I","lml0101@lml_com","Util","MinuteService last run at - Thu Feb 23 02:31:00 PST 2017"
"2017-02-23 02:31:00 PST","I","lml0101@lml_com","Util","MinuteService next run at - Thu Feb 23 02:32:00 PST 2017"
"2017-02-23 02:31:00 PST","I","lml0101@lml_com","Util","Inside setBackupMinuteServiceAlarm"
"2017-02-23 02:31:00 PST","I","lml0101@lml_com","Util","BackupMinuteService last run at - Thu Feb 23 02:29:32 PST 2017"
"2017-02-23 02:31:00 PST","I","lml0101@lml_com","Util","BackupMinuteService next run at - Thu Feb 23 02:31:00 PST 2017"
"2017-02-23 02:32:00 PST","I","lml0101@lml_com","Util","Inside setMinuteServiceAlarmFromMinuteService"
"2017-02-23 02:32:00 PST","I","lml0101@lml_com","Util","MinuteService last run at - Thu Feb 23 02:32:00 PST 2017"
"2017-02-23 02:32:00 PST","I","lml0101@lml_com","Util","MinuteService next run at - Thu Feb 23 02:33:00 PST 2017"
"2017-02-23 02:32:00 PST","I","lml0101@lml_com","Util","Inside setBackupMinuteServiceAlarm"
"2017-02-23 02:32:00 PST","I","lml0101@lml_com","Util","BackupMinuteService last run at - Thu Feb 23 02:29:32 PST 2017"
"2017-02-23 02:32:00 PST","I","lml0101@lml_com","Util","BackupMinuteService next run at - Thu Feb 23 02:32:00 PST 2017"
"2017-02-23 02:33:00 PST","I","lml0101@lml_com","Util","Inside setMinuteServiceAlarmFromMinuteService"
"2017-02-23 02:33:00 PST","I","lml0101@lml_com","Util","MinuteService last run at - Thu Feb 23 02:33:00 PST 2017"
"2017-02-23 02:33:00 PST","I","lml0101@lml_com","Util","MinuteService next run at - Thu Feb 23 02:34:00 PST 2017"
"2017-02-23 02:33:00 PST","I","lml0101@lml_com","Util","Inside setBackupMinuteServiceAlarm"
"2017-02-23 02:33:00 PST","I","lml0101@lml_com","Util","BackupMinuteService last run at - Thu Feb 23 02:29:32 PST 2017"
"2017-02-23 02:33:00 PST","I","lml0101@lml_com","Util","BackupMinuteService next run at - Thu Feb 23 02:33:00 PST 2017"
"2017-02-23 02:34:00 PST","I","lml0101@lml_com","Util","Inside setMinuteServiceAlarmFromMinuteService"
"2017-02-23 02:34:00 PST","I","lml0101@lml_com","Util","MinuteService last run at - Thu Feb 23 02:34:00 PST 2017"
"2017-02-23 02:34:00 PST","I","lml0101@lml_com","Util","MinuteService next run at - Thu Feb 23 02:35:00 PST 2017"
"2017-02-23 02:34:00 PST","I","lml0101@lml_com","Util","Inside setBackupMinuteServiceAlarm"
"2017-02-23 02:34:00 PST","I","lml0101@lml_com","Util","BackupMinuteService last run at - Thu Feb 23 02:29:32 PST 2017"
"2017-02-23 02:34:00 PST","I","lml0101@lml_com","Util","BackupMinuteService next run at - Thu Feb 23 02:34:00 PST 2017"
"2017-02-23 02:35:00 PST","I","lml0101@lml_com","Util","Inside setMinuteServiceAlarmFromMinuteService"
"2017-02-23 02:35:00 PST","I","lml0101@lml_com","Util","MinuteService last run at - Thu Feb 23 02:35:00 PST 2017"
"2017-02-23 02:35:00 PST","I","lml0101@lml_com","Util","MinuteService next run at - Thu Feb 23 02:36:00 PST 2017"
"2017-02-23 02:35:00 PST","I","lml0101@lml_com","Util","Inside setBackupMinuteServiceAlarm"
"2017-02-23 02:35:00 PST","I","lml0101@lml_com","Util","BackupMinuteService last run at - Thu Feb 23 02:29:32 PST 2017"
"2017-02-23 02:35:00 PST","I","lml0101@lml_com","Util","BackupMinuteService next run at - Thu Feb 23 02:35:00 PST 2017"
"2017-02-23 02:36:00 PST","I","lml0101@lml_com","Util","Inside setMinuteServiceAlarmFromMinuteService"
"2017-02-23 02:36:00 PST","I","lml0101@lml_com","Util","MinuteService last run at - Thu Feb 23 02:36:00 PST 2017"
"2017-02-23 02:36:00 PST","I","lml0101@lml_com","Util","MinuteService next run at - Thu Feb 23 02:37:00 PST 2017"
"2017-02-23 02:36:00 PST","I","lml0101@lml_com","Util","Inside setBackupMinuteServiceAlarm"
"2017-02-23 02:36:00 PST","I","lml0101@lml_com","Util","BackupMinuteService last run at - Thu Feb 23 02:29:32 PST 2017"
"2017-02-23 02:36:00 PST","I","lml0101@lml_com","Util","BackupMinuteService next run at - Thu Feb 23 02:36:00 PST 2017"
"2017-02-23 02:37:00 PST","I","lml0101@lml_com","Util","Inside setMinuteServiceAlarmFromMinuteService"
"2017-02-23 02:37:00 PST","I","lml0101@lml_com","Util","MinuteService last run at - Thu Feb 23 02:37:00 PST 2017"
"2017-02-23 02:37:00 PST","I","lml0101@lml_com","Util","MinuteService next run at - Thu Feb 23 02:38:00 PST 2017"
"2017-02-23 02:37:00 PST","I","lml0101@lml_com","Util","Inside setBackupMinuteServiceAlarm"
"2017-02-23 02:37:00 PST","I","lml0101@lml_com","Util","BackupMinuteService last run at - Thu Feb 23 02:29:32 PST 2017"
"2017-02-23 02:37:00 PST","I","lml0101@lml_com","Util","BackupMinuteService next run at - Thu Feb 23 02:37:00 PST 2017"
"2017-02-23 02:38:00 PST","I","lml0101@lml_com","Util","Inside setMinuteServiceAlarmFromMinuteService"
"2017-02-23 02:38:00 PST","I","lml0101@lml_com","Util","MinuteService last run at - Thu Feb 23 02:38:00 PST 2017"
"2017-02-23 02:38:00 PST","I","lml0101@lml_com","Util","MinuteService next run at - Thu Feb 23 02:39:00 PST 2017"
"2017-02-23 02:38:00 PST","I","lml0101@lml_com","Util","Inside setBackupMinuteServiceAlarm"
"2017-02-23 02:38:00 PST","I","lml0101@lml_com","Util","BackupMinuteService last run at - Thu Feb 23 02:29:32 PST 2017"
"2017-02-23 02:38:00 PST","I","lml0101@lml_com","Util","BackupMinuteService next run at - Thu Feb 23 02:38:00 PST 2017"
"2017-02-23 02:39:00 PST","I","lml0101@lml_com","Util","Inside setMinuteServiceAlarmFromMinuteService"
"2017-02-23 02:39:00 PST","I","lml0101@lml_com","Util","MinuteService last run at - Thu Feb 23 02:39:00 PST 2017"
"2017-02-23 02:39:00 PST","I","lml0101@lml_com","Util","MinuteService next run at - Thu Feb 23 02:40:00 PST 2017"
"2017-02-23 02:39:00 PST","I","lml0101@lml_com","Util","Inside setBackupMinuteServiceAlarm"
"2017-02-23 02:39:00 PST","I","lml0101@lml_com","Util","BackupMinuteService last run at - Thu Feb 23 02:29:32 PST 2017"
"2017-02-23 02:39:00 PST","I","lml0101@lml_com","Util","BackupMinuteService next run at - Thu Feb 23 02:39:00 PST 2017"
"2017-02-23 02:39:32 PST","I","lml0101@lml_com","Util","Inside setBackupMinuteServiceAlarm"
"2017-02-23 02:39:32 PST","I","lml0101@lml_com","Util","BackupMinuteService last run at - Thu Feb 23 02:39:32 PST 2017"
"2017-02-23 02:39:32 PST","I","lml0101@lml_com","Util","BackupMinuteService next run at - Thu Feb 23 02:40:32 PST 2017"
"2017-02-23 02:40:00 PST","I","lml0101@lml_com","Util","Inside setMinuteServiceAlarmFromMinuteService"
"2017-02-23 02:40:00 PST","I","lml0101@lml_com","Util","MinuteService last run at - Thu Feb 23 02:40:00 PST 2017"
"2017-02-23 02:40:00 PST","I","lml0101@lml_com","Util","MinuteService next run at - Thu Feb 23 02:41:00 PST 2017"
"2017-02-23 02:40:00 PST","I","lml0101@lml_com","Util","Inside setBackupMinuteServiceAlarm"
"2017-02-23 02:40:00 PST","I","lml0101@lml_com","Util","BackupMinuteService last run at - Thu Feb 23 02:39:32 PST 2017"
"2017-02-23 02:40:00 PST","I","lml0101@lml_com","Util","BackupMinuteService next run at - Thu Feb 23 02:40:32 PST 2017"
"2017-02-23 02:41:00 PST","I","lml0101@lml_com","Util","Inside setMinuteServiceAlarmFromMinuteService"
"2017-02-23 02:41:00 PST","I","lml0101@lml_com","Util","MinuteService last run at - Thu Feb 23 02:41:00 PST 2017"
"2017-02-23 02:41:00 PST","I","lml0101@lml_com","Util","MinuteService next run at - Thu Feb 23 02:42:00 PST 2017"
"2017-02-23 02:41:00 PST","I","lml0101@lml_com","Util","Inside setBackupMinuteServiceAlarm"
"2017-02-23 02:41:00 PST","I","lml0101@lml_com","Util","BackupMinuteService last run at - Thu Feb 23 02:39:32 PST 2017"
"2017-02-23 02:41:00 PST","I","lml0101@lml_com","Util","BackupMinuteService next run at - Thu Feb 23 02:41:00 PST 2017"
"2017-02-23 02:42:00 PST","I","lml0101@lml_com","Util","Inside setMinuteServiceAlarmFromMinuteService"
"2017-02-23 02:42:00 PST","I","lml0101@lml_com","Util","MinuteService last run at - Thu Feb 23 02:42:00 PST 2017"
"2017-02-23 02:42:00 PST","I","lml0101@lml_com","Util","MinuteService next run at - Thu Feb 23 02:43:00 PST 2017"
"2017-02-23 02:42:00 PST","I","lml0101@lml_com","Util","Inside setBackupMinuteServiceAlarm"
"2017-02-23 02:42:00 PST","I","lml0101@lml_com","Util","BackupMinuteService last run at - Thu Feb 23 02:39:32 PST 2017"
"2017-02-23 02:42:00 PST","I","lml0101@lml_com","Util","BackupMinuteService next run at - Thu Feb 23 02:42:00 PST 2017"
"2017-02-23 02:43:00 PST","I","lml0101@lml_com","Util","Inside setMinuteServiceAlarmFromMinuteService"
"2017-02-23 02:43:00 PST","I","lml0101@lml_com","Util","MinuteService last run at - Thu Feb 23 02:43:00 PST 2017"
"2017-02-23 02:43:00 PST","I","lml0101@lml_com","Util","MinuteService next run at - Thu Feb 23 02:44:00 PST 2017"
"2017-02-23 02:43:00 PST","I","lml0101@lml_com","Util","Inside setBackupMinuteServiceAlarm"
"2017-02-23 02:43:00 PST","I","lml0101@lml_com","Util","BackupMinuteService last run at - Thu Feb 23 02:39:32 PST 2017"
"2017-02-23 02:43:00 PST","I","lml0101@lml_com","Util","BackupMinuteService next run at - Thu Feb 23 02:43:00 PST 2017"
"2017-02-23 02:44:00 PST","I","lml0101@lml_com","Util","Inside setMinuteServiceAlarmFromMinuteService"
"2017-02-23 02:44:00 PST","I","lml0101@lml_com","Util","MinuteService last run at - Thu Feb 23 02:44:00 PST 2017"
"2017-02-23 02:44:00 PST","I","lml0101@lml_com","Util","MinuteService next run at - Thu Feb 23 02:45:00 PST 2017"
"2017-02-23 02:44:00 PST","I","lml0101@lml_com","Util","Inside setBackupMinuteServiceAlarm"
"2017-02-23 02:44:00 PST","I","lml0101@lml_com","Util","BackupMinuteService last run at - Thu Feb 23 02:39:32 PST 2017"
"2017-02-23 02:44:00 PST","I","lml0101@lml_com","Util","BackupMinuteService next run at - Thu Feb 23 02:44:00 PST 2017"
"2017-02-23 02:45:00 PST","I","lml0101@lml_com","Util","Inside setMinuteServiceAlarmFromMinuteService"
"2017-02-23 02:45:00 PST","I","lml0101@lml_com","Util","MinuteService last run at - Thu Feb 23 02:45:00 PST 2017"
"2017-02-23 02:45:00 PST","I","lml0101@lml_com","Util","MinuteService next run at - Thu Feb 23 02:46:00 PST 2017"
"2017-02-23 02:45:00 PST","I","lml0101@lml_com","Util","Inside setBackupMinuteServiceAlarm"
"2017-02-23 02:45:00 PST","I","lml0101@lml_com","Util","BackupMinuteService last run at - Thu Feb 23 02:39:32 PST 2017"
"2017-02-23 02:45:00 PST","I","lml0101@lml_com","Util","BackupMinuteService next run at - Thu Feb 23 02:45:00 PST 2017"
"2017-02-23 02:46:00 PST","I","lml0101@lml_com","Util","Inside setMinuteServiceAlarmFromMinuteService"
"2017-02-23 02:46:00 PST","I","lml0101@lml_com","Util","MinuteService last run at - Thu Feb 23 02:46:00 PST 2017"
"2017-02-23 02:46:00 PST","I","lml0101@lml_com","Util","MinuteService next run at - Thu Feb 23 02:47:00 PST 2017"
"2017-02-23 02:46:00 PST","I","lml0101@lml_com","Util","Inside setBackupMinuteServiceAlarm"
"2017-02-23 02:46:00 PST","I","lml0101@lml_com","Util","BackupMinuteService last run at - Thu Feb 23 02:39:32 PST 2017"
"2017-02-23 02:46:00 PST","I","lml0101@lml_com","Util","BackupMinuteService next run at - Thu Feb 23 02:46:00 PST 2017"
"2017-02-23 02:47:00 PST","I","lml0101@lml_com","Util","Inside setMinuteServiceAlarmFromMinuteService"
"2017-02-23 02:47:00 PST","I","lml0101@lml_com","Util","MinuteService last run at - Thu Feb 23 02:47:00 PST 2017"
"2017-02-23 02:47:00 PST","I","lml0101@lml_com","Util","MinuteService next run at - Thu Feb 23 02:48:00 PST 2017"
"2017-02-23 02:47:00 PST","I","lml0101@lml_com","Util","Inside setBackupMinuteServiceAlarm"
"2017-02-23 02:47:00 PST","I","lml0101@lml_com","Util","BackupMinuteService last run at - Thu Feb 23 02:39:32 PST 2017"
"2017-02-23 02:47:00 PST","I","lml0101@lml_com","Util","BackupMinuteService next run at - Thu Feb 23 02:47:00 PST 2017"
"2017-02-23 02:48:00 PST","I","lml0101@lml_com","Util","Inside setMinuteServiceAlarmFromMinuteService"
"2017-02-23 02:48:00 PST","I","lml0101@lml_com","Util","MinuteService last run at - Thu Feb 23 02:48:00 PST 2017"
"2017-02-23 02:48:00 PST","I","lml0101@lml_com","Util","MinuteService next run at - Thu Feb 23 02:49:00 PST 2017"
"2017-02-23 02:48:00 PST","I","lml0101@lml_com","Util","Inside setBackupMinuteServiceAlarm"
"2017-02-23 02:48:00 PST","I","lml0101@lml_com","Util","BackupMinuteService last run at - Thu Feb 23 02:39:32 PST 2017"
"2017-02-23 02:48:00 PST","I","lml0101@lml_com","Util","BackupMinuteService next run at - Thu Feb 23 02:48:00 PST 2017"
"2017-02-23 02:49:00 PST","I","lml0101@lml_com","Util","Inside setMinuteServiceAlarmFromMinuteService"
"2017-02-23 02:49:00 PST","I","lml0101@lml_com","Util","MinuteService last run at - Thu Feb 23 02:49:00 PST 2017"
"2017-02-23 02:49:00 PST","I","lml0101@lml_com","Util","MinuteService next run at - Thu Feb 23 02:50:00 PST 2017"
"2017-02-23 02:49:00 PST","I","lml0101@lml_com","Util","Inside setBackupMinuteServiceAlarm"
"2017-02-23 02:49:00 PST","I","lml0101@lml_com","Util","BackupMinuteService last run at - Thu Feb 23 02:39:32 PST 2017"
"2017-02-23 02:49:00 PST","I","lml0101@lml_com","Util","BackupMinuteService next run at - Thu Feb 23 02:49:00 PST 2017"
"2017-02-23 02:49:32 PST","I","lml0101@lml_com","Util","Inside setBackupMinuteServiceAlarm"
"2017-02-23 02:49:32 PST","I","lml0101@lml_com","Util","BackupMinuteService last run at - Thu Feb 23 02:49:32 PST 2017"
"2017-02-23 02:49:32 PST","I","lml0101@lml_com","Util","BackupMinuteService next run at - Thu Feb 23 02:50:32 PST 2017"
"2017-02-23 02:50:00 PST","I","lml0101@lml_com","Util","Inside setMinuteServiceAlarmFromMinuteService"
"2017-02-23 02:50:00 PST","I","lml0101@lml_com","Util","MinuteService last run at - Thu Feb 23 02:50:00 PST 2017"
"2017-02-23 02:50:00 PST","I","lml0101@lml_com","Util","MinuteService next run at - Thu Feb 23 02:51:00 PST 2017"
"2017-02-23 02:50:00 PST","I","lml0101@lml_com","Util","Inside setBackupMinuteServiceAlarm"
"2017-02-23 02:50:00 PST","I","lml0101@lml_com","Util","BackupMinuteService last run at - Thu Feb 23 02:49:32 PST 2017"
"2017-02-23 02:50:00 PST","I","lml0101@lml_com","Util","BackupMinuteService next run at - Thu Feb 23 02:50:32 PST 2017"
"2017-02-23 02:51:00 PST","I","lml0101@lml_com","Util","Inside setMinuteServiceAlarmFromMinuteService"
"2017-02-23 02:51:00 PST","I","lml0101@lml_com","Util","MinuteService last run at - Thu Feb 23 02:51:00 PST 2017"
"2017-02-23 02:51:00 PST","I","lml0101@lml_com","Util","MinuteService next run at - Thu Feb 23 02:52:00 PST 2017"
"2017-02-23 02:51:00 PST","I","lml0101@lml_com","Util","Inside setBackupMinuteServiceAlarm"
"2017-02-23 02:51:00 PST","I","lml0101@lml_com","Util","BackupMinuteService last run at - Thu Feb 23 02:49:32 PST 2017"
"2017-02-23 02:51:00 PST","I","lml0101@lml_com","Util","BackupMinuteService next run at - Thu Feb 23 02:51:00 PST 2017"
"2017-02-23 02:52:00 PST","I","lml0101@lml_com","Util","Inside setMinuteServiceAlarmFromMinuteService"
"2017-02-23 02:52:00 PST","I","lml0101@lml_com","Util","MinuteService last run at - Thu Feb 23 02:52:00 PST 2017"
"2017-02-23 02:52:00 PST","I","lml0101@lml_com","Util","MinuteService next run at - Thu Feb 23 02:53:00 PST 2017"
"2017-02-23 02:52:00 PST","I","lml0101@lml_com","Util","Inside setBackupMinuteServiceAlarm"
"2017-02-23 02:52:00 PST","I","lml0101@lml_com","Util","BackupMinuteService last run at - Thu Feb 23 02:49:32 PST 2017"
"2017-02-23 02:52:00 PST","I","lml0101@lml_com","Util","BackupMinuteService next run at - Thu Feb 23 02:52:00 PST 2017"
"2017-02-23 02:53:00 PST","I","lml0101@lml_com","Util","Inside setMinuteServiceAlarmFromMinuteService"
"2017-02-23 02:53:00 PST","I","lml0101@lml_com","Util","MinuteService last run at - Thu Feb 23 02:53:00 PST 2017"
"2017-02-23 02:53:00 PST","I","lml0101@lml_com","Util","MinuteService next run at - Thu Feb 23 02:54:00 PST 2017"
"2017-02-23 02:53:00 PST","I","lml0101@lml_com","Util","Inside setBackupMinuteServiceAlarm"
"2017-02-23 02:53:00 PST","I","lml0101@lml_com","Util","BackupMinuteService last run at - Thu Feb 23 02:49:32 PST 2017"
"2017-02-23 02:53:00 PST","I","lml0101@lml_com","Util","BackupMinuteService next run at - Thu Feb 23 02:53:00 PST 2017"
"2017-02-23 02:54:00 PST","I","lml0101@lml_com","Util","Inside setMinuteServiceAlarmFromMinuteService"
"2017-02-23 02:54:00 PST","I","lml0101@lml_com","Util","MinuteService last run at - Thu Feb 23 02:54:00 PST 2017"
"2017-02-23 02:54:00 PST","I","lml0101@lml_com","Util","MinuteService next run at - Thu Feb 23 02:55:00 PST 2017"
"2017-02-23 02:54:00 PST","I","lml0101@lml_com","Util","Inside setBackupMinuteServiceAlarm"
"2017-02-23 02:54:00 PST","I","lml0101@lml_com","Util","BackupMinuteService last run at - Thu Feb 23 02:49:32 PST 2017"
"2017-02-23 02:54:00 PST","I","lml0101@lml_com","Util","BackupMinuteService next run at - Thu Feb 23 02:54:00 PST 2017"
"2017-02-23 02:55:00 PST","I","lml0101@lml_com","Util","Inside setMinuteServiceAlarmFromMinuteService"
"2017-02-23 02:55:00 PST","I","lml0101@lml_com","Util","MinuteService last run at - Thu Feb 23 02:55:00 PST 2017"
"2017-02-23 02:55:00 PST","I","lml0101@lml_com","Util","MinuteService next run at - Thu Feb 23 02:56:00 PST 2017"
"2017-02-23 02:55:00 PST","I","lml0101@lml_com","Util","Inside setBackupMinuteServiceAlarm"
"2017-02-23 02:55:00 PST","I","lml0101@lml_com","Util","BackupMinuteService last run at - Thu Feb 23 02:49:32 PST 2017"
"2017-02-23 02:55:00 PST","I","lml0101@lml_com","Util","BackupMinuteService next run at - Thu Feb 23 02:55:00 PST 2017"
"2017-02-23 02:56:00 PST","I","lml0101@lml_com","Util","Inside setMinuteServiceAlarmFromMinuteService"
"2017-02-23 02:56:00 PST","I","lml0101@lml_com","Util","MinuteService last run at - Thu Feb 23 02:56:00 PST 2017"
"2017-02-23 02:56:00 PST","I","lml0101@lml_com","Util","MinuteService next run at - Thu Feb 23 02:57:00 PST 2017"
"2017-02-23 02:56:00 PST","I","lml0101@lml_com","Util","Inside setBackupMinuteServiceAlarm"
"2017-02-23 02:56:00 PST","I","lml0101@lml_com","Util","BackupMinuteService last run at - Thu Feb 23 02:49:32 PST 2017"
"2017-02-23 02:56:00 PST","I","lml0101@lml_com","Util","BackupMinuteService next run at - Thu Feb 23 02:56:00 PST 2017"
"2017-02-23 02:57:00 PST","I","lml0101@lml_com","Util","Inside setMinuteServiceAlarmFromMinuteService"
"2017-02-23 02:57:00 PST","I","lml0101@lml_com","Util","MinuteService last run at - Thu Feb 23 02:57:00 PST 2017"
"2017-02-23 02:57:00 PST","I","lml0101@lml_com","Util","MinuteService next run at - Thu Feb 23 02:58:00 PST 2017"
"2017-02-23 02:57:00 PST","I","lml0101@lml_com","Util","Inside setBackupMinuteServiceAlarm"
"2017-02-23 02:57:00 PST","I","lml0101@lml_com","Util","BackupMinuteService last run at - Thu Feb 23 02:49:32 PST 2017"
"2017-02-23 02:57:00 PST","I","lml0101@lml_com","Util","BackupMinuteService next run at - Thu Feb 23 02:57:00 PST 2017"
"2017-02-23 02:58:00 PST","I","lml0101@lml_com","Util","Inside setMinuteServiceAlarmFromMinuteService"
"2017-02-23 02:58:00 PST","I","lml0101@lml_com","Util","MinuteService last run at - Thu Feb 23 02:58:00 PST 2017"
"2017-02-23 02:58:00 PST","I","lml0101@lml_com","Util","MinuteService next run at - Thu Feb 23 02:59:00 PST 2017"
"2017-02-23 02:58:00 PST","I","lml0101@lml_com","Util","Inside setBackupMinuteServiceAlarm"
"2017-02-23 02:58:00 PST","I","lml0101@lml_com","Util","BackupMinuteService last run at - Thu Feb 23 02:49:32 PST 2017"
"2017-02-23 02:58:00 PST","I","lml0101@lml_com","Util","BackupMinuteService next run at - Thu Feb 23 02:58:00 PST 2017"
"2017-02-23 02:59:00 PST","I","lml0101@lml_com","Util","Inside setMinuteServiceAlarmFromMinuteService"
"2017-02-23 02:59:00 PST","I","lml0101@lml_com","Util","MinuteService last run at - Thu Feb 23 02:59:00 PST 2017"
"2017-02-23 02:59:00 PST","I","lml0101@lml_com","Util","MinuteService next run at - Thu Feb 23 03:00:00 PST 2017"
"2017-02-23 02:59:00 PST","I","lml0101@lml_com","Util","Inside setBackupMinuteServiceAlarm"
"2017-02-23 02:59:00 PST","I","lml0101@lml_com","Util","BackupMinuteService last run at - Thu Feb 23 02:49:32 PST 2017"
"2017-02-23 02:59:00 PST","I","lml0101@lml_com","Util","BackupMinuteService next run at - Thu Feb 23 02:59:00 PST 2017"
"2017-02-23 02:59:32 PST","I","lml0101@lml_com","Util","Inside setBackupMinuteServiceAlarm"
"2017-02-23 02:59:32 PST","I","lml0101@lml_com","Util","BackupMinuteService last run at - Thu Feb 23 02:59:32 PST 2017"
"2017-02-23 02:59:32 PST","I","lml0101@lml_com","Util","BackupMinuteService next run at - Thu Feb 23 03:00:32 PST 2017"
