"2016-10-29 00:00:00 PDT","I","test2@match_com","AlwaysOnService","Received Intent - android.intent.action.TIME_TICK"
"2016-10-29 00:00:00 PDT","I","test2@match_com","BackupMinuteService","Inside onCreate"
"2016-10-29 00:00:00 PDT","I","test2@match_com","Util","Inside setBackupMinuteServiceAlarm"
"2016-10-29 00:00:00 PDT","I","test2@match_com","Util","BackupMinuteService last run at - Sat Oct 29 00:00:00 PDT 2016"
"2016-10-29 00:00:00 PDT","I","test2@match_com","Util","BackupMinuteService next run at - Sat Oct 29 00:01:00 PDT 2016"
"2016-10-29 00:00:00 PDT","I","test2@match_com","MinuteService","Inside onCreate"
"2016-10-29 00:00:00 PDT","I","test2@match_com","MinuteService","Minute Service Alarm was set by - MinuteService"
"2016-10-29 00:00:00 PDT","I","test2@match_com","MinuteService","Time since previous run - 5"
"2016-10-29 00:00:00 PDT","I","test2@match_com","MinuteService","Previous run within last 50 seconds, ignoring this run"
"2016-10-29 00:00:00 PDT","I","test2@match_com","UploadManagerService","Inside onCreate"
"2016-10-29 00:00:00 PDT","I","test2@match_com","UploadManagerService","Processing Logs"
"2016-10-29 00:00:00 PDT","I","test2@match_com","UploadManagerService","Processing Logs for Date - /storage/emulated/0/.MATCH/logs/2016-10-26"
"2016-10-29 00:00:00 PDT","I","test2@match_com","UploadManagerService","Processing Logs for Date - /storage/emulated/0/.MATCH/logs/2016-10-27"
"2016-10-29 00:00:00 PDT","I","test2@match_com","UploadManagerService","Processing Logs for Date - /storage/emulated/0/.MATCH/logs/2016-10-28"
"2016-10-29 00:00:00 PDT","I","test2@match_com","Zipper","zipFolderWithEncryption - /storage/emulated/0/.MATCH/logs/2016-10-28/23-PDT"
"2016-10-29 00:00:00 PDT","I","test2@match_com","Zipper","Creating ZipFile from Folder - /storage/emulated/0/.MATCH/logs/2016-10-28/23-PDT"
"2016-10-29 00:00:02 PDT","I","test2@match_com","Zipper","Deleting Folder - /storage/emulated/0/.MATCH/logs/2016-10-28/23-PDT"
"2016-10-29 00:00:02 PDT","I","test2@match_com","UploadManagerService","Processing Logs for Date - /storage/emulated/0/.MATCH/logs/2016-10-29"
"2016-10-29 00:00:02 PDT","I","test2@match_com","UploadManagerService","Processing Surveys"
"2016-10-29 00:00:02 PDT","I","test2@match_com","UploadManagerService","Processing past surveys - /storage/emulated/0/.MATCH/surveys/2016-10-28"
"2016-10-29 00:00:02 PDT","I","test2@match_com","Zipper","zipFolderWithEncryption - /storage/emulated/0/.MATCH/surveys/2016-10-28"
"2016-10-29 00:00:02 PDT","I","test2@match_com","Zipper","Creating ZipFile from Folder - /storage/emulated/0/.MATCH/surveys/2016-10-28"
"2016-10-29 00:00:02 PDT","I","test2@match_com","Zipper","Deleting Folder - /storage/emulated/0/.MATCH/surveys/2016-10-28"
"2016-10-29 00:00:02 PDT","I","test2@match_com","UploadManagerService","Processing Data files"
"2016-10-29 00:00:02 PDT","I","test2@match_com","UploadManagerService","Processing data for date - /storage/emulated/0/.MATCH/data/2016-10-26"
"2016-10-29 00:00:02 PDT","I","test2@match_com","UploadManagerService","Processing data for hour /storage/emulated/0/.MATCH/data/2016-10-26/19-PDT.zip.uploaded"
"2016-10-29 00:00:02 PDT","I","test2@match_com","UploadManagerService","Processing data for hour /storage/emulated/0/.MATCH/data/2016-10-26/13-PDT.zip.uploaded"
"2016-10-29 00:00:02 PDT","I","test2@match_com","UploadManagerService","Processing data for hour /storage/emulated/0/.MATCH/data/2016-10-26/14-PDT.zip.uploaded"
"2016-10-29 00:00:02 PDT","I","test2@match_com","UploadManagerService","Processing data for hour /storage/emulated/0/.MATCH/data/2016-10-26/15-PDT.zip.uploaded"
"2016-10-29 00:00:02 PDT","I","test2@match_com","UploadManagerService","Processing data for hour /storage/emulated/0/.MATCH/data/2016-10-26/16-PDT.zip.uploaded"
"2016-10-29 00:00:02 PDT","I","test2@match_com","UploadManagerService","Processing data for hour /storage/emulated/0/.MATCH/data/2016-10-26/17-PDT.zip.uploaded"
"2016-10-29 00:00:02 PDT","I","test2@match_com","UploadManagerService","Processing data for hour /storage/emulated/0/.MATCH/data/2016-10-26/21-PDT.zip.uploaded"
"2016-10-29 00:00:02 PDT","I","test2@match_com","UploadManagerService","Processing data for hour /storage/emulated/0/.MATCH/data/2016-10-26/22-PDT.zip.uploaded"
"2016-10-29 00:00:02 PDT","I","test2@match_com","UploadManagerService","Processing data for hour /storage/emulated/0/.MATCH/data/2016-10-26/18-PDT.zip.uploaded"
"2016-10-29 00:00:02 PDT","I","test2@match_com","UploadManagerService","Processing data for hour /storage/emulated/0/.MATCH/data/2016-10-26/20-PDT.zip.uploaded"
"2016-10-29 00:00:02 PDT","I","test2@match_com","UploadManagerService","Processing data for hour /storage/emulated/0/.MATCH/data/2016-10-26/23-PDT.zip.uploaded"
"2016-10-29 00:00:02 PDT","I","test2@match_com","UploadManagerService","Processing data for date - /storage/emulated/0/.MATCH/data/2016-10-27"
"2016-10-29 00:00:02 PDT","I","test2@match_com","UploadManagerService","Processing data for hour /storage/emulated/0/.MATCH/data/2016-10-27/01-PDT.zip.uploaded"
"2016-10-29 00:00:02 PDT","I","test2@match_com","UploadManagerService","Processing data for hour /storage/emulated/0/.MATCH/data/2016-10-27/03-PDT.zip.uploaded"
"2016-10-29 00:00:02 PDT","I","test2@match_com","UploadManagerService","Processing data for hour /storage/emulated/0/.MATCH/data/2016-10-27/04-PDT.zip.uploaded"
"2016-10-29 00:00:02 PDT","I","test2@match_com","UploadManagerService","Processing data for hour /storage/emulated/0/.MATCH/data/2016-10-27/06-PDT.zip.uploaded"
"2016-10-29 00:00:02 PDT","I","test2@match_com","UploadManagerService","Processing data for hour /storage/emulated/0/.MATCH/data/2016-10-27/00-PDT.zip.uploaded"
"2016-10-29 00:00:02 PDT","I","test2@match_com","UploadManagerService","Processing data for hour /storage/emulated/0/.MATCH/data/2016-10-27/02-PDT.zip.uploaded"
"2016-10-29 00:00:02 PDT","I","test2@match_com","UploadManagerService","Processing data for hour /storage/emulated/0/.MATCH/data/2016-10-27/05-PDT.zip.uploaded"
"2016-10-29 00:00:02 PDT","I","test2@match_com","UploadManagerService","Processing data for date - /storage/emulated/0/.MATCH/data/2016-10-28"
"2016-10-29 00:00:02 PDT","I","test2@match_com","UploadManagerService","Processing data for hour /storage/emulated/0/.MATCH/data/2016-10-28/23-PDT"
"2016-10-29 00:00:02 PDT","I","test2@match_com","Zipper","zipFolderWithEncryption - /storage/emulated/0/.MATCH/data/2016-10-28/23-PDT"
"2016-10-29 00:00:02 PDT","I","test2@match_com","Zipper","Creating ZipFile from Folder - /storage/emulated/0/.MATCH/data/2016-10-28/23-PDT"
"2016-10-29 00:00:03 PDT","I","test2@match_com","Zipper","Deleting Folder - /storage/emulated/0/.MATCH/data/2016-10-28/23-PDT"
"2016-10-29 00:00:03 PDT","I","test2@match_com","UploadManagerService","Processing data for hour /storage/emulated/0/.MATCH/data/2016-10-28/13-PDT.zip"
"2016-10-29 00:00:03 PDT","I","test2@match_com","UploadManagerService","Processing data for hour /storage/emulated/0/.MATCH/data/2016-10-28/14-PDT.zip"
"2016-10-29 00:00:03 PDT","I","test2@match_com","UploadManagerService","Processing data for hour /storage/emulated/0/.MATCH/data/2016-10-28/15-PDT.zip"
"2016-10-29 00:00:03 PDT","I","test2@match_com","UploadManagerService","Processing data for hour /storage/emulated/0/.MATCH/data/2016-10-28/16-PDT.zip"
"2016-10-29 00:00:03 PDT","I","test2@match_com","UploadManagerService","Processing data for hour /storage/emulated/0/.MATCH/data/2016-10-28/17-PDT.zip"
"2016-10-29 00:00:03 PDT","I","test2@match_com","UploadManagerService","Processing data for hour /storage/emulated/0/.MATCH/data/2016-10-28/18-PDT.zip"
"2016-10-29 00:00:03 PDT","I","test2@match_com","UploadManagerService","Processing data for hour /storage/emulated/0/.MATCH/data/2016-10-28/19-PDT.zip"
"2016-10-29 00:00:03 PDT","I","test2@match_com","UploadManagerService","Processing data for hour /storage/emulated/0/.MATCH/data/2016-10-28/20-PDT.zip"
"2016-10-29 00:00:03 PDT","I","test2@match_com","UploadManagerService","Processing data for hour /storage/emulated/0/.MATCH/data/2016-10-28/21-PDT.zip"
"2016-10-29 00:00:03 PDT","I","test2@match_com","UploadManagerService","Processing data for hour /storage/emulated/0/.MATCH/data/2016-10-28/22-PDT.zip"
"2016-10-29 00:00:03 PDT","I","test2@match_com","UploadManagerService","Internet is not connected. Not trying to upload files."
"2016-10-29 00:00:03 PDT","I","test2@match_com","BackupMinuteService","Inside onDestroy"
"2016-10-29 00:00:03 PDT","I","test2@match_com","UploadManagerService","Inside onDestroy"
"2016-10-29 00:00:03 PDT","I","test2@match_com","MinuteService","Inside onDestroy"
"2016-10-29 00:00:17 PDT","I","test2@match_com","AlwaysOnService","Received Intent - android.intent.action.BATTERY_CHANGED"
"2016-10-29 00:00:55 PDT","I","test2@match_com","MinuteService","Inside onCreate"
"2016-10-29 00:00:55 PDT","I","test2@match_com","MinuteService","Minute Service Alarm was set by - MinuteService"
"2016-10-29 00:00:55 PDT","I","test2@match_com","MinuteService","Time since previous run - 60"
"2016-10-29 00:00:55 PDT","I","test2@match_com","MinuteService","Setting Minute Service Last Run"
"2016-10-29 00:00:55 PDT","I","test2@match_com","MinuteService","Setting Minute Service Alarm"
"2016-10-29 00:00:55 PDT","I","test2@match_com","Util","Inside setMinuteServiceAlarmFromMinuteService"
"2016-10-29 00:00:55 PDT","I","test2@match_com","Util","MinuteService last run at - Sat Oct 29 00:00:55 PDT 2016"
"2016-10-29 00:00:55 PDT","I","test2@match_com","Util","MinuteService next run at - Sat Oct 29 00:01:55 PDT 2016"
"2016-10-29 00:00:55 PDT","I","test2@match_com","MinuteService","Setting Minute Service Backup Alarm"
"2016-10-29 00:00:55 PDT","I","test2@match_com","Util","Inside setBackupMinuteServiceAlarm"
"2016-10-29 00:00:55 PDT","I","test2@match_com","Util","BackupMinuteService last run at - Sat Oct 29 00:00:00 PDT 2016"
"2016-10-29 00:00:55 PDT","I","test2@match_com","Util","BackupMinuteService next run at - Sat Oct 29 00:01:00 PDT 2016"
"2016-10-29 00:00:55 PDT","I","test2@match_com","MinuteService","Initializing MATCHConstants"
"2016-10-29 00:00:55 PDT","I","test2@match_com","MinuteService","Notifying user about minute service run"
"2016-10-29 00:00:55 PDT","I","test2@match_com","MinuteService","Writing status to Firebase Database"
"2016-10-29 00:00:55 PDT","I","test2@match_com","MinuteService","Logging Network Status"
"2016-10-29 00:00:55 PDT","I","test2@match_com","ConnectivityManager","isConnected - false - isWifi - false - isMobileInternet - false"
"2016-10-29 00:00:55 PDT","I","test2@match_com","MinuteService","Logging Battery Status"
"2016-10-29 00:00:56 PDT","I","test2@match_com","BatteryManager","Percentage - 76 - isCharging - true - isUSBCharging - false - isACCharging - true - isWirelessCharging - false"
"2016-10-29 00:00:56 PDT","I","test2@match_com","MinuteService","Logging Memory Status"
"2016-10-29 00:00:56 PDT","I","test2@match_com","MemoryManager","Total Memory,898,Available Memory,402,Threshold Memory,144,IsLowMemory,false"
"2016-10-29 00:00:56 PDT","I","test2@match_com","MinuteService","Logging Storage Status"
"2016-10-29 00:00:56 PDT","I","test2@match_com","StorageManager","Internal Total,2247,Internal Free,589,External Total,4637,External Free,3938"
"2016-10-29 00:00:56 PDT","I","test2@match_com","MinuteService","Logging Power Status"
"2016-10-29 00:00:56 PDT","I","test2@match_com","PowerManager","isDeviceIdleMode - false - isInteractive - false - isPowerSaveMode - false - isSustainedPerformanceModeSupported - false"
"2016-10-29 00:00:56 PDT","I","test2@match_com","MinuteService","Logging Notifications Status"
"2016-10-29 00:00:56 PDT","I","test2@match_com","NotificationManager","AreNotificationsEnabled - true - Importance - Unspecified"
"2016-10-29 00:00:56 PDT","I","test2@match_com","MinuteService","Logging Location"
"2016-10-29 00:00:56 PDT","I","test2@match_com","MinuteService","Fetching latest study data"
"2016-10-29 00:00:56 PDT","I","test2@match_com","MinuteService","Starting UploadManagerService"
"2016-10-29 00:00:56 PDT","I","test2@match_com","MinuteService","Starting SurveyManagerService"
"2016-10-29 00:00:56 PDT","I","test2@match_com","UploadManagerService","Inside onCreate"
"2016-10-29 00:00:56 PDT","I","test2@match_com","UploadManagerService","Processing Logs"
"2016-10-29 00:00:56 PDT","I","test2@match_com","UploadManagerService","Processing Logs for Date - /storage/emulated/0/.MATCH/logs/2016-10-26"
"2016-10-29 00:00:56 PDT","I","test2@match_com","UploadManagerService","Processing Logs for Date - /storage/emulated/0/.MATCH/logs/2016-10-27"
"2016-10-29 00:00:56 PDT","I","test2@match_com","UploadManagerService","Processing Logs for Date - /storage/emulated/0/.MATCH/logs/2016-10-28"
"2016-10-29 00:00:56 PDT","I","test2@match_com","UploadManagerService","Processing Logs for Date - /storage/emulated/0/.MATCH/logs/2016-10-29"
"2016-10-29 00:00:56 PDT","I","test2@match_com","UploadManagerService","Processing Surveys"
"2016-10-29 00:00:56 PDT","I","test2@match_com","UploadManagerService","Processing Data files"
"2016-10-29 00:00:56 PDT","I","test2@match_com","UploadManagerService","Processing data for date - /storage/emulated/0/.MATCH/data/2016-10-26"
"2016-10-29 00:00:56 PDT","I","test2@match_com","UploadManagerService","Processing data for hour /storage/emulated/0/.MATCH/data/2016-10-26/19-PDT.zip.uploaded"
"2016-10-29 00:00:56 PDT","I","test2@match_com","UploadManagerService","Processing data for hour /storage/emulated/0/.MATCH/data/2016-10-26/13-PDT.zip.uploaded"
"2016-10-29 00:00:56 PDT","I","test2@match_com","UploadManagerService","Processing data for hour /storage/emulated/0/.MATCH/data/2016-10-26/14-PDT.zip.uploaded"
"2016-10-29 00:00:56 PDT","I","test2@match_com","UploadManagerService","Processing data for hour /storage/emulated/0/.MATCH/data/2016-10-26/15-PDT.zip.uploaded"
"2016-10-29 00:00:56 PDT","I","test2@match_com","UploadManagerService","Processing data for hour /storage/emulated/0/.MATCH/data/2016-10-26/16-PDT.zip.uploaded"
"2016-10-29 00:00:56 PDT","I","test2@match_com","UploadManagerService","Processing data for hour /storage/emulated/0/.MATCH/data/2016-10-26/17-PDT.zip.uploaded"
"2016-10-29 00:00:56 PDT","I","test2@match_com","UploadManagerService","Processing data for hour /storage/emulated/0/.MATCH/data/2016-10-26/21-PDT.zip.uploaded"
"2016-10-29 00:00:56 PDT","I","test2@match_com","UploadManagerService","Processing data for hour /storage/emulated/0/.MATCH/data/2016-10-26/22-PDT.zip.uploaded"
"2016-10-29 00:00:56 PDT","I","test2@match_com","UploadManagerService","Processing data for hour /storage/emulated/0/.MATCH/data/2016-10-26/18-PDT.zip.uploaded"
"2016-10-29 00:00:56 PDT","I","test2@match_com","UploadManagerService","Processing data for hour /storage/emulated/0/.MATCH/data/2016-10-26/20-PDT.zip.uploaded"
"2016-10-29 00:00:56 PDT","I","test2@match_com","UploadManagerService","Processing data for hour /storage/emulated/0/.MATCH/data/2016-10-26/23-PDT.zip.uploaded"
"2016-10-29 00:00:56 PDT","I","test2@match_com","UploadManagerService","Processing data for date - /storage/emulated/0/.MATCH/data/2016-10-27"
"2016-10-29 00:00:56 PDT","I","test2@match_com","UploadManagerService","Processing data for hour /storage/emulated/0/.MATCH/data/2016-10-27/01-PDT.zip.uploaded"
"2016-10-29 00:00:56 PDT","I","test2@match_com","UploadManagerService","Processing data for hour /storage/emulated/0/.MATCH/data/2016-10-27/03-PDT.zip.uploaded"
"2016-10-29 00:00:56 PDT","I","test2@match_com","UploadManagerService","Processing data for hour /storage/emulated/0/.MATCH/data/2016-10-27/04-PDT.zip.uploaded"
"2016-10-29 00:00:56 PDT","I","test2@match_com","UploadManagerService","Processing data for hour /storage/emulated/0/.MATCH/data/2016-10-27/06-PDT.zip.uploaded"
"2016-10-29 00:00:56 PDT","I","test2@match_com","UploadManagerService","Processing data for hour /storage/emulated/0/.MATCH/data/2016-10-27/00-PDT.zip.uploaded"
"2016-10-29 00:00:56 PDT","I","test2@match_com","UploadManagerService","Processing data for hour /storage/emulated/0/.MATCH/data/2016-10-27/02-PDT.zip.uploaded"
"2016-10-29 00:00:56 PDT","I","test2@match_com","UploadManagerService","Processing data for hour /storage/emulated/0/.MATCH/data/2016-10-27/05-PDT.zip.uploaded"
"2016-10-29 00:00:56 PDT","I","test2@match_com","UploadManagerService","Processing data for date - /storage/emulated/0/.MATCH/data/2016-10-28"
"2016-10-29 00:00:56 PDT","I","test2@match_com","UploadManagerService","Processing data for hour /storage/emulated/0/.MATCH/data/2016-10-28/13-PDT.zip"
"2016-10-29 00:00:56 PDT","I","test2@match_com","UploadManagerService","Processing data for hour /storage/emulated/0/.MATCH/data/2016-10-28/14-PDT.zip"
"2016-10-29 00:00:56 PDT","I","test2@match_com","UploadManagerService","Processing data for hour /storage/emulated/0/.MATCH/data/2016-10-28/15-PDT.zip"
"2016-10-29 00:00:56 PDT","I","test2@match_com","UploadManagerService","Processing data for hour /storage/emulated/0/.MATCH/data/2016-10-28/16-PDT.zip"
"2016-10-29 00:00:56 PDT","I","test2@match_com","UploadManagerService","Processing data for hour /storage/emulated/0/.MATCH/data/2016-10-28/17-PDT.zip"
"2016-10-29 00:00:56 PDT","I","test2@match_com","UploadManagerService","Processing data for hour /storage/emulated/0/.MATCH/data/2016-10-28/18-PDT.zip"
"2016-10-29 00:00:56 PDT","I","test2@match_com","UploadManagerService","Processing data for hour /storage/emulated/0/.MATCH/data/2016-10-28/19-PDT.zip"
"2016-10-29 00:00:56 PDT","I","test2@match_com","UploadManagerService","Processing data for hour /storage/emulated/0/.MATCH/data/2016-10-28/20-PDT.zip"
"2016-10-29 00:00:56 PDT","I","test2@match_com","UploadManagerService","Processing data for hour /storage/emulated/0/.MATCH/data/2016-10-28/21-PDT.zip"
"2016-10-29 00:00:56 PDT","I","test2@match_com","UploadManagerService","Processing data for hour /storage/emulated/0/.MATCH/data/2016-10-28/22-PDT.zip"
"2016-10-29 00:00:56 PDT","I","test2@match_com","UploadManagerService","Processing data for hour /storage/emulated/0/.MATCH/data/2016-10-28/23-PDT.zip"
"2016-10-29 00:00:56 PDT","I","test2@match_com","UploadManagerService","Internet is not connected. Not trying to upload files."
"2016-10-29 00:00:56 PDT","I","test2@match_com","SurveyManagerService","Inside onCreate"
"2016-10-29 00:00:56 PDT","I","test2@match_com","SurveyManagerService","Current time is - Sat Oct 29 00:00:56 PDT 2016"
"2016-10-29 00:00:56 PDT","I","test2@match_com","SurveyManagerService","Start Date is - Tue Oct 25 19:00:00 PDT 2016"
"2016-10-29 00:00:56 PDT","I","test2@match_com","SurveyManagerService","End Date is - Tue Nov 01 16:00:00 PDT 2016"
"2016-10-29 00:00:56 PDT","I","test2@match_com","SurveyManagerService","Scheduling Survey for - KEY_EMA_0730TO0800_CHILD"
"2016-10-29 00:00:56 PDT","I","test2@match_com","SurveyManagerService","Survey KEY_EMA_0730TO0800_CHILD scheduled for Sat Oct 29 07:47:17 PDT 2016"
"2016-10-29 00:00:56 PDT","I","test2@match_com","SurveyManagerService","Scheduling Survey for - KEY_EMA_0930TO1000_CHILD"
"2016-10-29 00:00:56 PDT","I","test2@match_com","SurveyManagerService","Survey KEY_EMA_0930TO1000_CHILD scheduled for Sat Oct 29 09:57:24 PDT 2016"
"2016-10-29 00:00:56 PDT","I","test2@match_com","SurveyManagerService","Scheduling Survey for - KEY_EMA_1130TO1200_CHILD"
"2016-10-29 00:00:56 PDT","I","test2@match_com","SurveyManagerService","Survey KEY_EMA_1130TO1200_CHILD scheduled for Sat Oct 29 11:45:10 PDT 2016"
"2016-10-29 00:00:56 PDT","I","test2@match_com","SurveyManagerService","Scheduling Survey for - KEY_EMA_1330TO1400_CHILD"
"2016-10-29 00:00:56 PDT","I","test2@match_com","SurveyManagerService","Survey KEY_EMA_1330TO1400_CHILD scheduled for Sat Oct 29 13:44:02 PDT 2016"
"2016-10-29 00:00:56 PDT","I","test2@match_com","SurveyManagerService","Scheduling Survey for - KEY_EMA_1530TO1600_CHILD"
"2016-10-29 00:00:56 PDT","I","test2@match_com","SurveyManagerService","Survey KEY_EMA_1530TO1600_CHILD scheduled for Sat Oct 29 15:33:41 PDT 2016"
"2016-10-29 00:00:56 PDT","I","test2@match_com","SurveyManagerService","Scheduling Survey for - KEY_EMA_1730TO1800_CHILD"
"2016-10-29 00:00:56 PDT","I","test2@match_com","SurveyManagerService","Survey KEY_EMA_1730TO1800_CHILD scheduled for Sat Oct 29 17:47:43 PDT 2016"
"2016-10-29 00:00:56 PDT","I","test2@match_com","SurveyManagerService","Scheduling Survey for - KEY_EMA_1930TO2000_CHILD"
"2016-10-29 00:00:56 PDT","I","test2@match_com","SurveyManagerService","Survey KEY_EMA_1930TO2000_CHILD scheduled for Sat Oct 29 19:36:11 PDT 2016"
"2016-10-29 00:00:56 PDT","I","test2@match_com","SurveyManagerService","Survey KEY_SALIVA_WAKING scheduled for Sat Oct 29 06:46:56 PDT 2016"
"2016-10-29 00:00:56 PDT","I","test2@match_com","SurveyManagerService","Survey KEY_SALIVA_WAKING_PLUS_30 scheduled for Sat Oct 29 07:16:56 PDT 2016"
"2016-10-29 00:00:56 PDT","I","test2@match_com","SurveyManagerService","Survey KEY_SALIVA_AFTERNOON_4TO430_CHILD scheduled for Sat Oct 29 16:16:27 PDT 2016"
"2016-10-29 00:00:56 PDT","I","test2@match_com","SurveyManagerService","Survey KEY_SALIVA_BEDTIME scheduled for Sat Oct 29 21:46:56 PDT 2016"
"2016-10-29 00:00:56 PDT","I","test2@match_com","SurveyManagerService","Survey Schedule for KEY_EMA_0730TO0800_CHILD is Sat Oct 29 07:47:17 PDT 2016"
"2016-10-29 00:00:56 PDT","I","test2@match_com","SurveyManagerService","Still not time to prompt the survey"
"2016-10-29 00:00:56 PDT","I","test2@match_com","SurveyManagerService","Survey Schedule for KEY_EMA_0930TO1000_CHILD is Sat Oct 29 09:57:24 PDT 2016"
"2016-10-29 00:00:56 PDT","I","test2@match_com","SurveyManagerService","Still not time to prompt the survey"
"2016-10-29 00:00:56 PDT","I","test2@match_com","SurveyManagerService","Survey Schedule for KEY_EMA_1130TO1200_CHILD is Sat Oct 29 11:45:10 PDT 2016"
"2016-10-29 00:00:56 PDT","I","test2@match_com","SurveyManagerService","Still not time to prompt the survey"
"2016-10-29 00:00:56 PDT","I","test2@match_com","SurveyManagerService","Survey Schedule for KEY_EMA_1330TO1400_CHILD is Sat Oct 29 13:44:02 PDT 2016"
"2016-10-29 00:00:56 PDT","I","test2@match_com","SurveyManagerService","Still not time to prompt the survey"
"2016-10-29 00:00:56 PDT","I","test2@match_com","SurveyManagerService","Survey Schedule for KEY_EMA_1530TO1600_CHILD is Sat Oct 29 15:33:41 PDT 2016"
"2016-10-29 00:00:56 PDT","I","test2@match_com","SurveyManagerService","Still not time to prompt the survey"
"2016-10-29 00:00:56 PDT","I","test2@match_com","SurveyManagerService","Survey Schedule for KEY_EMA_1730TO1800_CHILD is Sat Oct 29 17:47:43 PDT 2016"
"2016-10-29 00:00:56 PDT","I","test2@match_com","SurveyManagerService","Still not time to prompt the survey"
"2016-10-29 00:00:56 PDT","I","test2@match_com","SurveyManagerService","Survey Schedule for KEY_EMA_1930TO2000_CHILD is Sat Oct 29 19:36:11 PDT 2016"
"2016-10-29 00:00:56 PDT","I","test2@match_com","SurveyManagerService","Still not time to prompt the survey"
"2016-10-29 00:00:56 PDT","I","test2@match_com","SurveyManagerService","KEY_SALIVA_WAKING is scheduled for Sat Oct 29 06:46:56 PDT 2016"
"2016-10-29 00:00:56 PDT","I","test2@match_com","SurveyManagerService","Prompt KEY_SALIVA_WAKING is in the future - Sat Oct 29 06:46:56 PDT 2016"
"2016-10-29 00:00:56 PDT","I","test2@match_com","SurveyManagerService","KEY_SALIVA_WAKING_PLUS_30 is scheduled for Sat Oct 29 07:16:56 PDT 2016"
"2016-10-29 00:00:56 PDT","I","test2@match_com","SurveyManagerService","Prompt KEY_SALIVA_WAKING_PLUS_30 is in the future - Sat Oct 29 07:16:56 PDT 2016"
"2016-10-29 00:00:56 PDT","I","test2@match_com","SurveyManagerService","KEY_SALIVA_AFTERNOON_4TO430_CHILD is scheduled for Sat Oct 29 16:16:27 PDT 2016"
"2016-10-29 00:00:56 PDT","I","test2@match_com","SurveyManagerService","Prompt KEY_SALIVA_AFTERNOON_4TO430_CHILD is in the future - Sat Oct 29 16:16:27 PDT 2016"
"2016-10-29 00:00:56 PDT","I","test2@match_com","SurveyManagerService","KEY_SALIVA_BEDTIME is scheduled for Sat Oct 29 21:46:56 PDT 2016"
"2016-10-29 00:00:56 PDT","I","test2@match_com","SurveyManagerService","Prompt KEY_SALIVA_BEDTIME is in the future - Sat Oct 29 21:46:56 PDT 2016"
"2016-10-29 00:00:56 PDT","I","test2@match_com","MinuteService","Inside onDestroy"
"2016-10-29 00:00:56 PDT","I","test2@match_com","UploadManagerService","Inside onDestroy"
"2016-10-29 00:00:56 PDT","I","test2@match_com","SurveyManagerService","Inside onDestroy"
"2016-10-29 00:00:56 PDT","I","test2@match_com","Zipper","zipFileWithEncryption - /storage/emulated/0/.MATCH/data/2016-10-29/00-PDT/GPS.csv"
"2016-10-29 00:00:56 PDT","I","test2@match_com","Zipper","Creating ZipFile - /storage/emulated/0/.MATCH/data/2016-10-29/00-PDT/GPS.csv.zip"
"2016-10-29 00:00:56 PDT","I","test2@match_com","Zipper","Deleting File - /storage/emulated/0/.MATCH/data/2016-10-29/00-PDT/GPS.csv"
"2016-10-29 00:01:00 PDT","I","test2@match_com","BackupMinuteService","Inside onCreate"
"2016-10-29 00:01:00 PDT","I","test2@match_com","Util","Inside setBackupMinuteServiceAlarm"
"2016-10-29 00:01:00 PDT","I","test2@match_com","Util","BackupMinuteService last run at - Sat Oct 29 00:01:00 PDT 2016"
"2016-10-29 00:01:00 PDT","I","test2@match_com","Util","BackupMinuteService next run at - Sat Oct 29 00:02:00 PDT 2016"
"2016-10-29 00:01:00 PDT","I","test2@match_com","MinuteService","Inside onCreate"
"2016-10-29 00:01:00 PDT","I","test2@match_com","MinuteService","Minute Service Alarm was set by - MinuteService"
"2016-10-29 00:01:00 PDT","I","test2@match_com","MinuteService","Time since previous run - 5"
"2016-10-29 00:01:00 PDT","I","test2@match_com","MinuteService","Previous run within last 50 seconds, ignoring this run"
"2016-10-29 00:01:00 PDT","I","test2@match_com","UploadManagerService","Inside onCreate"
"2016-10-29 00:01:00 PDT","I","test2@match_com","UploadManagerService","Processing Logs"
"2016-10-29 00:01:00 PDT","I","test2@match_com","UploadManagerService","Processing Logs for Date - /storage/emulated/0/.MATCH/logs/2016-10-26"
"2016-10-29 00:01:00 PDT","I","test2@match_com","UploadManagerService","Processing Logs for Date - /storage/emulated/0/.MATCH/logs/2016-10-27"
"2016-10-29 00:01:00 PDT","I","test2@match_com","UploadManagerService","Processing Logs for Date - /storage/emulated/0/.MATCH/logs/2016-10-28"
"2016-10-29 00:01:00 PDT","I","test2@match_com","UploadManagerService","Processing Logs for Date - /storage/emulated/0/.MATCH/logs/2016-10-29"
"2016-10-29 00:01:00 PDT","I","test2@match_com","UploadManagerService","Processing Surveys"
"2016-10-29 00:01:00 PDT","I","test2@match_com","UploadManagerService","Processing Data files"
"2016-10-29 00:01:00 PDT","I","test2@match_com","UploadManagerService","Processing data for date - /storage/emulated/0/.MATCH/data/2016-10-26"
"2016-10-29 00:01:00 PDT","I","test2@match_com","UploadManagerService","Processing data for hour /storage/emulated/0/.MATCH/data/2016-10-26/19-PDT.zip.uploaded"
"2016-10-29 00:01:00 PDT","I","test2@match_com","UploadManagerService","Processing data for hour /storage/emulated/0/.MATCH/data/2016-10-26/13-PDT.zip.uploaded"
"2016-10-29 00:01:00 PDT","I","test2@match_com","UploadManagerService","Processing data for hour /storage/emulated/0/.MATCH/data/2016-10-26/14-PDT.zip.uploaded"
"2016-10-29 00:01:00 PDT","I","test2@match_com","UploadManagerService","Processing data for hour /storage/emulated/0/.MATCH/data/2016-10-26/15-PDT.zip.uploaded"
"2016-10-29 00:01:00 PDT","I","test2@match_com","UploadManagerService","Processing data for hour /storage/emulated/0/.MATCH/data/2016-10-26/16-PDT.zip.uploaded"
"2016-10-29 00:01:00 PDT","I","test2@match_com","UploadManagerService","Processing data for hour /storage/emulated/0/.MATCH/data/2016-10-26/17-PDT.zip.uploaded"
"2016-10-29 00:01:00 PDT","I","test2@match_com","UploadManagerService","Processing data for hour /storage/emulated/0/.MATCH/data/2016-10-26/21-PDT.zip.uploaded"
"2016-10-29 00:01:00 PDT","I","test2@match_com","UploadManagerService","Processing data for hour /storage/emulated/0/.MATCH/data/2016-10-26/22-PDT.zip.uploaded"
"2016-10-29 00:01:00 PDT","I","test2@match_com","UploadManagerService","Processing data for hour /storage/emulated/0/.MATCH/data/2016-10-26/18-PDT.zip.uploaded"
"2016-10-29 00:01:00 PDT","I","test2@match_com","UploadManagerService","Processing data for hour /storage/emulated/0/.MATCH/data/2016-10-26/20-PDT.zip.uploaded"
"2016-10-29 00:01:00 PDT","I","test2@match_com","UploadManagerService","Processing data for hour /storage/emulated/0/.MATCH/data/2016-10-26/23-PDT.zip.uploaded"
"2016-10-29 00:01:00 PDT","I","test2@match_com","UploadManagerService","Processing data for date - /storage/emulated/0/.MATCH/data/2016-10-27"
"2016-10-29 00:01:00 PDT","I","test2@match_com","UploadManagerService","Processing data for hour /storage/emulated/0/.MATCH/data/2016-10-27/01-PDT.zip.uploaded"
"2016-10-29 00:01:00 PDT","I","test2@match_com","UploadManagerService","Processing data for hour /storage/emulated/0/.MATCH/data/2016-10-27/03-PDT.zip.uploaded"
"2016-10-29 00:01:00 PDT","I","test2@match_com","UploadManagerService","Processing data for hour /storage/emulated/0/.MATCH/data/2016-10-27/04-PDT.zip.uploaded"
"2016-10-29 00:01:00 PDT","I","test2@match_com","UploadManagerService","Processing data for hour /storage/emulated/0/.MATCH/data/2016-10-27/06-PDT.zip.uploaded"
"2016-10-29 00:01:00 PDT","I","test2@match_com","UploadManagerService","Processing data for hour /storage/emulated/0/.MATCH/data/2016-10-27/00-PDT.zip.uploaded"
"2016-10-29 00:01:01 PDT","I","test2@match_com","UploadManagerService","Processing data for hour /storage/emulated/0/.MATCH/data/2016-10-27/02-PDT.zip.uploaded"
"2016-10-29 00:01:01 PDT","I","test2@match_com","UploadManagerService","Processing data for hour /storage/emulated/0/.MATCH/data/2016-10-27/05-PDT.zip.uploaded"
"2016-10-29 00:01:01 PDT","I","test2@match_com","UploadManagerService","Processing data for date - /storage/emulated/0/.MATCH/data/2016-10-28"
"2016-10-29 00:01:01 PDT","I","test2@match_com","UploadManagerService","Processing data for hour /storage/emulated/0/.MATCH/data/2016-10-28/13-PDT.zip"
"2016-10-29 00:01:01 PDT","I","test2@match_com","UploadManagerService","Processing data for hour /storage/emulated/0/.MATCH/data/2016-10-28/14-PDT.zip"
"2016-10-29 00:01:01 PDT","I","test2@match_com","UploadManagerService","Processing data for hour /storage/emulated/0/.MATCH/data/2016-10-28/15-PDT.zip"
"2016-10-29 00:01:01 PDT","I","test2@match_com","UploadManagerService","Processing data for hour /storage/emulated/0/.MATCH/data/2016-10-28/16-PDT.zip"
"2016-10-29 00:01:01 PDT","I","test2@match_com","UploadManagerService","Processing data for hour /storage/emulated/0/.MATCH/data/2016-10-28/17-PDT.zip"
"2016-10-29 00:01:01 PDT","I","test2@match_com","UploadManagerService","Processing data for hour /storage/emulated/0/.MATCH/data/2016-10-28/18-PDT.zip"
"2016-10-29 00:01:01 PDT","I","test2@match_com","UploadManagerService","Processing data for hour /storage/emulated/0/.MATCH/data/2016-10-28/19-PDT.zip"
"2016-10-29 00:01:01 PDT","I","test2@match_com","UploadManagerService","Processing data for hour /storage/emulated/0/.MATCH/data/2016-10-28/20-PDT.zip"
"2016-10-29 00:01:01 PDT","I","test2@match_com","UploadManagerService","Processing data for hour /storage/emulated/0/.MATCH/data/2016-10-28/21-PDT.zip"
"2016-10-29 00:01:01 PDT","I","test2@match_com","UploadManagerService","Processing data for hour /storage/emulated/0/.MATCH/data/2016-10-28/22-PDT.zip"
"2016-10-29 00:01:01 PDT","I","test2@match_com","UploadManagerService","Processing data for hour /storage/emulated/0/.MATCH/data/2016-10-28/23-PDT.zip"
"2016-10-29 00:01:01 PDT","I","test2@match_com","UploadManagerService","Processing data for date - /storage/emulated/0/.MATCH/data/2016-10-29"
"2016-10-29 00:01:01 PDT","I","test2@match_com","UploadManagerService","Processing data for hour /storage/emulated/0/.MATCH/data/2016-10-29/00-PDT"
"2016-10-29 00:01:01 PDT","I","test2@match_com","UploadManagerService","Internet is not connected. Not trying to upload files."
"2016-10-29 00:01:01 PDT","I","test2@match_com","BackupMinuteService","Inside onDestroy"
"2016-10-29 00:01:01 PDT","I","test2@match_com","AlwaysOnService","Received Intent - android.intent.action.TIME_TICK"
"2016-10-29 00:01:01 PDT","I","test2@match_com","UploadManagerService","Inside onDestroy"
"2016-10-29 00:01:01 PDT","I","test2@match_com","MinuteService","Inside onDestroy"
"2016-10-29 00:01:17 PDT","I","test2@match_com","AlwaysOnService","Received Intent - android.intent.action.BATTERY_CHANGED"
"2016-10-29 00:01:23 PDT","I","test2@match_com","AlwaysOnService","Received Intent - android.intent.action.BATTERY_CHANGED"
"2016-10-29 00:01:55 PDT","I","test2@match_com","MinuteService","Inside onCreate"
"2016-10-29 00:01:55 PDT","I","test2@match_com","MinuteService","Minute Service Alarm was set by - MinuteService"
"2016-10-29 00:01:55 PDT","I","test2@match_com","MinuteService","Time since previous run - 60"
"2016-10-29 00:01:55 PDT","I","test2@match_com","MinuteService","Setting Minute Service Last Run"
"2016-10-29 00:01:55 PDT","I","test2@match_com","MinuteService","Setting Minute Service Alarm"
"2016-10-29 00:01:55 PDT","I","test2@match_com","Util","Inside setMinuteServiceAlarmFromMinuteService"
"2016-10-29 00:01:55 PDT","I","test2@match_com","Util","MinuteService last run at - Sat Oct 29 00:01:55 PDT 2016"
"2016-10-29 00:01:55 PDT","I","test2@match_com","Util","MinuteService next run at - Sat Oct 29 00:02:55 PDT 2016"
"2016-10-29 00:01:55 PDT","I","test2@match_com","MinuteService","Setting Minute Service Backup Alarm"
"2016-10-29 00:01:55 PDT","I","test2@match_com","Util","Inside setBackupMinuteServiceAlarm"
"2016-10-29 00:01:55 PDT","I","test2@match_com","Util","BackupMinuteService last run at - Sat Oct 29 00:01:00 PDT 2016"
"2016-10-29 00:01:55 PDT","I","test2@match_com","Util","BackupMinuteService next run at - Sat Oct 29 00:02:00 PDT 2016"
"2016-10-29 00:01:55 PDT","I","test2@match_com","MinuteService","Initializing MATCHConstants"
"2016-10-29 00:01:55 PDT","I","test2@match_com","MinuteService","Notifying user about minute service run"
"2016-10-29 00:01:55 PDT","I","test2@match_com","MinuteService","Writing status to Firebase Database"
"2016-10-29 00:01:55 PDT","I","test2@match_com","MinuteService","Logging Network Status"
"2016-10-29 00:01:55 PDT","I","test2@match_com","ConnectivityManager","isConnected - false - isWifi - false - isMobileInternet - false"
"2016-10-29 00:01:55 PDT","I","test2@match_com","MinuteService","Logging Battery Status"
"2016-10-29 00:01:55 PDT","I","test2@match_com","BatteryManager","Percentage - 76 - isCharging - true - isUSBCharging - false - isACCharging - true - isWirelessCharging - false"
"2016-10-29 00:01:55 PDT","I","test2@match_com","MinuteService","Logging Memory Status"
"2016-10-29 00:01:55 PDT","I","test2@match_com","MemoryManager","Total Memory,898,Available Memory,417,Threshold Memory,144,IsLowMemory,false"
"2016-10-29 00:01:55 PDT","I","test2@match_com","MinuteService","Logging Storage Status"
"2016-10-29 00:01:55 PDT","I","test2@match_com","StorageManager","Internal Total,2247,Internal Free,589,External Total,4637,External Free,3937"
"2016-10-29 00:01:55 PDT","I","test2@match_com","MinuteService","Logging Power Status"
"2016-10-29 00:01:55 PDT","I","test2@match_com","PowerManager","isDeviceIdleMode - false - isInteractive - false - isPowerSaveMode - false - isSustainedPerformanceModeSupported - false"
"2016-10-29 00:01:55 PDT","I","test2@match_com","MinuteService","Logging Notifications Status"
"2016-10-29 00:01:55 PDT","I","test2@match_com","NotificationManager","AreNotificationsEnabled - true - Importance - Unspecified"
"2016-10-29 00:01:56 PDT","I","test2@match_com","MinuteService","Logging Location"
"2016-10-29 00:01:56 PDT","I","test2@match_com","MinuteService","Fetching latest study data"
"2016-10-29 00:01:56 PDT","I","test2@match_com","MinuteService","Starting UploadManagerService"
"2016-10-29 00:01:56 PDT","I","test2@match_com","MinuteService","Starting SurveyManagerService"
"2016-10-29 00:01:56 PDT","I","test2@match_com","UploadManagerService","Inside onCreate"
"2016-10-29 00:01:56 PDT","I","test2@match_com","UploadManagerService","Processing Logs"
"2016-10-29 00:01:56 PDT","I","test2@match_com","UploadManagerService","Processing Logs for Date - /storage/emulated/0/.MATCH/logs/2016-10-26"
"2016-10-29 00:01:56 PDT","I","test2@match_com","UploadManagerService","Processing Logs for Date - /storage/emulated/0/.MATCH/logs/2016-10-27"
"2016-10-29 00:01:56 PDT","I","test2@match_com","UploadManagerService","Processing Logs for Date - /storage/emulated/0/.MATCH/logs/2016-10-28"
"2016-10-29 00:01:56 PDT","I","test2@match_com","UploadManagerService","Processing Logs for Date - /storage/emulated/0/.MATCH/logs/2016-10-29"
"2016-10-29 00:01:56 PDT","I","test2@match_com","UploadManagerService","Processing Surveys"
"2016-10-29 00:01:56 PDT","I","test2@match_com","UploadManagerService","Processing Data files"
"2016-10-29 00:01:56 PDT","I","test2@match_com","UploadManagerService","Processing data for date - /storage/emulated/0/.MATCH/data/2016-10-26"
"2016-10-29 00:01:56 PDT","I","test2@match_com","UploadManagerService","Processing data for hour /storage/emulated/0/.MATCH/data/2016-10-26/19-PDT.zip.uploaded"
"2016-10-29 00:01:56 PDT","I","test2@match_com","UploadManagerService","Processing data for hour /storage/emulated/0/.MATCH/data/2016-10-26/13-PDT.zip.uploaded"
"2016-10-29 00:01:56 PDT","I","test2@match_com","UploadManagerService","Processing data for hour /storage/emulated/0/.MATCH/data/2016-10-26/14-PDT.zip.uploaded"
"2016-10-29 00:01:56 PDT","I","test2@match_com","UploadManagerService","Processing data for hour /storage/emulated/0/.MATCH/data/2016-10-26/15-PDT.zip.uploaded"
"2016-10-29 00:01:56 PDT","I","test2@match_com","UploadManagerService","Processing data for hour /storage/emulated/0/.MATCH/data/2016-10-26/16-PDT.zip.uploaded"
"2016-10-29 00:01:56 PDT","I","test2@match_com","UploadManagerService","Processing data for hour /storage/emulated/0/.MATCH/data/2016-10-26/17-PDT.zip.uploaded"
"2016-10-29 00:01:56 PDT","I","test2@match_com","UploadManagerService","Processing data for hour /storage/emulated/0/.MATCH/data/2016-10-26/21-PDT.zip.uploaded"
"2016-10-29 00:01:56 PDT","I","test2@match_com","UploadManagerService","Processing data for hour /storage/emulated/0/.MATCH/data/2016-10-26/22-PDT.zip.uploaded"
"2016-10-29 00:01:56 PDT","I","test2@match_com","UploadManagerService","Processing data for hour /storage/emulated/0/.MATCH/data/2016-10-26/18-PDT.zip.uploaded"
"2016-10-29 00:01:56 PDT","I","test2@match_com","UploadManagerService","Processing data for hour /storage/emulated/0/.MATCH/data/2016-10-26/20-PDT.zip.uploaded"
"2016-10-29 00:01:56 PDT","I","test2@match_com","UploadManagerService","Processing data for hour /storage/emulated/0/.MATCH/data/2016-10-26/23-PDT.zip.uploaded"
"2016-10-29 00:01:56 PDT","I","test2@match_com","UploadManagerService","Processing data for date - /storage/emulated/0/.MATCH/data/2016-10-27"
"2016-10-29 00:01:56 PDT","I","test2@match_com","UploadManagerService","Processing data for hour /storage/emulated/0/.MATCH/data/2016-10-27/01-PDT.zip.uploaded"
"2016-10-29 00:01:56 PDT","I","test2@match_com","UploadManagerService","Processing data for hour /storage/emulated/0/.MATCH/data/2016-10-27/03-PDT.zip.uploaded"
"2016-10-29 00:01:56 PDT","I","test2@match_com","UploadManagerService","Processing data for hour /storage/emulated/0/.MATCH/data/2016-10-27/04-PDT.zip.uploaded"
"2016-10-29 00:01:56 PDT","I","test2@match_com","UploadManagerService","Processing data for hour /storage/emulated/0/.MATCH/data/2016-10-27/06-PDT.zip.uploaded"
"2016-10-29 00:01:56 PDT","I","test2@match_com","UploadManagerService","Processing data for hour /storage/emulated/0/.MATCH/data/2016-10-27/00-PDT.zip.uploaded"
"2016-10-29 00:01:56 PDT","I","test2@match_com","UploadManagerService","Processing data for hour /storage/emulated/0/.MATCH/data/2016-10-27/02-PDT.zip.uploaded"
"2016-10-29 00:01:56 PDT","I","test2@match_com","UploadManagerService","Processing data for hour /storage/emulated/0/.MATCH/data/2016-10-27/05-PDT.zip.uploaded"
"2016-10-29 00:01:56 PDT","I","test2@match_com","UploadManagerService","Processing data for date - /storage/emulated/0/.MATCH/data/2016-10-28"
"2016-10-29 00:01:56 PDT","I","test2@match_com","UploadManagerService","Processing data for hour /storage/emulated/0/.MATCH/data/2016-10-28/13-PDT.zip"
"2016-10-29 00:01:56 PDT","I","test2@match_com","UploadManagerService","Processing data for hour /storage/emulated/0/.MATCH/data/2016-10-28/14-PDT.zip"
"2016-10-29 00:01:56 PDT","I","test2@match_com","UploadManagerService","Processing data for hour /storage/emulated/0/.MATCH/data/2016-10-28/15-PDT.zip"
"2016-10-29 00:01:56 PDT","I","test2@match_com","UploadManagerService","Processing data for hour /storage/emulated/0/.MATCH/data/2016-10-28/16-PDT.zip"
"2016-10-29 00:01:56 PDT","I","test2@match_com","UploadManagerService","Processing data for hour /storage/emulated/0/.MATCH/data/2016-10-28/17-PDT.zip"
"2016-10-29 00:01:56 PDT","I","test2@match_com","UploadManagerService","Processing data for hour /storage/emulated/0/.MATCH/data/2016-10-28/18-PDT.zip"
"2016-10-29 00:01:56 PDT","I","test2@match_com","UploadManagerService","Processing data for hour /storage/emulated/0/.MATCH/data/2016-10-28/19-PDT.zip"
"2016-10-29 00:01:56 PDT","I","test2@match_com","UploadManagerService","Processing data for hour /storage/emulated/0/.MATCH/data/2016-10-28/20-PDT.zip"
"2016-10-29 00:01:56 PDT","I","test2@match_com","UploadManagerService","Processing data for hour /storage/emulated/0/.MATCH/data/2016-10-28/21-PDT.zip"
"2016-10-29 00:01:56 PDT","I","test2@match_com","UploadManagerService","Processing data for hour /storage/emulated/0/.MATCH/data/2016-10-28/22-PDT.zip"
"2016-10-29 00:01:56 PDT","I","test2@match_com","UploadManagerService","Processing data for hour /storage/emulated/0/.MATCH/data/2016-10-28/23-PDT.zip"
"2016-10-29 00:01:56 PDT","I","test2@match_com","UploadManagerService","Processing data for date - /storage/emulated/0/.MATCH/data/2016-10-29"
"2016-10-29 00:01:56 PDT","I","test2@match_com","UploadManagerService","Processing data for hour /storage/emulated/0/.MATCH/data/2016-10-29/00-PDT"
"2016-10-29 00:01:56 PDT","I","test2@match_com","UploadManagerService","Internet is not connected. Not trying to upload files."
"2016-10-29 00:01:56 PDT","I","test2@match_com","SurveyManagerService","Inside onCreate"
"2016-10-29 00:01:56 PDT","I","test2@match_com","SurveyManagerService","Current time is - Sat Oct 29 00:01:56 PDT 2016"
"2016-10-29 00:01:56 PDT","I","test2@match_com","SurveyManagerService","Start Date is - Tue Oct 25 19:00:00 PDT 2016"
"2016-10-29 00:01:56 PDT","I","test2@match_com","SurveyManagerService","End Date is - Tue Nov 01 16:00:00 PDT 2016"
"2016-10-29 00:01:56 PDT","I","test2@match_com","SurveyManagerService","Scheduling Survey for - KEY_EMA_0730TO0800_CHILD"
"2016-10-29 00:01:56 PDT","I","test2@match_com","SurveyManagerService","Survey KEY_EMA_0730TO0800_CHILD is already scheduled"
"2016-10-29 00:01:56 PDT","I","test2@match_com","SurveyManagerService","Scheduling Survey for - KEY_EMA_0930TO1000_CHILD"
"2016-10-29 00:01:56 PDT","I","test2@match_com","SurveyManagerService","Survey KEY_EMA_0930TO1000_CHILD is already scheduled"
"2016-10-29 00:01:56 PDT","I","test2@match_com","SurveyManagerService","Scheduling Survey for - KEY_EMA_1130TO1200_CHILD"
"2016-10-29 00:01:56 PDT","I","test2@match_com","SurveyManagerService","Survey KEY_EMA_1130TO1200_CHILD is already scheduled"
"2016-10-29 00:01:56 PDT","I","test2@match_com","SurveyManagerService","Scheduling Survey for - KEY_EMA_1330TO1400_CHILD"
"2016-10-29 00:01:56 PDT","I","test2@match_com","SurveyManagerService","Survey KEY_EMA_1330TO1400_CHILD is already scheduled"
"2016-10-29 00:01:56 PDT","I","test2@match_com","SurveyManagerService","Scheduling Survey for - KEY_EMA_1530TO1600_CHILD"
"2016-10-29 00:01:56 PDT","I","test2@match_com","SurveyManagerService","Survey KEY_EMA_1530TO1600_CHILD is already scheduled"
"2016-10-29 00:01:56 PDT","I","test2@match_com","SurveyManagerService","Scheduling Survey for - KEY_EMA_1730TO1800_CHILD"
"2016-10-29 00:01:56 PDT","I","test2@match_com","SurveyManagerService","Survey KEY_EMA_1730TO1800_CHILD is already scheduled"
"2016-10-29 00:01:56 PDT","I","test2@match_com","SurveyManagerService","Scheduling Survey for - KEY_EMA_1930TO2000_CHILD"
"2016-10-29 00:01:56 PDT","I","test2@match_com","SurveyManagerService","Survey KEY_EMA_1930TO2000_CHILD is already scheduled"
"2016-10-29 00:01:56 PDT","I","test2@match_com","SurveyManagerService","Saliva surveys are already scheduled"
"2016-10-29 00:01:56 PDT","I","test2@match_com","SurveyManagerService","Survey KEY_SALIVA_BEDTIME scheduled for Sat Oct 29 21:46:56 PDT 2016"
"2016-10-29 00:01:56 PDT","I","test2@match_com","SurveyManagerService","Survey Schedule for KEY_EMA_0730TO0800_CHILD is Sat Oct 29 07:47:17 PDT 2016"
"2016-10-29 00:01:56 PDT","I","test2@match_com","SurveyManagerService","Still not time to prompt the survey"
"2016-10-29 00:01:56 PDT","I","test2@match_com","SurveyManagerService","Survey Schedule for KEY_EMA_0930TO1000_CHILD is Sat Oct 29 09:57:24 PDT 2016"
"2016-10-29 00:01:56 PDT","I","test2@match_com","SurveyManagerService","Still not time to prompt the survey"
"2016-10-29 00:01:56 PDT","I","test2@match_com","SurveyManagerService","Survey Schedule for KEY_EMA_1130TO1200_CHILD is Sat Oct 29 11:45:10 PDT 2016"
"2016-10-29 00:01:56 PDT","I","test2@match_com","SurveyManagerService","Still not time to prompt the survey"
"2016-10-29 00:01:56 PDT","I","test2@match_com","SurveyManagerService","Survey Schedule for KEY_EMA_1330TO1400_CHILD is Sat Oct 29 13:44:02 PDT 2016"
"2016-10-29 00:01:56 PDT","I","test2@match_com","SurveyManagerService","Still not time to prompt the survey"
"2016-10-29 00:01:56 PDT","I","test2@match_com","SurveyManagerService","Survey Schedule for KEY_EMA_1530TO1600_CHILD is Sat Oct 29 15:33:41 PDT 2016"
"2016-10-29 00:01:56 PDT","I","test2@match_com","SurveyManagerService","Still not time to prompt the survey"
"2016-10-29 00:01:56 PDT","I","test2@match_com","SurveyManagerService","Survey Schedule for KEY_EMA_1730TO1800_CHILD is Sat Oct 29 17:47:43 PDT 2016"
"2016-10-29 00:01:56 PDT","I","test2@match_com","SurveyManagerService","Still not time to prompt the survey"
"2016-10-29 00:01:56 PDT","I","test2@match_com","SurveyManagerService","Survey Schedule for KEY_EMA_1930TO2000_CHILD is Sat Oct 29 19:36:11 PDT 2016"
"2016-10-29 00:01:56 PDT","I","test2@match_com","SurveyManagerService","Still not time to prompt the survey"
"2016-10-29 00:01:56 PDT","I","test2@match_com","SurveyManagerService","KEY_SALIVA_WAKING is scheduled for Sat Oct 29 06:46:56 PDT 2016"
"2016-10-29 00:01:56 PDT","I","test2@match_com","SurveyManagerService","Prompt KEY_SALIVA_WAKING is in the future - Sat Oct 29 06:46:56 PDT 2016"
"2016-10-29 00:01:56 PDT","I","test2@match_com","SurveyManagerService","KEY_SALIVA_WAKING_PLUS_30 is scheduled for Sat Oct 29 07:16:56 PDT 2016"
"2016-10-29 00:01:56 PDT","I","test2@match_com","SurveyManagerService","Prompt KEY_SALIVA_WAKING_PLUS_30 is in the future - Sat Oct 29 07:16:56 PDT 2016"
"2016-10-29 00:01:56 PDT","I","test2@match_com","SurveyManagerService","KEY_SALIVA_AFTERNOON_4TO430_CHILD is scheduled for Sat Oct 29 16:16:27 PDT 2016"
"2016-10-29 00:01:56 PDT","I","test2@match_com","SurveyManagerService","Prompt KEY_SALIVA_AFTERNOON_4TO430_CHILD is in the future - Sat Oct 29 16:16:27 PDT 2016"
"2016-10-29 00:01:56 PDT","I","test2@match_com","SurveyManagerService","KEY_SALIVA_BEDTIME is scheduled for Sat Oct 29 21:46:56 PDT 2016"
"2016-10-29 00:01:56 PDT","I","test2@match_com","SurveyManagerService","Prompt KEY_SALIVA_BEDTIME is in the future - Sat Oct 29 21:46:56 PDT 2016"
"2016-10-29 00:01:56 PDT","I","test2@match_com","MinuteService","Inside onDestroy"
"2016-10-29 00:01:56 PDT","I","test2@match_com","UploadManagerService","Inside onDestroy"
"2016-10-29 00:01:56 PDT","I","test2@match_com","SurveyManagerService","Inside onDestroy"
"2016-10-29 00:01:56 PDT","I","test2@match_com","Zipper","unzipFileWithEncryption"
"2016-10-29 00:01:56 PDT","I","test2@match_com","Zipper","Deleting File - /storage/emulated/0/.MATCH/data/2016-10-29/00-PDT/GPS.csv.zip"
"2016-10-29 00:01:56 PDT","I","test2@match_com","Zipper","zipFileWithEncryption - /storage/emulated/0/.MATCH/data/2016-10-29/00-PDT/GPS.csv"
"2016-10-29 00:01:56 PDT","I","test2@match_com","Zipper","Creating ZipFile - /storage/emulated/0/.MATCH/data/2016-10-29/00-PDT/GPS.csv.zip"
"2016-10-29 00:01:56 PDT","I","test2@match_com","Zipper","Deleting File - /storage/emulated/0/.MATCH/data/2016-10-29/00-PDT/GPS.csv"
"2016-10-29 00:02:00 PDT","I","test2@match_com","BackupMinuteService","Inside onCreate"
"2016-10-29 00:02:00 PDT","I","test2@match_com","Util","Inside setBackupMinuteServiceAlarm"
"2016-10-29 00:02:00 PDT","I","test2@match_com","Util","BackupMinuteService last run at - Sat Oct 29 00:02:00 PDT 2016"
"2016-10-29 00:02:00 PDT","I","test2@match_com","Util","BackupMinuteService next run at - Sat Oct 29 00:03:00 PDT 2016"
"2016-10-29 00:02:00 PDT","I","test2@match_com","MinuteService","Inside onCreate"
"2016-10-29 00:02:00 PDT","I","test2@match_com","MinuteService","Minute Service Alarm was set by - MinuteService"
"2016-10-29 00:02:00 PDT","I","test2@match_com","MinuteService","Time since previous run - 5"
"2016-10-29 00:02:00 PDT","I","test2@match_com","MinuteService","Previous run within last 50 seconds, ignoring this run"
"2016-10-29 00:02:00 PDT","I","test2@match_com","BackupMinuteService","Inside onDestroy"
"2016-10-29 00:02:00 PDT","I","test2@match_com","UploadManagerService","Inside onCreate"
"2016-10-29 00:02:00 PDT","I","test2@match_com","UploadManagerService","Processing Logs"
"2016-10-29 00:02:00 PDT","I","test2@match_com","UploadManagerService","Processing Logs for Date - /storage/emulated/0/.MATCH/logs/2016-10-26"
"2016-10-29 00:02:00 PDT","I","test2@match_com","UploadManagerService","Processing Logs for Date - /storage/emulated/0/.MATCH/logs/2016-10-27"
"2016-10-29 00:02:00 PDT","I","test2@match_com","UploadManagerService","Processing Logs for Date - /storage/emulated/0/.MATCH/logs/2016-10-28"
"2016-10-29 00:02:00 PDT","I","test2@match_com","UploadManagerService","Processing Logs for Date - /storage/emulated/0/.MATCH/logs/2016-10-29"
"2016-10-29 00:02:00 PDT","I","test2@match_com","UploadManagerService","Processing Surveys"
"2016-10-29 00:02:00 PDT","I","test2@match_com","UploadManagerService","Processing Data files"
"2016-10-29 00:02:00 PDT","I","test2@match_com","UploadManagerService","Processing data for date - /storage/emulated/0/.MATCH/data/2016-10-26"
"2016-10-29 00:02:00 PDT","I","test2@match_com","UploadManagerService","Processing data for hour /storage/emulated/0/.MATCH/data/2016-10-26/19-PDT.zip.uploaded"
"2016-10-29 00:02:00 PDT","I","test2@match_com","UploadManagerService","Processing data for hour /storage/emulated/0/.MATCH/data/2016-10-26/13-PDT.zip.uploaded"
"2016-10-29 00:02:00 PDT","I","test2@match_com","UploadManagerService","Processing data for hour /storage/emulated/0/.MATCH/data/2016-10-26/14-PDT.zip.uploaded"
"2016-10-29 00:02:00 PDT","I","test2@match_com","UploadManagerService","Processing data for hour /storage/emulated/0/.MATCH/data/2016-10-26/15-PDT.zip.uploaded"
"2016-10-29 00:02:00 PDT","I","test2@match_com","UploadManagerService","Processing data for hour /storage/emulated/0/.MATCH/data/2016-10-26/16-PDT.zip.uploaded"
"2016-10-29 00:02:00 PDT","I","test2@match_com","UploadManagerService","Processing data for hour /storage/emulated/0/.MATCH/data/2016-10-26/17-PDT.zip.uploaded"
"2016-10-29 00:02:00 PDT","I","test2@match_com","UploadManagerService","Processing data for hour /storage/emulated/0/.MATCH/data/2016-10-26/21-PDT.zip.uploaded"
"2016-10-29 00:02:00 PDT","I","test2@match_com","UploadManagerService","Processing data for hour /storage/emulated/0/.MATCH/data/2016-10-26/22-PDT.zip.uploaded"
"2016-10-29 00:02:00 PDT","I","test2@match_com","UploadManagerService","Processing data for hour /storage/emulated/0/.MATCH/data/2016-10-26/18-PDT.zip.uploaded"
"2016-10-29 00:02:01 PDT","I","test2@match_com","UploadManagerService","Processing data for hour /storage/emulated/0/.MATCH/data/2016-10-26/20-PDT.zip.uploaded"
"2016-10-29 00:02:01 PDT","I","test2@match_com","UploadManagerService","Processing data for hour /storage/emulated/0/.MATCH/data/2016-10-26/23-PDT.zip.uploaded"
"2016-10-29 00:02:01 PDT","I","test2@match_com","UploadManagerService","Processing data for date - /storage/emulated/0/.MATCH/data/2016-10-27"
"2016-10-29 00:02:01 PDT","I","test2@match_com","UploadManagerService","Processing data for hour /storage/emulated/0/.MATCH/data/2016-10-27/01-PDT.zip.uploaded"
"2016-10-29 00:02:01 PDT","I","test2@match_com","UploadManagerService","Processing data for hour /storage/emulated/0/.MATCH/data/2016-10-27/03-PDT.zip.uploaded"
"2016-10-29 00:02:01 PDT","I","test2@match_com","UploadManagerService","Processing data for hour /storage/emulated/0/.MATCH/data/2016-10-27/04-PDT.zip.uploaded"
"2016-10-29 00:02:01 PDT","I","test2@match_com","UploadManagerService","Processing data for hour /storage/emulated/0/.MATCH/data/2016-10-27/06-PDT.zip.uploaded"
"2016-10-29 00:02:01 PDT","I","test2@match_com","UploadManagerService","Processing data for hour /storage/emulated/0/.MATCH/data/2016-10-27/00-PDT.zip.uploaded"
"2016-10-29 00:02:01 PDT","I","test2@match_com","UploadManagerService","Processing data for hour /storage/emulated/0/.MATCH/data/2016-10-27/02-PDT.zip.uploaded"
"2016-10-29 00:02:01 PDT","I","test2@match_com","UploadManagerService","Processing data for hour /storage/emulated/0/.MATCH/data/2016-10-27/05-PDT.zip.uploaded"
"2016-10-29 00:02:01 PDT","I","test2@match_com","UploadManagerService","Processing data for date - /storage/emulated/0/.MATCH/data/2016-10-28"
"2016-10-29 00:02:01 PDT","I","test2@match_com","UploadManagerService","Processing data for hour /storage/emulated/0/.MATCH/data/2016-10-28/13-PDT.zip"
"2016-10-29 00:02:01 PDT","I","test2@match_com","UploadManagerService","Processing data for hour /storage/emulated/0/.MATCH/data/2016-10-28/14-PDT.zip"
"2016-10-29 00:02:01 PDT","I","test2@match_com","UploadManagerService","Processing data for hour /storage/emulated/0/.MATCH/data/2016-10-28/15-PDT.zip"
"2016-10-29 00:02:01 PDT","I","test2@match_com","UploadManagerService","Processing data for hour /storage/emulated/0/.MATCH/data/2016-10-28/16-PDT.zip"
"2016-10-29 00:02:01 PDT","I","test2@match_com","UploadManagerService","Processing data for hour /storage/emulated/0/.MATCH/data/2016-10-28/17-PDT.zip"
"2016-10-29 00:02:01 PDT","I","test2@match_com","UploadManagerService","Processing data for hour /storage/emulated/0/.MATCH/data/2016-10-28/18-PDT.zip"
"2016-10-29 00:02:01 PDT","I","test2@match_com","UploadManagerService","Processing data for hour /storage/emulated/0/.MATCH/data/2016-10-28/19-PDT.zip"
"2016-10-29 00:02:01 PDT","I","test2@match_com","UploadManagerService","Processing data for hour /storage/emulated/0/.MATCH/data/2016-10-28/20-PDT.zip"
"2016-10-29 00:02:01 PDT","I","test2@match_com","UploadManagerService","Processing data for hour /storage/emulated/0/.MATCH/data/2016-10-28/21-PDT.zip"
"2016-10-29 00:02:01 PDT","I","test2@match_com","UploadManagerService","Processing data for hour /storage/emulated/0/.MATCH/data/2016-10-28/22-PDT.zip"
"2016-10-29 00:02:01 PDT","I","test2@match_com","UploadManagerService","Processing data for hour /storage/emulated/0/.MATCH/data/2016-10-28/23-PDT.zip"
"2016-10-29 00:02:01 PDT","I","test2@match_com","UploadManagerService","Processing data for date - /storage/emulated/0/.MATCH/data/2016-10-29"
"2016-10-29 00:02:01 PDT","I","test2@match_com","UploadManagerService","Processing data for hour /storage/emulated/0/.MATCH/data/2016-10-29/00-PDT"
"2016-10-29 00:02:01 PDT","I","test2@match_com","UploadManagerService","Internet is not connected. Not trying to upload files."
"2016-10-29 00:02:01 PDT","I","test2@match_com","AlwaysOnService","Received Intent - android.intent.action.TIME_TICK"
"2016-10-29 00:02:01 PDT","I","test2@match_com","UploadManagerService","Inside onDestroy"
"2016-10-29 00:02:01 PDT","I","test2@match_com","MinuteService","Inside onDestroy"
"2016-10-29 00:02:07 PDT","I","test2@match_com","AlwaysOnService","Received Intent - android.intent.action.BATTERY_CHANGED"
"2016-10-29 00:02:23 PDT","I","test2@match_com","AlwaysOnService","Received Intent - android.intent.action.BATTERY_CHANGED"
"2016-10-29 00:02:55 PDT","I","test2@match_com","MinuteService","Inside onCreate"
"2016-10-29 00:02:55 PDT","I","test2@match_com","MinuteService","Minute Service Alarm was set by - MinuteService"
"2016-10-29 00:02:55 PDT","I","test2@match_com","MinuteService","Time since previous run - 60"
"2016-10-29 00:02:55 PDT","I","test2@match_com","MinuteService","Setting Minute Service Last Run"
"2016-10-29 00:02:55 PDT","I","test2@match_com","MinuteService","Setting Minute Service Alarm"
"2016-10-29 00:02:55 PDT","I","test2@match_com","Util","Inside setMinuteServiceAlarmFromMinuteService"
"2016-10-29 00:02:55 PDT","I","test2@match_com","Util","MinuteService last run at - Sat Oct 29 00:02:55 PDT 2016"
"2016-10-29 00:02:55 PDT","I","test2@match_com","Util","MinuteService next run at - Sat Oct 29 00:03:55 PDT 2016"
"2016-10-29 00:02:55 PDT","I","test2@match_com","MinuteService","Setting Minute Service Backup Alarm"
"2016-10-29 00:02:55 PDT","I","test2@match_com","Util","Inside setBackupMinuteServiceAlarm"
"2016-10-29 00:02:55 PDT","I","test2@match_com","Util","BackupMinuteService last run at - Sat Oct 29 00:02:00 PDT 2016"
"2016-10-29 00:02:55 PDT","I","test2@match_com","Util","BackupMinuteService next run at - Sat Oct 29 00:03:00 PDT 2016"
"2016-10-29 00:02:55 PDT","I","test2@match_com","MinuteService","Initializing MATCHConstants"
"2016-10-29 00:02:55 PDT","I","test2@match_com","MinuteService","Notifying user about minute service run"
"2016-10-29 00:02:55 PDT","I","test2@match_com","MinuteService","Writing status to Firebase Database"
"2016-10-29 00:02:55 PDT","I","test2@match_com","MinuteService","Logging Network Status"
"2016-10-29 00:02:55 PDT","I","test2@match_com","ConnectivityManager","isConnected - false - isWifi - false - isMobileInternet - false"
"2016-10-29 00:02:55 PDT","I","test2@match_com","MinuteService","Logging Battery Status"
"2016-10-29 00:02:55 PDT","I","test2@match_com","BatteryManager","Percentage - 77 - isCharging - true - isUSBCharging - false - isACCharging - true - isWirelessCharging - false"
"2016-10-29 00:02:55 PDT","I","test2@match_com","MinuteService","Logging Memory Status"
"2016-10-29 00:02:55 PDT","I","test2@match_com","MemoryManager","Total Memory,898,Available Memory,415,Threshold Memory,144,IsLowMemory,false"
"2016-10-29 00:02:55 PDT","I","test2@match_com","MinuteService","Logging Storage Status"
"2016-10-29 00:02:55 PDT","I","test2@match_com","StorageManager","Internal Total,2247,Internal Free,589,External Total,4637,External Free,3937"
"2016-10-29 00:02:55 PDT","I","test2@match_com","MinuteService","Logging Power Status"
"2016-10-29 00:02:55 PDT","I","test2@match_com","PowerManager","isDeviceIdleMode - false - isInteractive - false - isPowerSaveMode - false - isSustainedPerformanceModeSupported - false"
"2016-10-29 00:02:55 PDT","I","test2@match_com","MinuteService","Logging Notifications Status"
"2016-10-29 00:02:55 PDT","I","test2@match_com","NotificationManager","AreNotificationsEnabled - true - Importance - Unspecified"
"2016-10-29 00:02:55 PDT","I","test2@match_com","MinuteService","Logging Location"
"2016-10-29 00:02:55 PDT","I","test2@match_com","MinuteService","Fetching latest study data"
"2016-10-29 00:02:55 PDT","I","test2@match_com","MinuteService","Starting UploadManagerService"
"2016-10-29 00:02:55 PDT","I","test2@match_com","MinuteService","Starting SurveyManagerService"
"2016-10-29 00:02:55 PDT","I","test2@match_com","UploadManagerService","Inside onCreate"
"2016-10-29 00:02:56 PDT","I","test2@match_com","UploadManagerService","Processing Logs"
"2016-10-29 00:02:56 PDT","I","test2@match_com","UploadManagerService","Processing Logs for Date - /storage/emulated/0/.MATCH/logs/2016-10-26"
"2016-10-29 00:02:56 PDT","I","test2@match_com","UploadManagerService","Processing Logs for Date - /storage/emulated/0/.MATCH/logs/2016-10-27"
"2016-10-29 00:02:56 PDT","I","test2@match_com","UploadManagerService","Processing Logs for Date - /storage/emulated/0/.MATCH/logs/2016-10-28"
"2016-10-29 00:02:56 PDT","I","test2@match_com","UploadManagerService","Processing Logs for Date - /storage/emulated/0/.MATCH/logs/2016-10-29"
"2016-10-29 00:02:56 PDT","I","test2@match_com","UploadManagerService","Processing Surveys"
"2016-10-29 00:02:56 PDT","I","test2@match_com","UploadManagerService","Processing Data files"
"2016-10-29 00:02:56 PDT","I","test2@match_com","UploadManagerService","Processing data for date - /storage/emulated/0/.MATCH/data/2016-10-26"
"2016-10-29 00:02:56 PDT","I","test2@match_com","UploadManagerService","Processing data for hour /storage/emulated/0/.MATCH/data/2016-10-26/19-PDT.zip.uploaded"
"2016-10-29 00:02:56 PDT","I","test2@match_com","UploadManagerService","Processing data for hour /storage/emulated/0/.MATCH/data/2016-10-26/13-PDT.zip.uploaded"
"2016-10-29 00:02:56 PDT","I","test2@match_com","UploadManagerService","Processing data for hour /storage/emulated/0/.MATCH/data/2016-10-26/14-PDT.zip.uploaded"
"2016-10-29 00:02:56 PDT","I","test2@match_com","UploadManagerService","Processing data for hour /storage/emulated/0/.MATCH/data/2016-10-26/15-PDT.zip.uploaded"
"2016-10-29 00:02:56 PDT","I","test2@match_com","UploadManagerService","Processing data for hour /storage/emulated/0/.MATCH/data/2016-10-26/16-PDT.zip.uploaded"
"2016-10-29 00:02:56 PDT","I","test2@match_com","UploadManagerService","Processing data for hour /storage/emulated/0/.MATCH/data/2016-10-26/17-PDT.zip.uploaded"
"2016-10-29 00:02:56 PDT","I","test2@match_com","UploadManagerService","Processing data for hour /storage/emulated/0/.MATCH/data/2016-10-26/21-PDT.zip.uploaded"
"2016-10-29 00:02:56 PDT","I","test2@match_com","UploadManagerService","Processing data for hour /storage/emulated/0/.MATCH/data/2016-10-26/22-PDT.zip.uploaded"
"2016-10-29 00:02:56 PDT","I","test2@match_com","UploadManagerService","Processing data for hour /storage/emulated/0/.MATCH/data/2016-10-26/18-PDT.zip.uploaded"
"2016-10-29 00:02:56 PDT","I","test2@match_com","UploadManagerService","Processing data for hour /storage/emulated/0/.MATCH/data/2016-10-26/20-PDT.zip.uploaded"
"2016-10-29 00:02:56 PDT","I","test2@match_com","UploadManagerService","Processing data for hour /storage/emulated/0/.MATCH/data/2016-10-26/23-PDT.zip.uploaded"
"2016-10-29 00:02:56 PDT","I","test2@match_com","UploadManagerService","Processing data for date - /storage/emulated/0/.MATCH/data/2016-10-27"
"2016-10-29 00:02:56 PDT","I","test2@match_com","UploadManagerService","Processing data for hour /storage/emulated/0/.MATCH/data/2016-10-27/01-PDT.zip.uploaded"
"2016-10-29 00:02:56 PDT","I","test2@match_com","UploadManagerService","Processing data for hour /storage/emulated/0/.MATCH/data/2016-10-27/03-PDT.zip.uploaded"
"2016-10-29 00:02:56 PDT","I","test2@match_com","UploadManagerService","Processing data for hour /storage/emulated/0/.MATCH/data/2016-10-27/04-PDT.zip.uploaded"
"2016-10-29 00:02:56 PDT","I","test2@match_com","UploadManagerService","Processing data for hour /storage/emulated/0/.MATCH/data/2016-10-27/06-PDT.zip.uploaded"
"2016-10-29 00:02:56 PDT","I","test2@match_com","UploadManagerService","Processing data for hour /storage/emulated/0/.MATCH/data/2016-10-27/00-PDT.zip.uploaded"
"2016-10-29 00:02:56 PDT","I","test2@match_com","UploadManagerService","Processing data for hour /storage/emulated/0/.MATCH/data/2016-10-27/02-PDT.zip.uploaded"
"2016-10-29 00:02:56 PDT","I","test2@match_com","UploadManagerService","Processing data for hour /storage/emulated/0/.MATCH/data/2016-10-27/05-PDT.zip.uploaded"
"2016-10-29 00:02:56 PDT","I","test2@match_com","UploadManagerService","Processing data for date - /storage/emulated/0/.MATCH/data/2016-10-28"
"2016-10-29 00:02:56 PDT","I","test2@match_com","UploadManagerService","Processing data for hour /storage/emulated/0/.MATCH/data/2016-10-28/13-PDT.zip"
"2016-10-29 00:02:56 PDT","I","test2@match_com","UploadManagerService","Processing data for hour /storage/emulated/0/.MATCH/data/2016-10-28/14-PDT.zip"
"2016-10-29 00:02:56 PDT","I","test2@match_com","UploadManagerService","Processing data for hour /storage/emulated/0/.MATCH/data/2016-10-28/15-PDT.zip"
"2016-10-29 00:02:56 PDT","I","test2@match_com","UploadManagerService","Processing data for hour /storage/emulated/0/.MATCH/data/2016-10-28/16-PDT.zip"
"2016-10-29 00:02:56 PDT","I","test2@match_com","UploadManagerService","Processing data for hour /storage/emulated/0/.MATCH/data/2016-10-28/17-PDT.zip"
"2016-10-29 00:02:56 PDT","I","test2@match_com","UploadManagerService","Processing data for hour /storage/emulated/0/.MATCH/data/2016-10-28/18-PDT.zip"
"2016-10-29 00:02:56 PDT","I","test2@match_com","UploadManagerService","Processing data for hour /storage/emulated/0/.MATCH/data/2016-10-28/19-PDT.zip"
"2016-10-29 00:02:56 PDT","I","test2@match_com","UploadManagerService","Processing data for hour /storage/emulated/0/.MATCH/data/2016-10-28/20-PDT.zip"
"2016-10-29 00:02:56 PDT","I","test2@match_com","UploadManagerService","Processing data for hour /storage/emulated/0/.MATCH/data/2016-10-28/21-PDT.zip"
"2016-10-29 00:02:56 PDT","I","test2@match_com","UploadManagerService","Processing data for hour /storage/emulated/0/.MATCH/data/2016-10-28/22-PDT.zip"
"2016-10-29 00:02:56 PDT","I","test2@match_com","UploadManagerService","Processing data for hour /storage/emulated/0/.MATCH/data/2016-10-28/23-PDT.zip"
"2016-10-29 00:02:56 PDT","I","test2@match_com","UploadManagerService","Processing data for date - /storage/emulated/0/.MATCH/data/2016-10-29"
"2016-10-29 00:02:56 PDT","I","test2@match_com","UploadManagerService","Processing data for hour /storage/emulated/0/.MATCH/data/2016-10-29/00-PDT"
"2016-10-29 00:02:56 PDT","I","test2@match_com","UploadManagerService","Internet is not connected. Not trying to upload files."
"2016-10-29 00:02:56 PDT","I","test2@match_com","SurveyManagerService","Inside onCreate"
"2016-10-29 00:02:56 PDT","I","test2@match_com","SurveyManagerService","Current time is - Sat Oct 29 00:02:56 PDT 2016"
"2016-10-29 00:02:56 PDT","I","test2@match_com","SurveyManagerService","Start Date is - Tue Oct 25 19:00:00 PDT 2016"
"2016-10-29 00:02:56 PDT","I","test2@match_com","SurveyManagerService","End Date is - Tue Nov 01 16:00:00 PDT 2016"
"2016-10-29 00:02:56 PDT","I","test2@match_com","SurveyManagerService","Scheduling Survey for - KEY_EMA_0730TO0800_CHILD"
"2016-10-29 00:02:56 PDT","I","test2@match_com","SurveyManagerService","Survey KEY_EMA_0730TO0800_CHILD is already scheduled"
"2016-10-29 00:02:56 PDT","I","test2@match_com","SurveyManagerService","Scheduling Survey for - KEY_EMA_0930TO1000_CHILD"
"2016-10-29 00:02:56 PDT","I","test2@match_com","SurveyManagerService","Survey KEY_EMA_0930TO1000_CHILD is already scheduled"
"2016-10-29 00:02:56 PDT","I","test2@match_com","SurveyManagerService","Scheduling Survey for - KEY_EMA_1130TO1200_CHILD"
"2016-10-29 00:02:56 PDT","I","test2@match_com","SurveyManagerService","Survey KEY_EMA_1130TO1200_CHILD is already scheduled"
"2016-10-29 00:02:56 PDT","I","test2@match_com","SurveyManagerService","Scheduling Survey for - KEY_EMA_1330TO1400_CHILD"
"2016-10-29 00:02:56 PDT","I","test2@match_com","SurveyManagerService","Survey KEY_EMA_1330TO1400_CHILD is already scheduled"
"2016-10-29 00:02:56 PDT","I","test2@match_com","SurveyManagerService","Scheduling Survey for - KEY_EMA_1530TO1600_CHILD"
"2016-10-29 00:02:56 PDT","I","test2@match_com","SurveyManagerService","Survey KEY_EMA_1530TO1600_CHILD is already scheduled"
"2016-10-29 00:02:56 PDT","I","test2@match_com","SurveyManagerService","Scheduling Survey for - KEY_EMA_1730TO1800_CHILD"
"2016-10-29 00:02:56 PDT","I","test2@match_com","SurveyManagerService","Survey KEY_EMA_1730TO1800_CHILD is already scheduled"
"2016-10-29 00:02:56 PDT","I","test2@match_com","SurveyManagerService","Scheduling Survey for - KEY_EMA_1930TO2000_CHILD"
"2016-10-29 00:02:56 PDT","I","test2@match_com","SurveyManagerService","Survey KEY_EMA_1930TO2000_CHILD is already scheduled"
"2016-10-29 00:02:56 PDT","I","test2@match_com","SurveyManagerService","Saliva surveys are already scheduled"
"2016-10-29 00:02:56 PDT","I","test2@match_com","SurveyManagerService","Survey KEY_SALIVA_BEDTIME scheduled for Sat Oct 29 21:46:56 PDT 2016"
"2016-10-29 00:02:56 PDT","I","test2@match_com","SurveyManagerService","Survey Schedule for KEY_EMA_0730TO0800_CHILD is Sat Oct 29 07:47:17 PDT 2016"
"2016-10-29 00:02:56 PDT","I","test2@match_com","SurveyManagerService","Still not time to prompt the survey"
"2016-10-29 00:02:56 PDT","I","test2@match_com","SurveyManagerService","Survey Schedule for KEY_EMA_0930TO1000_CHILD is Sat Oct 29 09:57:24 PDT 2016"
"2016-10-29 00:02:56 PDT","I","test2@match_com","SurveyManagerService","Still not time to prompt the survey"
"2016-10-29 00:02:56 PDT","I","test2@match_com","SurveyManagerService","Survey Schedule for KEY_EMA_1130TO1200_CHILD is Sat Oct 29 11:45:10 PDT 2016"
"2016-10-29 00:02:56 PDT","I","test2@match_com","SurveyManagerService","Still not time to prompt the survey"
"2016-10-29 00:02:56 PDT","I","test2@match_com","SurveyManagerService","Survey Schedule for KEY_EMA_1330TO1400_CHILD is Sat Oct 29 13:44:02 PDT 2016"
"2016-10-29 00:02:56 PDT","I","test2@match_com","SurveyManagerService","Still not time to prompt the survey"
"2016-10-29 00:02:56 PDT","I","test2@match_com","SurveyManagerService","Survey Schedule for KEY_EMA_1530TO1600_CHILD is Sat Oct 29 15:33:41 PDT 2016"
"2016-10-29 00:02:56 PDT","I","test2@match_com","SurveyManagerService","Still not time to prompt the survey"
"2016-10-29 00:02:56 PDT","I","test2@match_com","SurveyManagerService","Survey Schedule for KEY_EMA_1730TO1800_CHILD is Sat Oct 29 17:47:43 PDT 2016"
"2016-10-29 00:02:56 PDT","I","test2@match_com","SurveyManagerService","Still not time to prompt the survey"
"2016-10-29 00:02:56 PDT","I","test2@match_com","SurveyManagerService","Survey Schedule for KEY_EMA_1930TO2000_CHILD is Sat Oct 29 19:36:11 PDT 2016"
"2016-10-29 00:02:56 PDT","I","test2@match_com","SurveyManagerService","Still not time to prompt the survey"
"2016-10-29 00:02:56 PDT","I","test2@match_com","SurveyManagerService","KEY_SALIVA_WAKING is scheduled for Sat Oct 29 06:46:56 PDT 2016"
"2016-10-29 00:02:56 PDT","I","test2@match_com","SurveyManagerService","Prompt KEY_SALIVA_WAKING is in the future - Sat Oct 29 06:46:56 PDT 2016"
"2016-10-29 00:02:56 PDT","I","test2@match_com","SurveyManagerService","KEY_SALIVA_WAKING_PLUS_30 is scheduled for Sat Oct 29 07:16:56 PDT 2016"
"2016-10-29 00:02:56 PDT","I","test2@match_com","SurveyManagerService","Prompt KEY_SALIVA_WAKING_PLUS_30 is in the future - Sat Oct 29 07:16:56 PDT 2016"
"2016-10-29 00:02:56 PDT","I","test2@match_com","SurveyManagerService","KEY_SALIVA_AFTERNOON_4TO430_CHILD is scheduled for Sat Oct 29 16:16:27 PDT 2016"
"2016-10-29 00:02:56 PDT","I","test2@match_com","SurveyManagerService","Prompt KEY_SALIVA_AFTERNOON_4TO430_CHILD is in the future - Sat Oct 29 16:16:27 PDT 2016"
"2016-10-29 00:02:56 PDT","I","test2@match_com","SurveyManagerService","KEY_SALIVA_BEDTIME is scheduled for Sat Oct 29 21:46:56 PDT 2016"
"2016-10-29 00:02:56 PDT","I","test2@match_com","SurveyManagerService","Prompt KEY_SALIVA_BEDTIME is in the future - Sat Oct 29 21:46:56 PDT 2016"
"2016-10-29 00:02:56 PDT","I","test2@match_com","MinuteService","Inside onDestroy"
"2016-10-29 00:02:56 PDT","I","test2@match_com","UploadManagerService","Inside onDestroy"
"2016-10-29 00:02:56 PDT","I","test2@match_com","SurveyManagerService","Inside onDestroy"
"2016-10-29 00:02:56 PDT","I","test2@match_com","Zipper","unzipFileWithEncryption"
"2016-10-29 00:02:56 PDT","I","test2@match_com","Zipper","Deleting File - /storage/emulated/0/.MATCH/data/2016-10-29/00-PDT/GPS.csv.zip"
"2016-10-29 00:02:56 PDT","I","test2@match_com","Zipper","zipFileWithEncryption - /storage/emulated/0/.MATCH/data/2016-10-29/00-PDT/GPS.csv"
"2016-10-29 00:02:56 PDT","I","test2@match_com","Zipper","Creating ZipFile - /storage/emulated/0/.MATCH/data/2016-10-29/00-PDT/GPS.csv.zip"
"2016-10-29 00:02:56 PDT","I","test2@match_com","Zipper","Deleting File - /storage/emulated/0/.MATCH/data/2016-10-29/00-PDT/GPS.csv"
"2016-10-29 00:03:00 PDT","I","test2@match_com","BackupMinuteService","Inside onCreate"
"2016-10-29 00:03:00 PDT","I","test2@match_com","Util","Inside setBackupMinuteServiceAlarm"
"2016-10-29 00:03:00 PDT","I","test2@match_com","Util","BackupMinuteService last run at - Sat Oct 29 00:03:00 PDT 2016"
"2016-10-29 00:03:00 PDT","I","test2@match_com","Util","BackupMinuteService next run at - Sat Oct 29 00:04:00 PDT 2016"
"2016-10-29 00:03:00 PDT","I","test2@match_com","MinuteService","Inside onCreate"
"2016-10-29 00:03:00 PDT","I","test2@match_com","MinuteService","Minute Service Alarm was set by - MinuteService"
"2016-10-29 00:03:00 PDT","I","test2@match_com","MinuteService","Time since previous run - 5"
"2016-10-29 00:03:00 PDT","I","test2@match_com","MinuteService","Previous run within last 50 seconds, ignoring this run"
"2016-10-29 00:03:00 PDT","I","test2@match_com","BackupMinuteService","Inside onDestroy"
"2016-10-29 00:03:00 PDT","I","test2@match_com","UploadManagerService","Inside onCreate"
"2016-10-29 00:03:00 PDT","I","test2@match_com","UploadManagerService","Processing Logs"
"2016-10-29 00:03:00 PDT","I","test2@match_com","UploadManagerService","Processing Logs for Date - /storage/emulated/0/.MATCH/logs/2016-10-26"
"2016-10-29 00:03:00 PDT","I","test2@match_com","UploadManagerService","Processing Logs for Date - /storage/emulated/0/.MATCH/logs/2016-10-27"
"2016-10-29 00:03:00 PDT","I","test2@match_com","UploadManagerService","Processing Logs for Date - /storage/emulated/0/.MATCH/logs/2016-10-28"
"2016-10-29 00:03:00 PDT","I","test2@match_com","UploadManagerService","Processing Logs for Date - /storage/emulated/0/.MATCH/logs/2016-10-29"
"2016-10-29 00:03:00 PDT","I","test2@match_com","UploadManagerService","Processing Surveys"
"2016-10-29 00:03:00 PDT","I","test2@match_com","UploadManagerService","Processing Data files"
"2016-10-29 00:03:00 PDT","I","test2@match_com","UploadManagerService","Processing data for date - /storage/emulated/0/.MATCH/data/2016-10-26"
"2016-10-29 00:03:00 PDT","I","test2@match_com","UploadManagerService","Processing data for hour /storage/emulated/0/.MATCH/data/2016-10-26/19-PDT.zip.uploaded"
"2016-10-29 00:03:00 PDT","I","test2@match_com","UploadManagerService","Processing data for hour /storage/emulated/0/.MATCH/data/2016-10-26/13-PDT.zip.uploaded"
"2016-10-29 00:03:00 PDT","I","test2@match_com","UploadManagerService","Processing data for hour /storage/emulated/0/.MATCH/data/2016-10-26/14-PDT.zip.uploaded"
"2016-10-29 00:03:00 PDT","I","test2@match_com","UploadManagerService","Processing data for hour /storage/emulated/0/.MATCH/data/2016-10-26/15-PDT.zip.uploaded"
"2016-10-29 00:03:00 PDT","I","test2@match_com","UploadManagerService","Processing data for hour /storage/emulated/0/.MATCH/data/2016-10-26/16-PDT.zip.uploaded"
"2016-10-29 00:03:00 PDT","I","test2@match_com","UploadManagerService","Processing data for hour /storage/emulated/0/.MATCH/data/2016-10-26/17-PDT.zip.uploaded"
"2016-10-29 00:03:01 PDT","I","test2@match_com","UploadManagerService","Processing data for hour /storage/emulated/0/.MATCH/data/2016-10-26/21-PDT.zip.uploaded"
"2016-10-29 00:03:01 PDT","I","test2@match_com","UploadManagerService","Processing data for hour /storage/emulated/0/.MATCH/data/2016-10-26/22-PDT.zip.uploaded"
"2016-10-29 00:03:01 PDT","I","test2@match_com","UploadManagerService","Processing data for hour /storage/emulated/0/.MATCH/data/2016-10-26/18-PDT.zip.uploaded"
"2016-10-29 00:03:01 PDT","I","test2@match_com","UploadManagerService","Processing data for hour /storage/emulated/0/.MATCH/data/2016-10-26/20-PDT.zip.uploaded"
"2016-10-29 00:03:01 PDT","I","test2@match_com","UploadManagerService","Processing data for hour /storage/emulated/0/.MATCH/data/2016-10-26/23-PDT.zip.uploaded"
"2016-10-29 00:03:01 PDT","I","test2@match_com","UploadManagerService","Processing data for date - /storage/emulated/0/.MATCH/data/2016-10-27"
"2016-10-29 00:03:01 PDT","I","test2@match_com","UploadManagerService","Processing data for hour /storage/emulated/0/.MATCH/data/2016-10-27/01-PDT.zip.uploaded"
"2016-10-29 00:03:01 PDT","I","test2@match_com","UploadManagerService","Processing data for hour /storage/emulated/0/.MATCH/data/2016-10-27/03-PDT.zip.uploaded"
"2016-10-29 00:03:01 PDT","I","test2@match_com","UploadManagerService","Processing data for hour /storage/emulated/0/.MATCH/data/2016-10-27/04-PDT.zip.uploaded"
"2016-10-29 00:03:01 PDT","I","test2@match_com","UploadManagerService","Processing data for hour /storage/emulated/0/.MATCH/data/2016-10-27/06-PDT.zip.uploaded"
"2016-10-29 00:03:01 PDT","I","test2@match_com","UploadManagerService","Processing data for hour /storage/emulated/0/.MATCH/data/2016-10-27/00-PDT.zip.uploaded"
"2016-10-29 00:03:01 PDT","I","test2@match_com","UploadManagerService","Processing data for hour /storage/emulated/0/.MATCH/data/2016-10-27/02-PDT.zip.uploaded"
"2016-10-29 00:03:01 PDT","I","test2@match_com","UploadManagerService","Processing data for hour /storage/emulated/0/.MATCH/data/2016-10-27/05-PDT.zip.uploaded"
"2016-10-29 00:03:01 PDT","I","test2@match_com","UploadManagerService","Processing data for date - /storage/emulated/0/.MATCH/data/2016-10-28"
"2016-10-29 00:03:01 PDT","I","test2@match_com","UploadManagerService","Processing data for hour /storage/emulated/0/.MATCH/data/2016-10-28/13-PDT.zip"
"2016-10-29 00:03:01 PDT","I","test2@match_com","UploadManagerService","Processing data for hour /storage/emulated/0/.MATCH/data/2016-10-28/14-PDT.zip"
"2016-10-29 00:03:01 PDT","I","test2@match_com","UploadManagerService","Processing data for hour /storage/emulated/0/.MATCH/data/2016-10-28/15-PDT.zip"
"2016-10-29 00:03:01 PDT","I","test2@match_com","UploadManagerService","Processing data for hour /storage/emulated/0/.MATCH/data/2016-10-28/16-PDT.zip"
"2016-10-29 00:03:01 PDT","I","test2@match_com","UploadManagerService","Processing data for hour /storage/emulated/0/.MATCH/data/2016-10-28/17-PDT.zip"
"2016-10-29 00:03:01 PDT","I","test2@match_com","UploadManagerService","Processing data for hour /storage/emulated/0/.MATCH/data/2016-10-28/18-PDT.zip"
"2016-10-29 00:03:01 PDT","I","test2@match_com","UploadManagerService","Processing data for hour /storage/emulated/0/.MATCH/data/2016-10-28/19-PDT.zip"
"2016-10-29 00:03:01 PDT","I","test2@match_com","UploadManagerService","Processing data for hour /storage/emulated/0/.MATCH/data/2016-10-28/20-PDT.zip"
"2016-10-29 00:03:01 PDT","I","test2@match_com","UploadManagerService","Processing data for hour /storage/emulated/0/.MATCH/data/2016-10-28/21-PDT.zip"
"2016-10-29 00:03:01 PDT","I","test2@match_com","UploadManagerService","Processing data for hour /storage/emulated/0/.MATCH/data/2016-10-28/22-PDT.zip"
"2016-10-29 00:03:01 PDT","I","test2@match_com","UploadManagerService","Processing data for hour /storage/emulated/0/.MATCH/data/2016-10-28/23-PDT.zip"
"2016-10-29 00:03:01 PDT","I","test2@match_com","UploadManagerService","Processing data for date - /storage/emulated/0/.MATCH/data/2016-10-29"
"2016-10-29 00:03:01 PDT","I","test2@match_com","UploadManagerService","Processing data for hour /storage/emulated/0/.MATCH/data/2016-10-29/00-PDT"
"2016-10-29 00:03:01 PDT","I","test2@match_com","UploadManagerService","Internet is not connected. Not trying to upload files."
"2016-10-29 00:03:01 PDT","I","test2@match_com","AlwaysOnService","Received Intent - android.intent.action.TIME_TICK"
"2016-10-29 00:03:01 PDT","I","test2@match_com","UploadManagerService","Inside onDestroy"
"2016-10-29 00:03:01 PDT","I","test2@match_com","MinuteService","Inside onDestroy"
"2016-10-29 00:03:08 PDT","I","test2@match_com","AlwaysOnService","Received Intent - android.intent.action.BATTERY_CHANGED"
"2016-10-29 00:03:55 PDT","I","test2@match_com","MinuteService","Inside onCreate"
"2016-10-29 00:03:55 PDT","I","test2@match_com","MinuteService","Minute Service Alarm was set by - MinuteService"
"2016-10-29 00:03:55 PDT","I","test2@match_com","MinuteService","Time since previous run - 60"
"2016-10-29 00:03:55 PDT","I","test2@match_com","MinuteService","Setting Minute Service Last Run"
"2016-10-29 00:03:55 PDT","I","test2@match_com","MinuteService","Setting Minute Service Alarm"
"2016-10-29 00:03:55 PDT","I","test2@match_com","Util","Inside setMinuteServiceAlarmFromMinuteService"
"2016-10-29 00:03:55 PDT","I","test2@match_com","Util","MinuteService last run at - Sat Oct 29 00:03:55 PDT 2016"
"2016-10-29 00:03:55 PDT","I","test2@match_com","Util","MinuteService next run at - Sat Oct 29 00:04:55 PDT 2016"
"2016-10-29 00:03:55 PDT","I","test2@match_com","MinuteService","Setting Minute Service Backup Alarm"
"2016-10-29 00:03:55 PDT","I","test2@match_com","Util","Inside setBackupMinuteServiceAlarm"
"2016-10-29 00:03:55 PDT","I","test2@match_com","Util","BackupMinuteService last run at - Sat Oct 29 00:03:00 PDT 2016"
"2016-10-29 00:03:55 PDT","I","test2@match_com","Util","BackupMinuteService next run at - Sat Oct 29 00:04:00 PDT 2016"
"2016-10-29 00:03:55 PDT","I","test2@match_com","MinuteService","Initializing MATCHConstants"
"2016-10-29 00:03:55 PDT","I","test2@match_com","MinuteService","Notifying user about minute service run"
"2016-10-29 00:03:55 PDT","I","test2@match_com","MinuteService","Writing status to Firebase Database"
"2016-10-29 00:03:56 PDT","I","test2@match_com","MinuteService","Logging Network Status"
"2016-10-29 00:03:56 PDT","I","test2@match_com","ConnectivityManager","isConnected - false - isWifi - false - isMobileInternet - false"
"2016-10-29 00:03:56 PDT","I","test2@match_com","MinuteService","Logging Battery Status"
"2016-10-29 00:03:56 PDT","I","test2@match_com","BatteryManager","Percentage - 77 - isCharging - true - isUSBCharging - false - isACCharging - true - isWirelessCharging - false"
"2016-10-29 00:03:56 PDT","I","test2@match_com","MinuteService","Logging Memory Status"
"2016-10-29 00:03:56 PDT","I","test2@match_com","MemoryManager","Total Memory,898,Available Memory,414,Threshold Memory,144,IsLowMemory,false"
"2016-10-29 00:03:56 PDT","I","test2@match_com","MinuteService","Logging Storage Status"
"2016-10-29 00:03:56 PDT","I","test2@match_com","StorageManager","Internal Total,2247,Internal Free,589,External Total,4637,External Free,3937"
"2016-10-29 00:03:56 PDT","I","test2@match_com","MinuteService","Logging Power Status"
"2016-10-29 00:03:56 PDT","I","test2@match_com","PowerManager","isDeviceIdleMode - false - isInteractive - false - isPowerSaveMode - false - isSustainedPerformanceModeSupported - false"
"2016-10-29 00:03:56 PDT","I","test2@match_com","MinuteService","Logging Notifications Status"
"2016-10-29 00:03:56 PDT","I","test2@match_com","NotificationManager","AreNotificationsEnabled - true - Importance - Unspecified"
"2016-10-29 00:03:56 PDT","I","test2@match_com","MinuteService","Logging Location"
"2016-10-29 00:03:56 PDT","I","test2@match_com","MinuteService","Fetching latest study data"
"2016-10-29 00:03:56 PDT","I","test2@match_com","MinuteService","Starting UploadManagerService"
"2016-10-29 00:03:56 PDT","I","test2@match_com","MinuteService","Starting SurveyManagerService"
"2016-10-29 00:03:56 PDT","I","test2@match_com","UploadManagerService","Inside onCreate"
"2016-10-29 00:03:56 PDT","I","test2@match_com","UploadManagerService","Processing Logs"
"2016-10-29 00:03:56 PDT","I","test2@match_com","UploadManagerService","Processing Logs for Date - /storage/emulated/0/.MATCH/logs/2016-10-26"
"2016-10-29 00:03:56 PDT","I","test2@match_com","UploadManagerService","Processing Logs for Date - /storage/emulated/0/.MATCH/logs/2016-10-27"
"2016-10-29 00:03:56 PDT","I","test2@match_com","UploadManagerService","Processing Logs for Date - /storage/emulated/0/.MATCH/logs/2016-10-28"
"2016-10-29 00:03:56 PDT","I","test2@match_com","UploadManagerService","Processing Logs for Date - /storage/emulated/0/.MATCH/logs/2016-10-29"
"2016-10-29 00:03:56 PDT","I","test2@match_com","UploadManagerService","Processing Surveys"
"2016-10-29 00:03:56 PDT","I","test2@match_com","UploadManagerService","Processing Data files"
"2016-10-29 00:03:56 PDT","I","test2@match_com","UploadManagerService","Processing data for date - /storage/emulated/0/.MATCH/data/2016-10-26"
"2016-10-29 00:03:56 PDT","I","test2@match_com","UploadManagerService","Processing data for hour /storage/emulated/0/.MATCH/data/2016-10-26/19-PDT.zip.uploaded"
"2016-10-29 00:03:56 PDT","I","test2@match_com","UploadManagerService","Processing data for hour /storage/emulated/0/.MATCH/data/2016-10-26/13-PDT.zip.uploaded"
"2016-10-29 00:03:56 PDT","I","test2@match_com","UploadManagerService","Processing data for hour /storage/emulated/0/.MATCH/data/2016-10-26/14-PDT.zip.uploaded"
"2016-10-29 00:03:56 PDT","I","test2@match_com","UploadManagerService","Processing data for hour /storage/emulated/0/.MATCH/data/2016-10-26/15-PDT.zip.uploaded"
"2016-10-29 00:03:56 PDT","I","test2@match_com","UploadManagerService","Processing data for hour /storage/emulated/0/.MATCH/data/2016-10-26/16-PDT.zip.uploaded"
"2016-10-29 00:03:56 PDT","I","test2@match_com","UploadManagerService","Processing data for hour /storage/emulated/0/.MATCH/data/2016-10-26/17-PDT.zip.uploaded"
"2016-10-29 00:03:56 PDT","I","test2@match_com","UploadManagerService","Processing data for hour /storage/emulated/0/.MATCH/data/2016-10-26/21-PDT.zip.uploaded"
"2016-10-29 00:03:56 PDT","I","test2@match_com","UploadManagerService","Processing data for hour /storage/emulated/0/.MATCH/data/2016-10-26/22-PDT.zip.uploaded"
"2016-10-29 00:03:56 PDT","I","test2@match_com","UploadManagerService","Processing data for hour /storage/emulated/0/.MATCH/data/2016-10-26/18-PDT.zip.uploaded"
"2016-10-29 00:03:56 PDT","I","test2@match_com","UploadManagerService","Processing data for hour /storage/emulated/0/.MATCH/data/2016-10-26/20-PDT.zip.uploaded"
"2016-10-29 00:03:56 PDT","I","test2@match_com","UploadManagerService","Processing data for hour /storage/emulated/0/.MATCH/data/2016-10-26/23-PDT.zip.uploaded"
"2016-10-29 00:03:56 PDT","I","test2@match_com","UploadManagerService","Processing data for date - /storage/emulated/0/.MATCH/data/2016-10-27"
"2016-10-29 00:03:56 PDT","I","test2@match_com","UploadManagerService","Processing data for hour /storage/emulated/0/.MATCH/data/2016-10-27/01-PDT.zip.uploaded"
"2016-10-29 00:03:56 PDT","I","test2@match_com","UploadManagerService","Processing data for hour /storage/emulated/0/.MATCH/data/2016-10-27/03-PDT.zip.uploaded"
"2016-10-29 00:03:56 PDT","I","test2@match_com","UploadManagerService","Processing data for hour /storage/emulated/0/.MATCH/data/2016-10-27/04-PDT.zip.uploaded"
"2016-10-29 00:03:56 PDT","I","test2@match_com","UploadManagerService","Processing data for hour /storage/emulated/0/.MATCH/data/2016-10-27/06-PDT.zip.uploaded"
"2016-10-29 00:03:56 PDT","I","test2@match_com","UploadManagerService","Processing data for hour /storage/emulated/0/.MATCH/data/2016-10-27/00-PDT.zip.uploaded"
"2016-10-29 00:03:56 PDT","I","test2@match_com","UploadManagerService","Processing data for hour /storage/emulated/0/.MATCH/data/2016-10-27/02-PDT.zip.uploaded"
"2016-10-29 00:03:56 PDT","I","test2@match_com","UploadManagerService","Processing data for hour /storage/emulated/0/.MATCH/data/2016-10-27/05-PDT.zip.uploaded"
"2016-10-29 00:03:56 PDT","I","test2@match_com","UploadManagerService","Processing data for date - /storage/emulated/0/.MATCH/data/2016-10-28"
"2016-10-29 00:03:56 PDT","I","test2@match_com","UploadManagerService","Processing data for hour /storage/emulated/0/.MATCH/data/2016-10-28/13-PDT.zip"
"2016-10-29 00:03:56 PDT","I","test2@match_com","UploadManagerService","Processing data for hour /storage/emulated/0/.MATCH/data/2016-10-28/14-PDT.zip"
"2016-10-29 00:03:56 PDT","I","test2@match_com","UploadManagerService","Processing data for hour /storage/emulated/0/.MATCH/data/2016-10-28/15-PDT.zip"
"2016-10-29 00:03:56 PDT","I","test2@match_com","UploadManagerService","Processing data for hour /storage/emulated/0/.MATCH/data/2016-10-28/16-PDT.zip"
"2016-10-29 00:03:56 PDT","I","test2@match_com","UploadManagerService","Processing data for hour /storage/emulated/0/.MATCH/data/2016-10-28/17-PDT.zip"
"2016-10-29 00:03:56 PDT","I","test2@match_com","UploadManagerService","Processing data for hour /storage/emulated/0/.MATCH/data/2016-10-28/18-PDT.zip"
"2016-10-29 00:03:56 PDT","I","test2@match_com","UploadManagerService","Processing data for hour /storage/emulated/0/.MATCH/data/2016-10-28/19-PDT.zip"
"2016-10-29 00:03:56 PDT","I","test2@match_com","UploadManagerService","Processing data for hour /storage/emulated/0/.MATCH/data/2016-10-28/20-PDT.zip"
"2016-10-29 00:03:56 PDT","I","test2@match_com","UploadManagerService","Processing data for hour /storage/emulated/0/.MATCH/data/2016-10-28/21-PDT.zip"
"2016-10-29 00:03:56 PDT","I","test2@match_com","UploadManagerService","Processing data for hour /storage/emulated/0/.MATCH/data/2016-10-28/22-PDT.zip"
"2016-10-29 00:03:56 PDT","I","test2@match_com","UploadManagerService","Processing data for hour /storage/emulated/0/.MATCH/data/2016-10-28/23-PDT.zip"
"2016-10-29 00:03:56 PDT","I","test2@match_com","UploadManagerService","Processing data for date - /storage/emulated/0/.MATCH/data/2016-10-29"
"2016-10-29 00:03:56 PDT","I","test2@match_com","UploadManagerService","Processing data for hour /storage/emulated/0/.MATCH/data/2016-10-29/00-PDT"
"2016-10-29 00:03:56 PDT","I","test2@match_com","UploadManagerService","Internet is not connected. Not trying to upload files."
"2016-10-29 00:03:56 PDT","I","test2@match_com","SurveyManagerService","Inside onCreate"
"2016-10-29 00:03:56 PDT","I","test2@match_com","SurveyManagerService","Current time is - Sat Oct 29 00:03:56 PDT 2016"
"2016-10-29 00:03:56 PDT","I","test2@match_com","SurveyManagerService","Start Date is - Tue Oct 25 19:00:00 PDT 2016"
"2016-10-29 00:03:56 PDT","I","test2@match_com","SurveyManagerService","End Date is - Tue Nov 01 16:00:00 PDT 2016"
"2016-10-29 00:03:56 PDT","I","test2@match_com","SurveyManagerService","Scheduling Survey for - KEY_EMA_0730TO0800_CHILD"
"2016-10-29 00:03:56 PDT","I","test2@match_com","SurveyManagerService","Survey KEY_EMA_0730TO0800_CHILD is already scheduled"
"2016-10-29 00:03:56 PDT","I","test2@match_com","SurveyManagerService","Scheduling Survey for - KEY_EMA_0930TO1000_CHILD"
"2016-10-29 00:03:56 PDT","I","test2@match_com","SurveyManagerService","Survey KEY_EMA_0930TO1000_CHILD is already scheduled"
"2016-10-29 00:03:56 PDT","I","test2@match_com","SurveyManagerService","Scheduling Survey for - KEY_EMA_1130TO1200_CHILD"
"2016-10-29 00:03:56 PDT","I","test2@match_com","SurveyManagerService","Survey KEY_EMA_1130TO1200_CHILD is already scheduled"
"2016-10-29 00:03:56 PDT","I","test2@match_com","SurveyManagerService","Scheduling Survey for - KEY_EMA_1330TO1400_CHILD"
"2016-10-29 00:03:56 PDT","I","test2@match_com","SurveyManagerService","Survey KEY_EMA_1330TO1400_CHILD is already scheduled"
"2016-10-29 00:03:56 PDT","I","test2@match_com","SurveyManagerService","Scheduling Survey for - KEY_EMA_1530TO1600_CHILD"
"2016-10-29 00:03:56 PDT","I","test2@match_com","SurveyManagerService","Survey KEY_EMA_1530TO1600_CHILD is already scheduled"
"2016-10-29 00:03:56 PDT","I","test2@match_com","SurveyManagerService","Scheduling Survey for - KEY_EMA_1730TO1800_CHILD"
"2016-10-29 00:03:56 PDT","I","test2@match_com","SurveyManagerService","Survey KEY_EMA_1730TO1800_CHILD is already scheduled"
"2016-10-29 00:03:56 PDT","I","test2@match_com","SurveyManagerService","Scheduling Survey for - KEY_EMA_1930TO2000_CHILD"
"2016-10-29 00:03:56 PDT","I","test2@match_com","SurveyManagerService","Survey KEY_EMA_1930TO2000_CHILD is already scheduled"
"2016-10-29 00:03:56 PDT","I","test2@match_com","SurveyManagerService","Saliva surveys are already scheduled"
"2016-10-29 00:03:56 PDT","I","test2@match_com","SurveyManagerService","Survey KEY_SALIVA_BEDTIME scheduled for Sat Oct 29 21:46:56 PDT 2016"
"2016-10-29 00:03:56 PDT","I","test2@match_com","SurveyManagerService","Survey Schedule for KEY_EMA_0730TO0800_CHILD is Sat Oct 29 07:47:17 PDT 2016"
"2016-10-29 00:03:56 PDT","I","test2@match_com","SurveyManagerService","Still not time to prompt the survey"
"2016-10-29 00:03:56 PDT","I","test2@match_com","SurveyManagerService","Survey Schedule for KEY_EMA_0930TO1000_CHILD is Sat Oct 29 09:57:24 PDT 2016"
"2016-10-29 00:03:56 PDT","I","test2@match_com","SurveyManagerService","Still not time to prompt the survey"
"2016-10-29 00:03:56 PDT","I","test2@match_com","SurveyManagerService","Survey Schedule for KEY_EMA_1130TO1200_CHILD is Sat Oct 29 11:45:10 PDT 2016"
"2016-10-29 00:03:56 PDT","I","test2@match_com","SurveyManagerService","Still not time to prompt the survey"
"2016-10-29 00:03:56 PDT","I","test2@match_com","SurveyManagerService","Survey Schedule for KEY_EMA_1330TO1400_CHILD is Sat Oct 29 13:44:02 PDT 2016"
"2016-10-29 00:03:56 PDT","I","test2@match_com","SurveyManagerService","Still not time to prompt the survey"
"2016-10-29 00:03:56 PDT","I","test2@match_com","SurveyManagerService","Survey Schedule for KEY_EMA_1530TO1600_CHILD is Sat Oct 29 15:33:41 PDT 2016"
"2016-10-29 00:03:56 PDT","I","test2@match_com","SurveyManagerService","Still not time to prompt the survey"
"2016-10-29 00:03:56 PDT","I","test2@match_com","SurveyManagerService","Survey Schedule for KEY_EMA_1730TO1800_CHILD is Sat Oct 29 17:47:43 PDT 2016"
"2016-10-29 00:03:56 PDT","I","test2@match_com","SurveyManagerService","Still not time to prompt the survey"
"2016-10-29 00:03:56 PDT","I","test2@match_com","SurveyManagerService","Survey Schedule for KEY_EMA_1930TO2000_CHILD is Sat Oct 29 19:36:11 PDT 2016"
"2016-10-29 00:03:56 PDT","I","test2@match_com","SurveyManagerService","Still not time to prompt the survey"
"2016-10-29 00:03:56 PDT","I","test2@match_com","SurveyManagerService","KEY_SALIVA_WAKING is scheduled for Sat Oct 29 06:46:56 PDT 2016"
"2016-10-29 00:03:56 PDT","I","test2@match_com","SurveyManagerService","Prompt KEY_SALIVA_WAKING is in the future - Sat Oct 29 06:46:56 PDT 2016"
"2016-10-29 00:03:56 PDT","I","test2@match_com","SurveyManagerService","KEY_SALIVA_WAKING_PLUS_30 is scheduled for Sat Oct 29 07:16:56 PDT 2016"
"2016-10-29 00:03:56 PDT","I","test2@match_com","SurveyManagerService","Prompt KEY_SALIVA_WAKING_PLUS_30 is in the future - Sat Oct 29 07:16:56 PDT 2016"
"2016-10-29 00:03:56 PDT","I","test2@match_com","SurveyManagerService","KEY_SALIVA_AFTERNOON_4TO430_CHILD is scheduled for Sat Oct 29 16:16:27 PDT 2016"
"2016-10-29 00:03:56 PDT","I","test2@match_com","SurveyManagerService","Prompt KEY_SALIVA_AFTERNOON_4TO430_CHILD is in the future - Sat Oct 29 16:16:27 PDT 2016"
"2016-10-29 00:03:56 PDT","I","test2@match_com","SurveyManagerService","KEY_SALIVA_BEDTIME is scheduled for Sat Oct 29 21:46:56 PDT 2016"
"2016-10-29 00:03:56 PDT","I","test2@match_com","SurveyManagerService","Prompt KEY_SALIVA_BEDTIME is in the future - Sat Oct 29 21:46:56 PDT 2016"
"2016-10-29 00:03:56 PDT","I","test2@match_com","MinuteService","Inside onDestroy"
"2016-10-29 00:03:56 PDT","I","test2@match_com","UploadManagerService","Inside onDestroy"
"2016-10-29 00:03:56 PDT","I","test2@match_com","SurveyManagerService","Inside onDestroy"
"2016-10-29 00:03:56 PDT","I","test2@match_com","Zipper","unzipFileWithEncryption"
"2016-10-29 00:03:56 PDT","I","test2@match_com","Zipper","Deleting File - /storage/emulated/0/.MATCH/data/2016-10-29/00-PDT/GPS.csv.zip"
"2016-10-29 00:03:56 PDT","I","test2@match_com","Zipper","zipFileWithEncryption - /storage/emulated/0/.MATCH/data/2016-10-29/00-PDT/GPS.csv"
"2016-10-29 00:03:56 PDT","I","test2@match_com","Zipper","Creating ZipFile - /storage/emulated/0/.MATCH/data/2016-10-29/00-PDT/GPS.csv.zip"
"2016-10-29 00:03:57 PDT","I","test2@match_com","Zipper","Deleting File - /storage/emulated/0/.MATCH/data/2016-10-29/00-PDT/GPS.csv"
"2016-10-29 00:04:00 PDT","I","test2@match_com","UploadManagerService","Inside onCreate"
"2016-10-29 00:04:00 PDT","I","test2@match_com","UploadManagerService","Processing Logs"
"2016-10-29 00:04:00 PDT","I","test2@match_com","UploadManagerService","Processing Logs for Date - /storage/emulated/0/.MATCH/logs/2016-10-26"
"2016-10-29 00:04:00 PDT","I","test2@match_com","UploadManagerService","Processing Logs for Date - /storage/emulated/0/.MATCH/logs/2016-10-27"
"2016-10-29 00:04:00 PDT","I","test2@match_com","UploadManagerService","Processing Logs for Date - /storage/emulated/0/.MATCH/logs/2016-10-28"
"2016-10-29 00:04:00 PDT","I","test2@match_com","UploadManagerService","Processing Logs for Date - /storage/emulated/0/.MATCH/logs/2016-10-29"
"2016-10-29 00:04:00 PDT","I","test2@match_com","UploadManagerService","Processing Surveys"
"2016-10-29 00:04:00 PDT","I","test2@match_com","UploadManagerService","Processing Data files"
"2016-10-29 00:04:00 PDT","I","test2@match_com","UploadManagerService","Processing data for date - /storage/emulated/0/.MATCH/data/2016-10-26"
"2016-10-29 00:04:00 PDT","I","test2@match_com","UploadManagerService","Processing data for hour /storage/emulated/0/.MATCH/data/2016-10-26/19-PDT.zip.uploaded"
"2016-10-29 00:04:00 PDT","I","test2@match_com","UploadManagerService","Processing data for hour /storage/emulated/0/.MATCH/data/2016-10-26/13-PDT.zip.uploaded"
"2016-10-29 00:04:00 PDT","I","test2@match_com","UploadManagerService","Processing data for hour /storage/emulated/0/.MATCH/data/2016-10-26/14-PDT.zip.uploaded"
"2016-10-29 00:04:00 PDT","I","test2@match_com","UploadManagerService","Processing data for hour /storage/emulated/0/.MATCH/data/2016-10-26/15-PDT.zip.uploaded"
"2016-10-29 00:04:00 PDT","I","test2@match_com","UploadManagerService","Processing data for hour /storage/emulated/0/.MATCH/data/2016-10-26/16-PDT.zip.uploaded"
"2016-10-29 00:04:00 PDT","I","test2@match_com","UploadManagerService","Processing data for hour /storage/emulated/0/.MATCH/data/2016-10-26/17-PDT.zip.uploaded"
"2016-10-29 00:04:00 PDT","I","test2@match_com","UploadManagerService","Processing data for hour /storage/emulated/0/.MATCH/data/2016-10-26/21-PDT.zip.uploaded"
"2016-10-29 00:04:00 PDT","I","test2@match_com","UploadManagerService","Processing data for hour /storage/emulated/0/.MATCH/data/2016-10-26/22-PDT.zip.uploaded"
"2016-10-29 00:04:00 PDT","I","test2@match_com","UploadManagerService","Processing data for hour /storage/emulated/0/.MATCH/data/2016-10-26/18-PDT.zip.uploaded"
"2016-10-29 00:04:00 PDT","I","test2@match_com","UploadManagerService","Processing data for hour /storage/emulated/0/.MATCH/data/2016-10-26/20-PDT.zip.uploaded"
"2016-10-29 00:04:01 PDT","I","test2@match_com","UploadManagerService","Processing data for hour /storage/emulated/0/.MATCH/data/2016-10-26/23-PDT.zip.uploaded"
"2016-10-29 00:04:01 PDT","I","test2@match_com","UploadManagerService","Processing data for date - /storage/emulated/0/.MATCH/data/2016-10-27"
"2016-10-29 00:04:01 PDT","I","test2@match_com","UploadManagerService","Processing data for hour /storage/emulated/0/.MATCH/data/2016-10-27/01-PDT.zip.uploaded"
"2016-10-29 00:04:01 PDT","I","test2@match_com","UploadManagerService","Processing data for hour /storage/emulated/0/.MATCH/data/2016-10-27/03-PDT.zip.uploaded"
"2016-10-29 00:04:01 PDT","I","test2@match_com","UploadManagerService","Processing data for hour /storage/emulated/0/.MATCH/data/2016-10-27/04-PDT.zip.uploaded"
"2016-10-29 00:04:01 PDT","I","test2@match_com","UploadManagerService","Processing data for hour /storage/emulated/0/.MATCH/data/2016-10-27/06-PDT.zip.uploaded"
"2016-10-29 00:04:01 PDT","I","test2@match_com","UploadManagerService","Processing data for hour /storage/emulated/0/.MATCH/data/2016-10-27/00-PDT.zip.uploaded"
"2016-10-29 00:04:01 PDT","I","test2@match_com","UploadManagerService","Processing data for hour /storage/emulated/0/.MATCH/data/2016-10-27/02-PDT.zip.uploaded"
"2016-10-29 00:04:01 PDT","I","test2@match_com","UploadManagerService","Processing data for hour /storage/emulated/0/.MATCH/data/2016-10-27/05-PDT.zip.uploaded"
"2016-10-29 00:04:01 PDT","I","test2@match_com","UploadManagerService","Processing data for date - /storage/emulated/0/.MATCH/data/2016-10-28"
"2016-10-29 00:04:01 PDT","I","test2@match_com","UploadManagerService","Processing data for hour /storage/emulated/0/.MATCH/data/2016-10-28/13-PDT.zip"
"2016-10-29 00:04:01 PDT","I","test2@match_com","UploadManagerService","Processing data for hour /storage/emulated/0/.MATCH/data/2016-10-28/14-PDT.zip"
"2016-10-29 00:04:01 PDT","I","test2@match_com","UploadManagerService","Processing data for hour /storage/emulated/0/.MATCH/data/2016-10-28/15-PDT.zip"
"2016-10-29 00:04:01 PDT","I","test2@match_com","UploadManagerService","Processing data for hour /storage/emulated/0/.MATCH/data/2016-10-28/16-PDT.zip"
"2016-10-29 00:04:01 PDT","I","test2@match_com","UploadManagerService","Processing data for hour /storage/emulated/0/.MATCH/data/2016-10-28/17-PDT.zip"
"2016-10-29 00:04:01 PDT","I","test2@match_com","UploadManagerService","Processing data for hour /storage/emulated/0/.MATCH/data/2016-10-28/18-PDT.zip"
"2016-10-29 00:04:01 PDT","I","test2@match_com","UploadManagerService","Processing data for hour /storage/emulated/0/.MATCH/data/2016-10-28/19-PDT.zip"
"2016-10-29 00:04:01 PDT","I","test2@match_com","UploadManagerService","Processing data for hour /storage/emulated/0/.MATCH/data/2016-10-28/20-PDT.zip"
"2016-10-29 00:04:01 PDT","I","test2@match_com","UploadManagerService","Processing data for hour /storage/emulated/0/.MATCH/data/2016-10-28/21-PDT.zip"
"2016-10-29 00:04:01 PDT","I","test2@match_com","UploadManagerService","Processing data for hour /storage/emulated/0/.MATCH/data/2016-10-28/22-PDT.zip"
"2016-10-29 00:04:01 PDT","I","test2@match_com","UploadManagerService","Processing data for hour /storage/emulated/0/.MATCH/data/2016-10-28/23-PDT.zip"
"2016-10-29 00:04:01 PDT","I","test2@match_com","UploadManagerService","Processing data for date - /storage/emulated/0/.MATCH/data/2016-10-29"
"2016-10-29 00:04:01 PDT","I","test2@match_com","UploadManagerService","Processing data for hour /storage/emulated/0/.MATCH/data/2016-10-29/00-PDT"
"2016-10-29 00:04:01 PDT","I","test2@match_com","UploadManagerService","Internet is not connected. Not trying to upload files."
"2016-10-29 00:04:01 PDT","I","test2@match_com","MinuteService","Inside onCreate"
"2016-10-29 00:04:01 PDT","I","test2@match_com","MinuteService","Minute Service Alarm was set by - MinuteService"
"2016-10-29 00:04:01 PDT","I","test2@match_com","MinuteService","Time since previous run - 5"
"2016-10-29 00:04:01 PDT","I","test2@match_com","MinuteService","Previous run within last 50 seconds, ignoring this run"
"2016-10-29 00:04:01 PDT","I","test2@match_com","BackupMinuteService","Inside onCreate"
"2016-10-29 00:04:01 PDT","I","test2@match_com","Util","Inside setBackupMinuteServiceAlarm"
"2016-10-29 00:04:01 PDT","I","test2@match_com","Util","BackupMinuteService last run at - Sat Oct 29 00:04:01 PDT 2016"
"2016-10-29 00:04:01 PDT","I","test2@match_com","Util","BackupMinuteService next run at - Sat Oct 29 00:05:01 PDT 2016"
"2016-10-29 00:04:01 PDT","I","test2@match_com","AlwaysOnService","Received Intent - android.intent.action.TIME_TICK"
"2016-10-29 00:04:01 PDT","I","test2@match_com","UploadManagerService","Inside onDestroy"
"2016-10-29 00:04:01 PDT","I","test2@match_com","MinuteService","Inside onDestroy"
"2016-10-29 00:04:01 PDT","I","test2@match_com","MinuteService","Inside onCreate"
"2016-10-29 00:04:01 PDT","I","test2@match_com","MinuteService","Minute Service Alarm was set by - MinuteService"
"2016-10-29 00:04:01 PDT","I","test2@match_com","MinuteService","Time since previous run - 5"
"2016-10-29 00:04:01 PDT","I","test2@match_com","MinuteService","Previous run within last 50 seconds, ignoring this run"
"2016-10-29 00:04:01 PDT","I","test2@match_com","BackupMinuteService","Inside onDestroy"
"2016-10-29 00:04:01 PDT","I","test2@match_com","MinuteService","Inside onDestroy"
"2016-10-29 00:04:08 PDT","I","test2@match_com","AlwaysOnService","Received Intent - android.intent.action.BATTERY_CHANGED"
"2016-10-29 00:04:55 PDT","I","test2@match_com","MinuteService","Inside onCreate"
"2016-10-29 00:04:55 PDT","I","test2@match_com","MinuteService","Minute Service Alarm was set by - MinuteService"
"2016-10-29 00:04:55 PDT","I","test2@match_com","MinuteService","Time since previous run - 60"
"2016-10-29 00:04:55 PDT","I","test2@match_com","MinuteService","Setting Minute Service Last Run"
"2016-10-29 00:04:55 PDT","I","test2@match_com","MinuteService","Setting Minute Service Alarm"
"2016-10-29 00:04:55 PDT","I","test2@match_com","Util","Inside setMinuteServiceAlarmFromMinuteService"
"2016-10-29 00:04:55 PDT","I","test2@match_com","Util","MinuteService last run at - Sat Oct 29 00:04:55 PDT 2016"
"2016-10-29 00:04:55 PDT","I","test2@match_com","Util","MinuteService next run at - Sat Oct 29 00:05:55 PDT 2016"
"2016-10-29 00:04:55 PDT","I","test2@match_com","MinuteService","Setting Minute Service Backup Alarm"
"2016-10-29 00:04:55 PDT","I","test2@match_com","Util","Inside setBackupMinuteServiceAlarm"
"2016-10-29 00:04:55 PDT","I","test2@match_com","Util","BackupMinuteService last run at - Sat Oct 29 00:04:01 PDT 2016"
"2016-10-29 00:04:55 PDT","I","test2@match_com","Util","BackupMinuteService next run at - Sat Oct 29 00:05:01 PDT 2016"
"2016-10-29 00:04:55 PDT","I","test2@match_com","MinuteService","Initializing MATCHConstants"
"2016-10-29 00:04:55 PDT","I","test2@match_com","MinuteService","Notifying user about minute service run"
"2016-10-29 00:04:55 PDT","I","test2@match_com","MinuteService","Writing status to Firebase Database"
"2016-10-29 00:04:55 PDT","I","test2@match_com","MinuteService","Logging Network Status"
"2016-10-29 00:04:56 PDT","I","test2@match_com","ConnectivityManager","isConnected - false - isWifi - false - isMobileInternet - false"
"2016-10-29 00:04:56 PDT","I","test2@match_com","MinuteService","Logging Battery Status"
"2016-10-29 00:04:56 PDT","I","test2@match_com","BatteryManager","Percentage - 77 - isCharging - true - isUSBCharging - false - isACCharging - true - isWirelessCharging - false"
"2016-10-29 00:04:56 PDT","I","test2@match_com","MinuteService","Logging Memory Status"
"2016-10-29 00:04:56 PDT","I","test2@match_com","MemoryManager","Total Memory,898,Available Memory,414,Threshold Memory,144,IsLowMemory,false"
"2016-10-29 00:04:56 PDT","I","test2@match_com","MinuteService","Logging Storage Status"
"2016-10-29 00:04:56 PDT","I","test2@match_com","StorageManager","Internal Total,2247,Internal Free,589,External Total,4637,External Free,3937"
"2016-10-29 00:04:56 PDT","I","test2@match_com","MinuteService","Logging Power Status"
"2016-10-29 00:04:56 PDT","I","test2@match_com","PowerManager","isDeviceIdleMode - false - isInteractive - false - isPowerSaveMode - false - isSustainedPerformanceModeSupported - false"
"2016-10-29 00:04:56 PDT","I","test2@match_com","MinuteService","Logging Notifications Status"
"2016-10-29 00:04:56 PDT","I","test2@match_com","NotificationManager","AreNotificationsEnabled - true - Importance - Unspecified"
"2016-10-29 00:04:56 PDT","I","test2@match_com","MinuteService","Logging Location"
"2016-10-29 00:04:56 PDT","I","test2@match_com","MinuteService","Fetching latest study data"
"2016-10-29 00:04:56 PDT","I","test2@match_com","MinuteService","Starting UploadManagerService"
"2016-10-29 00:04:56 PDT","I","test2@match_com","MinuteService","Starting SurveyManagerService"
"2016-10-29 00:04:56 PDT","I","test2@match_com","UploadManagerService","Inside onCreate"
"2016-10-29 00:04:56 PDT","I","test2@match_com","UploadManagerService","Processing Logs"
"2016-10-29 00:04:56 PDT","I","test2@match_com","UploadManagerService","Processing Logs for Date - /storage/emulated/0/.MATCH/logs/2016-10-26"
"2016-10-29 00:04:56 PDT","I","test2@match_com","UploadManagerService","Processing Logs for Date - /storage/emulated/0/.MATCH/logs/2016-10-27"
"2016-10-29 00:04:56 PDT","I","test2@match_com","UploadManagerService","Processing Logs for Date - /storage/emulated/0/.MATCH/logs/2016-10-28"
"2016-10-29 00:04:56 PDT","I","test2@match_com","UploadManagerService","Processing Logs for Date - /storage/emulated/0/.MATCH/logs/2016-10-29"
"2016-10-29 00:04:56 PDT","I","test2@match_com","UploadManagerService","Processing Surveys"
"2016-10-29 00:04:56 PDT","I","test2@match_com","UploadManagerService","Processing Data files"
"2016-10-29 00:04:56 PDT","I","test2@match_com","UploadManagerService","Processing data for date - /storage/emulated/0/.MATCH/data/2016-10-26"
"2016-10-29 00:04:56 PDT","I","test2@match_com","UploadManagerService","Processing data for hour /storage/emulated/0/.MATCH/data/2016-10-26/19-PDT.zip.uploaded"
"2016-10-29 00:04:56 PDT","I","test2@match_com","UploadManagerService","Processing data for hour /storage/emulated/0/.MATCH/data/2016-10-26/13-PDT.zip.uploaded"
"2016-10-29 00:04:56 PDT","I","test2@match_com","UploadManagerService","Processing data for hour /storage/emulated/0/.MATCH/data/2016-10-26/14-PDT.zip.uploaded"
"2016-10-29 00:04:56 PDT","I","test2@match_com","UploadManagerService","Processing data for hour /storage/emulated/0/.MATCH/data/2016-10-26/15-PDT.zip.uploaded"
"2016-10-29 00:04:56 PDT","I","test2@match_com","UploadManagerService","Processing data for hour /storage/emulated/0/.MATCH/data/2016-10-26/16-PDT.zip.uploaded"
"2016-10-29 00:04:56 PDT","I","test2@match_com","UploadManagerService","Processing data for hour /storage/emulated/0/.MATCH/data/2016-10-26/17-PDT.zip.uploaded"
"2016-10-29 00:04:56 PDT","I","test2@match_com","UploadManagerService","Processing data for hour /storage/emulated/0/.MATCH/data/2016-10-26/21-PDT.zip.uploaded"
"2016-10-29 00:04:56 PDT","I","test2@match_com","UploadManagerService","Processing data for hour /storage/emulated/0/.MATCH/data/2016-10-26/22-PDT.zip.uploaded"
"2016-10-29 00:04:56 PDT","I","test2@match_com","UploadManagerService","Processing data for hour /storage/emulated/0/.MATCH/data/2016-10-26/18-PDT.zip.uploaded"
"2016-10-29 00:04:56 PDT","I","test2@match_com","UploadManagerService","Processing data for hour /storage/emulated/0/.MATCH/data/2016-10-26/20-PDT.zip.uploaded"
"2016-10-29 00:04:56 PDT","I","test2@match_com","UploadManagerService","Processing data for hour /storage/emulated/0/.MATCH/data/2016-10-26/23-PDT.zip.uploaded"
"2016-10-29 00:04:56 PDT","I","test2@match_com","UploadManagerService","Processing data for date - /storage/emulated/0/.MATCH/data/2016-10-27"
"2016-10-29 00:04:56 PDT","I","test2@match_com","UploadManagerService","Processing data for hour /storage/emulated/0/.MATCH/data/2016-10-27/01-PDT.zip.uploaded"
"2016-10-29 00:04:56 PDT","I","test2@match_com","UploadManagerService","Processing data for hour /storage/emulated/0/.MATCH/data/2016-10-27/03-PDT.zip.uploaded"
"2016-10-29 00:04:56 PDT","I","test2@match_com","UploadManagerService","Processing data for hour /storage/emulated/0/.MATCH/data/2016-10-27/04-PDT.zip.uploaded"
"2016-10-29 00:04:56 PDT","I","test2@match_com","UploadManagerService","Processing data for hour /storage/emulated/0/.MATCH/data/2016-10-27/06-PDT.zip.uploaded"
"2016-10-29 00:04:56 PDT","I","test2@match_com","UploadManagerService","Processing data for hour /storage/emulated/0/.MATCH/data/2016-10-27/00-PDT.zip.uploaded"
"2016-10-29 00:04:56 PDT","I","test2@match_com","UploadManagerService","Processing data for hour /storage/emulated/0/.MATCH/data/2016-10-27/02-PDT.zip.uploaded"
"2016-10-29 00:04:56 PDT","I","test2@match_com","UploadManagerService","Processing data for hour /storage/emulated/0/.MATCH/data/2016-10-27/05-PDT.zip.uploaded"
"2016-10-29 00:04:56 PDT","I","test2@match_com","UploadManagerService","Processing data for date - /storage/emulated/0/.MATCH/data/2016-10-28"
"2016-10-29 00:04:56 PDT","I","test2@match_com","UploadManagerService","Processing data for hour /storage/emulated/0/.MATCH/data/2016-10-28/13-PDT.zip"
"2016-10-29 00:04:56 PDT","I","test2@match_com","UploadManagerService","Processing data for hour /storage/emulated/0/.MATCH/data/2016-10-28/14-PDT.zip"
"2016-10-29 00:04:56 PDT","I","test2@match_com","UploadManagerService","Processing data for hour /storage/emulated/0/.MATCH/data/2016-10-28/15-PDT.zip"
"2016-10-29 00:04:56 PDT","I","test2@match_com","UploadManagerService","Processing data for hour /storage/emulated/0/.MATCH/data/2016-10-28/16-PDT.zip"
"2016-10-29 00:04:56 PDT","I","test2@match_com","UploadManagerService","Processing data for hour /storage/emulated/0/.MATCH/data/2016-10-28/17-PDT.zip"
"2016-10-29 00:04:56 PDT","I","test2@match_com","UploadManagerService","Processing data for hour /storage/emulated/0/.MATCH/data/2016-10-28/18-PDT.zip"
"2016-10-29 00:04:56 PDT","I","test2@match_com","UploadManagerService","Processing data for hour /storage/emulated/0/.MATCH/data/2016-10-28/19-PDT.zip"
"2016-10-29 00:04:56 PDT","I","test2@match_com","UploadManagerService","Processing data for hour /storage/emulated/0/.MATCH/data/2016-10-28/20-PDT.zip"
"2016-10-29 00:04:56 PDT","I","test2@match_com","UploadManagerService","Processing data for hour /storage/emulated/0/.MATCH/data/2016-10-28/21-PDT.zip"
"2016-10-29 00:04:56 PDT","I","test2@match_com","UploadManagerService","Processing data for hour /storage/emulated/0/.MATCH/data/2016-10-28/22-PDT.zip"
"2016-10-29 00:04:56 PDT","I","test2@match_com","UploadManagerService","Processing data for hour /storage/emulated/0/.MATCH/data/2016-10-28/23-PDT.zip"
"2016-10-29 00:04:56 PDT","I","test2@match_com","UploadManagerService","Processing data for date - /storage/emulated/0/.MATCH/data/2016-10-29"
"2016-10-29 00:04:56 PDT","I","test2@match_com","UploadManagerService","Processing data for hour /storage/emulated/0/.MATCH/data/2016-10-29/00-PDT"
"2016-10-29 00:04:56 PDT","I","test2@match_com","UploadManagerService","Internet is not connected. Not trying to upload files."
"2016-10-29 00:04:56 PDT","I","test2@match_com","SurveyManagerService","Inside onCreate"
"2016-10-29 00:04:56 PDT","I","test2@match_com","SurveyManagerService","Current time is - Sat Oct 29 00:04:56 PDT 2016"
"2016-10-29 00:04:56 PDT","I","test2@match_com","SurveyManagerService","Start Date is - Tue Oct 25 19:00:00 PDT 2016"
"2016-10-29 00:04:56 PDT","I","test2@match_com","SurveyManagerService","End Date is - Tue Nov 01 16:00:00 PDT 2016"
"2016-10-29 00:04:56 PDT","I","test2@match_com","SurveyManagerService","Scheduling Survey for - KEY_EMA_0730TO0800_CHILD"
"2016-10-29 00:04:56 PDT","I","test2@match_com","SurveyManagerService","Survey KEY_EMA_0730TO0800_CHILD is already scheduled"
"2016-10-29 00:04:56 PDT","I","test2@match_com","SurveyManagerService","Scheduling Survey for - KEY_EMA_0930TO1000_CHILD"
"2016-10-29 00:04:56 PDT","I","test2@match_com","SurveyManagerService","Survey KEY_EMA_0930TO1000_CHILD is already scheduled"
"2016-10-29 00:04:56 PDT","I","test2@match_com","SurveyManagerService","Scheduling Survey for - KEY_EMA_1130TO1200_CHILD"
"2016-10-29 00:04:56 PDT","I","test2@match_com","SurveyManagerService","Survey KEY_EMA_1130TO1200_CHILD is already scheduled"
"2016-10-29 00:04:56 PDT","I","test2@match_com","SurveyManagerService","Scheduling Survey for - KEY_EMA_1330TO1400_CHILD"
"2016-10-29 00:04:56 PDT","I","test2@match_com","SurveyManagerService","Survey KEY_EMA_1330TO1400_CHILD is already scheduled"
"2016-10-29 00:04:56 PDT","I","test2@match_com","SurveyManagerService","Scheduling Survey for - KEY_EMA_1530TO1600_CHILD"
"2016-10-29 00:04:56 PDT","I","test2@match_com","SurveyManagerService","Survey KEY_EMA_1530TO1600_CHILD is already scheduled"
"2016-10-29 00:04:56 PDT","I","test2@match_com","SurveyManagerService","Scheduling Survey for - KEY_EMA_1730TO1800_CHILD"
"2016-10-29 00:04:56 PDT","I","test2@match_com","SurveyManagerService","Survey KEY_EMA_1730TO1800_CHILD is already scheduled"
"2016-10-29 00:04:56 PDT","I","test2@match_com","SurveyManagerService","Scheduling Survey for - KEY_EMA_1930TO2000_CHILD"
"2016-10-29 00:04:56 PDT","I","test2@match_com","SurveyManagerService","Survey KEY_EMA_1930TO2000_CHILD is already scheduled"
"2016-10-29 00:04:56 PDT","I","test2@match_com","SurveyManagerService","Saliva surveys are already scheduled"
"2016-10-29 00:04:56 PDT","I","test2@match_com","SurveyManagerService","Survey KEY_SALIVA_BEDTIME scheduled for Sat Oct 29 21:46:56 PDT 2016"
"2016-10-29 00:04:56 PDT","I","test2@match_com","SurveyManagerService","Survey Schedule for KEY_EMA_0730TO0800_CHILD is Sat Oct 29 07:47:17 PDT 2016"
"2016-10-29 00:04:56 PDT","I","test2@match_com","SurveyManagerService","Still not time to prompt the survey"
"2016-10-29 00:04:56 PDT","I","test2@match_com","SurveyManagerService","Survey Schedule for KEY_EMA_0930TO1000_CHILD is Sat Oct 29 09:57:24 PDT 2016"
"2016-10-29 00:04:56 PDT","I","test2@match_com","SurveyManagerService","Still not time to prompt the survey"
"2016-10-29 00:04:56 PDT","I","test2@match_com","SurveyManagerService","Survey Schedule for KEY_EMA_1130TO1200_CHILD is Sat Oct 29 11:45:10 PDT 2016"
"2016-10-29 00:04:56 PDT","I","test2@match_com","SurveyManagerService","Still not time to prompt the survey"
"2016-10-29 00:04:56 PDT","I","test2@match_com","SurveyManagerService","Survey Schedule for KEY_EMA_1330TO1400_CHILD is Sat Oct 29 13:44:02 PDT 2016"
"2016-10-29 00:04:56 PDT","I","test2@match_com","SurveyManagerService","Still not time to prompt the survey"
"2016-10-29 00:04:56 PDT","I","test2@match_com","SurveyManagerService","Survey Schedule for KEY_EMA_1530TO1600_CHILD is Sat Oct 29 15:33:41 PDT 2016"
"2016-10-29 00:04:56 PDT","I","test2@match_com","SurveyManagerService","Still not time to prompt the survey"
"2016-10-29 00:04:56 PDT","I","test2@match_com","SurveyManagerService","Survey Schedule for KEY_EMA_1730TO1800_CHILD is Sat Oct 29 17:47:43 PDT 2016"
"2016-10-29 00:04:56 PDT","I","test2@match_com","SurveyManagerService","Still not time to prompt the survey"
"2016-10-29 00:04:56 PDT","I","test2@match_com","SurveyManagerService","Survey Schedule for KEY_EMA_1930TO2000_CHILD is Sat Oct 29 19:36:11 PDT 2016"
"2016-10-29 00:04:56 PDT","I","test2@match_com","SurveyManagerService","Still not time to prompt the survey"
"2016-10-29 00:04:56 PDT","I","test2@match_com","SurveyManagerService","KEY_SALIVA_WAKING is scheduled for Sat Oct 29 06:46:56 PDT 2016"
"2016-10-29 00:04:56 PDT","I","test2@match_com","SurveyManagerService","Prompt KEY_SALIVA_WAKING is in the future - Sat Oct 29 06:46:56 PDT 2016"
"2016-10-29 00:04:56 PDT","I","test2@match_com","SurveyManagerService","KEY_SALIVA_WAKING_PLUS_30 is scheduled for Sat Oct 29 07:16:56 PDT 2016"
"2016-10-29 00:04:56 PDT","I","test2@match_com","SurveyManagerService","Prompt KEY_SALIVA_WAKING_PLUS_30 is in the future - Sat Oct 29 07:16:56 PDT 2016"
"2016-10-29 00:04:56 PDT","I","test2@match_com","SurveyManagerService","KEY_SALIVA_AFTERNOON_4TO430_CHILD is scheduled for Sat Oct 29 16:16:27 PDT 2016"
"2016-10-29 00:04:56 PDT","I","test2@match_com","SurveyManagerService","Prompt KEY_SALIVA_AFTERNOON_4TO430_CHILD is in the future - Sat Oct 29 16:16:27 PDT 2016"
"2016-10-29 00:04:56 PDT","I","test2@match_com","SurveyManagerService","KEY_SALIVA_BEDTIME is scheduled for Sat Oct 29 21:46:56 PDT 2016"
"2016-10-29 00:04:56 PDT","I","test2@match_com","SurveyManagerService","Prompt KEY_SALIVA_BEDTIME is in the future - Sat Oct 29 21:46:56 PDT 2016"
"2016-10-29 00:04:56 PDT","I","test2@match_com","MinuteService","Inside onDestroy"
"2016-10-29 00:04:56 PDT","I","test2@match_com","UploadManagerService","Inside onDestroy"
"2016-10-29 00:04:56 PDT","I","test2@match_com","SurveyManagerService","Inside onDestroy"
"2016-10-29 00:04:56 PDT","I","test2@match_com","Zipper","unzipFileWithEncryption"
"2016-10-29 00:04:56 PDT","I","test2@match_com","Zipper","Deleting File - /storage/emulated/0/.MATCH/data/2016-10-29/00-PDT/GPS.csv.zip"
"2016-10-29 00:04:56 PDT","I","test2@match_com","Zipper","zipFileWithEncryption - /storage/emulated/0/.MATCH/data/2016-10-29/00-PDT/GPS.csv"
"2016-10-29 00:04:56 PDT","I","test2@match_com","Zipper","Creating ZipFile - /storage/emulated/0/.MATCH/data/2016-10-29/00-PDT/GPS.csv.zip"
"2016-10-29 00:04:57 PDT","I","test2@match_com","Zipper","Deleting File - /storage/emulated/0/.MATCH/data/2016-10-29/00-PDT/GPS.csv"
"2016-10-29 00:04:58 PDT","I","test2@match_com","AlwaysOnService","Received Intent - android.intent.action.BATTERY_CHANGED"
"2016-10-29 00:05:00 PDT","I","test2@match_com","UploadManagerService","Inside onCreate"
"2016-10-29 00:05:00 PDT","I","test2@match_com","UploadManagerService","Processing Logs"
"2016-10-29 00:05:00 PDT","I","test2@match_com","UploadManagerService","Processing Logs for Date - /storage/emulated/0/.MATCH/logs/2016-10-26"
"2016-10-29 00:05:00 PDT","I","test2@match_com","UploadManagerService","Processing Logs for Date - /storage/emulated/0/.MATCH/logs/2016-10-27"
"2016-10-29 00:05:00 PDT","I","test2@match_com","UploadManagerService","Processing Logs for Date - /storage/emulated/0/.MATCH/logs/2016-10-28"
"2016-10-29 00:05:00 PDT","I","test2@match_com","UploadManagerService","Processing Logs for Date - /storage/emulated/0/.MATCH/logs/2016-10-29"
"2016-10-29 00:05:00 PDT","I","test2@match_com","UploadManagerService","Processing Surveys"
"2016-10-29 00:05:00 PDT","I","test2@match_com","UploadManagerService","Processing Data files"
"2016-10-29 00:05:00 PDT","I","test2@match_com","UploadManagerService","Processing data for date - /storage/emulated/0/.MATCH/data/2016-10-26"
"2016-10-29 00:05:00 PDT","I","test2@match_com","UploadManagerService","Processing data for hour /storage/emulated/0/.MATCH/data/2016-10-26/19-PDT.zip.uploaded"
"2016-10-29 00:05:00 PDT","I","test2@match_com","UploadManagerService","Processing data for hour /storage/emulated/0/.MATCH/data/2016-10-26/13-PDT.zip.uploaded"
"2016-10-29 00:05:00 PDT","I","test2@match_com","UploadManagerService","Processing data for hour /storage/emulated/0/.MATCH/data/2016-10-26/14-PDT.zip.uploaded"
"2016-10-29 00:05:00 PDT","I","test2@match_com","UploadManagerService","Processing data for hour /storage/emulated/0/.MATCH/data/2016-10-26/15-PDT.zip.uploaded"
"2016-10-29 00:05:00 PDT","I","test2@match_com","UploadManagerService","Processing data for hour /storage/emulated/0/.MATCH/data/2016-10-26/16-PDT.zip.uploaded"
"2016-10-29 00:05:00 PDT","I","test2@match_com","UploadManagerService","Processing data for hour /storage/emulated/0/.MATCH/data/2016-10-26/17-PDT.zip.uploaded"
"2016-10-29 00:05:00 PDT","I","test2@match_com","UploadManagerService","Processing data for hour /storage/emulated/0/.MATCH/data/2016-10-26/21-PDT.zip.uploaded"
"2016-10-29 00:05:00 PDT","I","test2@match_com","UploadManagerService","Processing data for hour /storage/emulated/0/.MATCH/data/2016-10-26/22-PDT.zip.uploaded"
"2016-10-29 00:05:01 PDT","I","test2@match_com","UploadManagerService","Processing data for hour /storage/emulated/0/.MATCH/data/2016-10-26/18-PDT.zip.uploaded"
"2016-10-29 00:05:01 PDT","I","test2@match_com","UploadManagerService","Processing data for hour /storage/emulated/0/.MATCH/data/2016-10-26/20-PDT.zip.uploaded"
"2016-10-29 00:05:01 PDT","I","test2@match_com","UploadManagerService","Processing data for hour /storage/emulated/0/.MATCH/data/2016-10-26/23-PDT.zip.uploaded"
"2016-10-29 00:05:01 PDT","I","test2@match_com","UploadManagerService","Processing data for date - /storage/emulated/0/.MATCH/data/2016-10-27"
"2016-10-29 00:05:01 PDT","I","test2@match_com","UploadManagerService","Processing data for hour /storage/emulated/0/.MATCH/data/2016-10-27/01-PDT.zip.uploaded"
"2016-10-29 00:05:01 PDT","I","test2@match_com","UploadManagerService","Processing data for hour /storage/emulated/0/.MATCH/data/2016-10-27/03-PDT.zip.uploaded"
"2016-10-29 00:05:01 PDT","I","test2@match_com","UploadManagerService","Processing data for hour /storage/emulated/0/.MATCH/data/2016-10-27/04-PDT.zip.uploaded"
"2016-10-29 00:05:01 PDT","I","test2@match_com","UploadManagerService","Processing data for hour /storage/emulated/0/.MATCH/data/2016-10-27/06-PDT.zip.uploaded"
"2016-10-29 00:05:01 PDT","I","test2@match_com","UploadManagerService","Processing data for hour /storage/emulated/0/.MATCH/data/2016-10-27/00-PDT.zip.uploaded"
"2016-10-29 00:05:01 PDT","I","test2@match_com","UploadManagerService","Processing data for hour /storage/emulated/0/.MATCH/data/2016-10-27/02-PDT.zip.uploaded"
"2016-10-29 00:05:01 PDT","I","test2@match_com","UploadManagerService","Processing data for hour /storage/emulated/0/.MATCH/data/2016-10-27/05-PDT.zip.uploaded"
"2016-10-29 00:05:01 PDT","I","test2@match_com","UploadManagerService","Processing data for date - /storage/emulated/0/.MATCH/data/2016-10-28"
"2016-10-29 00:05:01 PDT","I","test2@match_com","UploadManagerService","Processing data for hour /storage/emulated/0/.MATCH/data/2016-10-28/13-PDT.zip"
"2016-10-29 00:05:01 PDT","I","test2@match_com","UploadManagerService","Processing data for hour /storage/emulated/0/.MATCH/data/2016-10-28/14-PDT.zip"
"2016-10-29 00:05:01 PDT","I","test2@match_com","UploadManagerService","Processing data for hour /storage/emulated/0/.MATCH/data/2016-10-28/15-PDT.zip"
"2016-10-29 00:05:01 PDT","I","test2@match_com","UploadManagerService","Processing data for hour /storage/emulated/0/.MATCH/data/2016-10-28/16-PDT.zip"
"2016-10-29 00:05:01 PDT","I","test2@match_com","UploadManagerService","Processing data for hour /storage/emulated/0/.MATCH/data/2016-10-28/17-PDT.zip"
"2016-10-29 00:05:01 PDT","I","test2@match_com","UploadManagerService","Processing data for hour /storage/emulated/0/.MATCH/data/2016-10-28/18-PDT.zip"
"2016-10-29 00:05:01 PDT","I","test2@match_com","UploadManagerService","Processing data for hour /storage/emulated/0/.MATCH/data/2016-10-28/19-PDT.zip"
"2016-10-29 00:05:01 PDT","I","test2@match_com","UploadManagerService","Processing data for hour /storage/emulated/0/.MATCH/data/2016-10-28/20-PDT.zip"
"2016-10-29 00:05:01 PDT","I","test2@match_com","UploadManagerService","Processing data for hour /storage/emulated/0/.MATCH/data/2016-10-28/21-PDT.zip"
"2016-10-29 00:05:01 PDT","I","test2@match_com","UploadManagerService","Processing data for hour /storage/emulated/0/.MATCH/data/2016-10-28/22-PDT.zip"
"2016-10-29 00:05:01 PDT","I","test2@match_com","UploadManagerService","Processing data for hour /storage/emulated/0/.MATCH/data/2016-10-28/23-PDT.zip"
"2016-10-29 00:05:01 PDT","I","test2@match_com","UploadManagerService","Processing data for date - /storage/emulated/0/.MATCH/data/2016-10-29"
"2016-10-29 00:05:01 PDT","I","test2@match_com","UploadManagerService","Processing data for hour /storage/emulated/0/.MATCH/data/2016-10-29/00-PDT"
"2016-10-29 00:05:01 PDT","I","test2@match_com","UploadManagerService","Internet is not connected. Not trying to upload files."
"2016-10-29 00:05:01 PDT","I","test2@match_com","MinuteService","Inside onCreate"
"2016-10-29 00:05:01 PDT","I","test2@match_com","MinuteService","Minute Service Alarm was set by - MinuteService"
"2016-10-29 00:05:01 PDT","I","test2@match_com","MinuteService","Time since previous run - 5"
"2016-10-29 00:05:01 PDT","I","test2@match_com","MinuteService","Previous run within last 50 seconds, ignoring this run"
"2016-10-29 00:05:01 PDT","I","test2@match_com","UploadManagerService","Inside onDestroy"
"2016-10-29 00:05:01 PDT","I","test2@match_com","BackupMinuteService","Inside onCreate"
"2016-10-29 00:05:01 PDT","I","test2@match_com","Util","Inside setBackupMinuteServiceAlarm"
"2016-10-29 00:05:01 PDT","I","test2@match_com","Util","BackupMinuteService last run at - Sat Oct 29 00:05:01 PDT 2016"
"2016-10-29 00:05:01 PDT","I","test2@match_com","Util","BackupMinuteService next run at - Sat Oct 29 00:06:01 PDT 2016"
"2016-10-29 00:05:01 PDT","I","test2@match_com","MinuteService","Inside onDestroy"
"2016-10-29 00:05:01 PDT","I","test2@match_com","MinuteService","Inside onCreate"
"2016-10-29 00:05:01 PDT","I","test2@match_com","MinuteService","Minute Service Alarm was set by - MinuteService"
"2016-10-29 00:05:01 PDT","I","test2@match_com","MinuteService","Time since previous run - 5"
"2016-10-29 00:05:01 PDT","I","test2@match_com","MinuteService","Previous run within last 50 seconds, ignoring this run"
"2016-10-29 00:05:01 PDT","I","test2@match_com","BackupMinuteService","Inside onDestroy"
"2016-10-29 00:05:01 PDT","I","test2@match_com","MinuteService","Inside onDestroy"
"2016-10-29 00:05:01 PDT","I","test2@match_com","AlwaysOnService","Received Intent - android.intent.action.TIME_TICK"
"2016-10-29 00:05:23 PDT","I","test2@match_com","AlwaysOnService","Received Intent - android.intent.action.BATTERY_CHANGED"
"2016-10-29 00:05:55 PDT","I","test2@match_com","MinuteService","Inside onCreate"
"2016-10-29 00:05:55 PDT","I","test2@match_com","MinuteService","Minute Service Alarm was set by - MinuteService"
"2016-10-29 00:05:55 PDT","I","test2@match_com","MinuteService","Time since previous run - 60"
"2016-10-29 00:05:55 PDT","I","test2@match_com","MinuteService","Setting Minute Service Last Run"
"2016-10-29 00:05:55 PDT","I","test2@match_com","MinuteService","Setting Minute Service Alarm"
"2016-10-29 00:05:55 PDT","I","test2@match_com","Util","Inside setMinuteServiceAlarmFromMinuteService"
"2016-10-29 00:05:55 PDT","I","test2@match_com","Util","MinuteService last run at - Sat Oct 29 00:05:55 PDT 2016"
"2016-10-29 00:05:55 PDT","I","test2@match_com","Util","MinuteService next run at - Sat Oct 29 00:06:55 PDT 2016"
"2016-10-29 00:05:55 PDT","I","test2@match_com","MinuteService","Setting Minute Service Backup Alarm"
"2016-10-29 00:05:55 PDT","I","test2@match_com","Util","Inside setBackupMinuteServiceAlarm"
"2016-10-29 00:05:55 PDT","I","test2@match_com","Util","BackupMinuteService last run at - Sat Oct 29 00:05:01 PDT 2016"
"2016-10-29 00:05:55 PDT","I","test2@match_com","Util","BackupMinuteService next run at - Sat Oct 29 00:06:01 PDT 2016"
"2016-10-29 00:05:55 PDT","I","test2@match_com","MinuteService","Initializing MATCHConstants"
"2016-10-29 00:05:55 PDT","I","test2@match_com","MinuteService","Notifying user about minute service run"
"2016-10-29 00:05:55 PDT","I","test2@match_com","MinuteService","Writing status to Firebase Database"
"2016-10-29 00:05:56 PDT","I","test2@match_com","MinuteService","Logging Network Status"
"2016-10-29 00:05:56 PDT","I","test2@match_com","ConnectivityManager","isConnected - false - isWifi - false - isMobileInternet - false"
"2016-10-29 00:05:56 PDT","I","test2@match_com","MinuteService","Logging Battery Status"
"2016-10-29 00:05:56 PDT","I","test2@match_com","BatteryManager","Percentage - 78 - isCharging - true - isUSBCharging - false - isACCharging - true - isWirelessCharging - false"
"2016-10-29 00:05:56 PDT","I","test2@match_com","MinuteService","Logging Memory Status"
"2016-10-29 00:05:56 PDT","I","test2@match_com","MemoryManager","Total Memory,898,Available Memory,413,Threshold Memory,144,IsLowMemory,false"
"2016-10-29 00:05:56 PDT","I","test2@match_com","MinuteService","Logging Storage Status"
"2016-10-29 00:05:56 PDT","I","test2@match_com","StorageManager","Internal Total,2247,Internal Free,589,External Total,4637,External Free,3937"
"2016-10-29 00:05:56 PDT","I","test2@match_com","MinuteService","Logging Power Status"
"2016-10-29 00:05:56 PDT","I","test2@match_com","PowerManager","isDeviceIdleMode - false - isInteractive - false - isPowerSaveMode - false - isSustainedPerformanceModeSupported - false"
"2016-10-29 00:05:56 PDT","I","test2@match_com","MinuteService","Logging Notifications Status"
"2016-10-29 00:05:56 PDT","I","test2@match_com","NotificationManager","AreNotificationsEnabled - true - Importance - Unspecified"
"2016-10-29 00:05:56 PDT","I","test2@match_com","MinuteService","Logging Location"
"2016-10-29 00:05:56 PDT","I","test2@match_com","MinuteService","Fetching latest study data"
"2016-10-29 00:05:56 PDT","I","test2@match_com","MinuteService","Starting UploadManagerService"
"2016-10-29 00:05:56 PDT","I","test2@match_com","MinuteService","Starting SurveyManagerService"
"2016-10-29 00:05:56 PDT","I","test2@match_com","UploadManagerService","Inside onCreate"
"2016-10-29 00:05:56 PDT","I","test2@match_com","UploadManagerService","Processing Logs"
"2016-10-29 00:05:56 PDT","I","test2@match_com","UploadManagerService","Processing Logs for Date - /storage/emulated/0/.MATCH/logs/2016-10-26"
"2016-10-29 00:05:56 PDT","I","test2@match_com","UploadManagerService","Processing Logs for Date - /storage/emulated/0/.MATCH/logs/2016-10-27"
"2016-10-29 00:05:56 PDT","I","test2@match_com","UploadManagerService","Processing Logs for Date - /storage/emulated/0/.MATCH/logs/2016-10-28"
"2016-10-29 00:05:56 PDT","I","test2@match_com","UploadManagerService","Processing Logs for Date - /storage/emulated/0/.MATCH/logs/2016-10-29"
"2016-10-29 00:05:56 PDT","I","test2@match_com","UploadManagerService","Processing Surveys"
"2016-10-29 00:05:56 PDT","I","test2@match_com","UploadManagerService","Processing Data files"
"2016-10-29 00:05:56 PDT","I","test2@match_com","UploadManagerService","Processing data for date - /storage/emulated/0/.MATCH/data/2016-10-26"
"2016-10-29 00:05:56 PDT","I","test2@match_com","UploadManagerService","Processing data for hour /storage/emulated/0/.MATCH/data/2016-10-26/19-PDT.zip.uploaded"
"2016-10-29 00:05:56 PDT","I","test2@match_com","UploadManagerService","Processing data for hour /storage/emulated/0/.MATCH/data/2016-10-26/13-PDT.zip.uploaded"
"2016-10-29 00:05:56 PDT","I","test2@match_com","UploadManagerService","Processing data for hour /storage/emulated/0/.MATCH/data/2016-10-26/14-PDT.zip.uploaded"
"2016-10-29 00:05:56 PDT","I","test2@match_com","UploadManagerService","Processing data for hour /storage/emulated/0/.MATCH/data/2016-10-26/15-PDT.zip.uploaded"
"2016-10-29 00:05:56 PDT","I","test2@match_com","UploadManagerService","Processing data for hour /storage/emulated/0/.MATCH/data/2016-10-26/16-PDT.zip.uploaded"
"2016-10-29 00:05:56 PDT","I","test2@match_com","UploadManagerService","Processing data for hour /storage/emulated/0/.MATCH/data/2016-10-26/17-PDT.zip.uploaded"
"2016-10-29 00:05:56 PDT","I","test2@match_com","UploadManagerService","Processing data for hour /storage/emulated/0/.MATCH/data/2016-10-26/21-PDT.zip.uploaded"
"2016-10-29 00:05:56 PDT","I","test2@match_com","UploadManagerService","Processing data for hour /storage/emulated/0/.MATCH/data/2016-10-26/22-PDT.zip.uploaded"
"2016-10-29 00:05:56 PDT","I","test2@match_com","UploadManagerService","Processing data for hour /storage/emulated/0/.MATCH/data/2016-10-26/18-PDT.zip.uploaded"
"2016-10-29 00:05:56 PDT","I","test2@match_com","UploadManagerService","Processing data for hour /storage/emulated/0/.MATCH/data/2016-10-26/20-PDT.zip.uploaded"
"2016-10-29 00:05:56 PDT","I","test2@match_com","UploadManagerService","Processing data for hour /storage/emulated/0/.MATCH/data/2016-10-26/23-PDT.zip.uploaded"
"2016-10-29 00:05:56 PDT","I","test2@match_com","UploadManagerService","Processing data for date - /storage/emulated/0/.MATCH/data/2016-10-27"
"2016-10-29 00:05:56 PDT","I","test2@match_com","UploadManagerService","Processing data for hour /storage/emulated/0/.MATCH/data/2016-10-27/01-PDT.zip.uploaded"
"2016-10-29 00:05:56 PDT","I","test2@match_com","UploadManagerService","Processing data for hour /storage/emulated/0/.MATCH/data/2016-10-27/03-PDT.zip.uploaded"
"2016-10-29 00:05:56 PDT","I","test2@match_com","UploadManagerService","Processing data for hour /storage/emulated/0/.MATCH/data/2016-10-27/04-PDT.zip.uploaded"
"2016-10-29 00:05:56 PDT","I","test2@match_com","UploadManagerService","Processing data for hour /storage/emulated/0/.MATCH/data/2016-10-27/06-PDT.zip.uploaded"
"2016-10-29 00:05:56 PDT","I","test2@match_com","UploadManagerService","Processing data for hour /storage/emulated/0/.MATCH/data/2016-10-27/00-PDT.zip.uploaded"
"2016-10-29 00:05:56 PDT","I","test2@match_com","UploadManagerService","Processing data for hour /storage/emulated/0/.MATCH/data/2016-10-27/02-PDT.zip.uploaded"
"2016-10-29 00:05:56 PDT","I","test2@match_com","UploadManagerService","Processing data for hour /storage/emulated/0/.MATCH/data/2016-10-27/05-PDT.zip.uploaded"
"2016-10-29 00:05:56 PDT","I","test2@match_com","UploadManagerService","Processing data for date - /storage/emulated/0/.MATCH/data/2016-10-28"
"2016-10-29 00:05:56 PDT","I","test2@match_com","UploadManagerService","Processing data for hour /storage/emulated/0/.MATCH/data/2016-10-28/13-PDT.zip"
"2016-10-29 00:05:56 PDT","I","test2@match_com","UploadManagerService","Processing data for hour /storage/emulated/0/.MATCH/data/2016-10-28/14-PDT.zip"
"2016-10-29 00:05:56 PDT","I","test2@match_com","UploadManagerService","Processing data for hour /storage/emulated/0/.MATCH/data/2016-10-28/15-PDT.zip"
"2016-10-29 00:05:56 PDT","I","test2@match_com","UploadManagerService","Processing data for hour /storage/emulated/0/.MATCH/data/2016-10-28/16-PDT.zip"
"2016-10-29 00:05:56 PDT","I","test2@match_com","UploadManagerService","Processing data for hour /storage/emulated/0/.MATCH/data/2016-10-28/17-PDT.zip"
"2016-10-29 00:05:56 PDT","I","test2@match_com","UploadManagerService","Processing data for hour /storage/emulated/0/.MATCH/data/2016-10-28/18-PDT.zip"
"2016-10-29 00:05:56 PDT","I","test2@match_com","UploadManagerService","Processing data for hour /storage/emulated/0/.MATCH/data/2016-10-28/19-PDT.zip"
"2016-10-29 00:05:56 PDT","I","test2@match_com","UploadManagerService","Processing data for hour /storage/emulated/0/.MATCH/data/2016-10-28/20-PDT.zip"
"2016-10-29 00:05:56 PDT","I","test2@match_com","UploadManagerService","Processing data for hour /storage/emulated/0/.MATCH/data/2016-10-28/21-PDT.zip"
"2016-10-29 00:05:56 PDT","I","test2@match_com","UploadManagerService","Processing data for hour /storage/emulated/0/.MATCH/data/2016-10-28/22-PDT.zip"
"2016-10-29 00:05:56 PDT","I","test2@match_com","UploadManagerService","Processing data for hour /storage/emulated/0/.MATCH/data/2016-10-28/23-PDT.zip"
"2016-10-29 00:05:56 PDT","I","test2@match_com","UploadManagerService","Processing data for date - /storage/emulated/0/.MATCH/data/2016-10-29"
"2016-10-29 00:05:56 PDT","I","test2@match_com","UploadManagerService","Processing data for hour /storage/emulated/0/.MATCH/data/2016-10-29/00-PDT"
"2016-10-29 00:05:56 PDT","I","test2@match_com","UploadManagerService","Internet is not connected. Not trying to upload files."
"2016-10-29 00:05:56 PDT","I","test2@match_com","SurveyManagerService","Inside onCreate"
"2016-10-29 00:05:56 PDT","I","test2@match_com","SurveyManagerService","Current time is - Sat Oct 29 00:05:56 PDT 2016"
"2016-10-29 00:05:56 PDT","I","test2@match_com","SurveyManagerService","Start Date is - Tue Oct 25 19:00:00 PDT 2016"
"2016-10-29 00:05:56 PDT","I","test2@match_com","SurveyManagerService","End Date is - Tue Nov 01 16:00:00 PDT 2016"
"2016-10-29 00:05:56 PDT","I","test2@match_com","SurveyManagerService","Scheduling Survey for - KEY_EMA_0730TO0800_CHILD"
"2016-10-29 00:05:56 PDT","I","test2@match_com","SurveyManagerService","Survey KEY_EMA_0730TO0800_CHILD is already scheduled"
"2016-10-29 00:05:56 PDT","I","test2@match_com","SurveyManagerService","Scheduling Survey for - KEY_EMA_0930TO1000_CHILD"
"2016-10-29 00:05:56 PDT","I","test2@match_com","SurveyManagerService","Survey KEY_EMA_0930TO1000_CHILD is already scheduled"
"2016-10-29 00:05:56 PDT","I","test2@match_com","SurveyManagerService","Scheduling Survey for - KEY_EMA_1130TO1200_CHILD"
"2016-10-29 00:05:56 PDT","I","test2@match_com","SurveyManagerService","Survey KEY_EMA_1130TO1200_CHILD is already scheduled"
"2016-10-29 00:05:56 PDT","I","test2@match_com","SurveyManagerService","Scheduling Survey for - KEY_EMA_1330TO1400_CHILD"
"2016-10-29 00:05:56 PDT","I","test2@match_com","SurveyManagerService","Survey KEY_EMA_1330TO1400_CHILD is already scheduled"
"2016-10-29 00:05:56 PDT","I","test2@match_com","SurveyManagerService","Scheduling Survey for - KEY_EMA_1530TO1600_CHILD"
"2016-10-29 00:05:56 PDT","I","test2@match_com","SurveyManagerService","Survey KEY_EMA_1530TO1600_CHILD is already scheduled"
"2016-10-29 00:05:56 PDT","I","test2@match_com","SurveyManagerService","Scheduling Survey for - KEY_EMA_1730TO1800_CHILD"
"2016-10-29 00:05:56 PDT","I","test2@match_com","SurveyManagerService","Survey KEY_EMA_1730TO1800_CHILD is already scheduled"
"2016-10-29 00:05:56 PDT","I","test2@match_com","SurveyManagerService","Scheduling Survey for - KEY_EMA_1930TO2000_CHILD"
"2016-10-29 00:05:56 PDT","I","test2@match_com","SurveyManagerService","Survey KEY_EMA_1930TO2000_CHILD is already scheduled"
"2016-10-29 00:05:56 PDT","I","test2@match_com","SurveyManagerService","Saliva surveys are already scheduled"
"2016-10-29 00:05:56 PDT","I","test2@match_com","SurveyManagerService","Survey KEY_SALIVA_BEDTIME scheduled for Sat Oct 29 21:46:56 PDT 2016"
"2016-10-29 00:05:56 PDT","I","test2@match_com","SurveyManagerService","Survey Schedule for KEY_EMA_0730TO0800_CHILD is Sat Oct 29 07:47:17 PDT 2016"
"2016-10-29 00:05:56 PDT","I","test2@match_com","SurveyManagerService","Still not time to prompt the survey"
"2016-10-29 00:05:56 PDT","I","test2@match_com","SurveyManagerService","Survey Schedule for KEY_EMA_0930TO1000_CHILD is Sat Oct 29 09:57:24 PDT 2016"
"2016-10-29 00:05:56 PDT","I","test2@match_com","SurveyManagerService","Still not time to prompt the survey"
"2016-10-29 00:05:56 PDT","I","test2@match_com","SurveyManagerService","Survey Schedule for KEY_EMA_1130TO1200_CHILD is Sat Oct 29 11:45:10 PDT 2016"
"2016-10-29 00:05:56 PDT","I","test2@match_com","SurveyManagerService","Still not time to prompt the survey"
"2016-10-29 00:05:56 PDT","I","test2@match_com","SurveyManagerService","Survey Schedule for KEY_EMA_1330TO1400_CHILD is Sat Oct 29 13:44:02 PDT 2016"
"2016-10-29 00:05:56 PDT","I","test2@match_com","SurveyManagerService","Still not time to prompt the survey"
"2016-10-29 00:05:56 PDT","I","test2@match_com","SurveyManagerService","Survey Schedule for KEY_EMA_1530TO1600_CHILD is Sat Oct 29 15:33:41 PDT 2016"
"2016-10-29 00:05:56 PDT","I","test2@match_com","SurveyManagerService","Still not time to prompt the survey"
"2016-10-29 00:05:56 PDT","I","test2@match_com","SurveyManagerService","Survey Schedule for KEY_EMA_1730TO1800_CHILD is Sat Oct 29 17:47:43 PDT 2016"
"2016-10-29 00:05:56 PDT","I","test2@match_com","SurveyManagerService","Still not time to prompt the survey"
"2016-10-29 00:05:56 PDT","I","test2@match_com","SurveyManagerService","Survey Schedule for KEY_EMA_1930TO2000_CHILD is Sat Oct 29 19:36:11 PDT 2016"
"2016-10-29 00:05:56 PDT","I","test2@match_com","SurveyManagerService","Still not time to prompt the survey"
"2016-10-29 00:05:56 PDT","I","test2@match_com","SurveyManagerService","KEY_SALIVA_WAKING is scheduled for Sat Oct 29 06:46:56 PDT 2016"
"2016-10-29 00:05:56 PDT","I","test2@match_com","SurveyManagerService","Prompt KEY_SALIVA_WAKING is in the future - Sat Oct 29 06:46:56 PDT 2016"
"2016-10-29 00:05:56 PDT","I","test2@match_com","SurveyManagerService","KEY_SALIVA_WAKING_PLUS_30 is scheduled for Sat Oct 29 07:16:56 PDT 2016"
"2016-10-29 00:05:56 PDT","I","test2@match_com","SurveyManagerService","Prompt KEY_SALIVA_WAKING_PLUS_30 is in the future - Sat Oct 29 07:16:56 PDT 2016"
"2016-10-29 00:05:56 PDT","I","test2@match_com","SurveyManagerService","KEY_SALIVA_AFTERNOON_4TO430_CHILD is scheduled for Sat Oct 29 16:16:27 PDT 2016"
"2016-10-29 00:05:56 PDT","I","test2@match_com","SurveyManagerService","Prompt KEY_SALIVA_AFTERNOON_4TO430_CHILD is in the future - Sat Oct 29 16:16:27 PDT 2016"
"2016-10-29 00:05:56 PDT","I","test2@match_com","SurveyManagerService","KEY_SALIVA_BEDTIME is scheduled for Sat Oct 29 21:46:56 PDT 2016"
"2016-10-29 00:05:56 PDT","I","test2@match_com","SurveyManagerService","Prompt KEY_SALIVA_BEDTIME is in the future - Sat Oct 29 21:46:56 PDT 2016"
"2016-10-29 00:05:56 PDT","I","test2@match_com","MinuteService","Inside onDestroy"
"2016-10-29 00:05:56 PDT","I","test2@match_com","UploadManagerService","Inside onDestroy"
"2016-10-29 00:05:56 PDT","I","test2@match_com","SurveyManagerService","Inside onDestroy"
"2016-10-29 00:05:56 PDT","I","test2@match_com","Zipper","unzipFileWithEncryption"
"2016-10-29 00:05:56 PDT","I","test2@match_com","Zipper","Deleting File - /storage/emulated/0/.MATCH/data/2016-10-29/00-PDT/GPS.csv.zip"
"2016-10-29 00:05:56 PDT","I","test2@match_com","Zipper","zipFileWithEncryption - /storage/emulated/0/.MATCH/data/2016-10-29/00-PDT/GPS.csv"
"2016-10-29 00:05:56 PDT","I","test2@match_com","Zipper","Creating ZipFile - /storage/emulated/0/.MATCH/data/2016-10-29/00-PDT/GPS.csv.zip"
"2016-10-29 00:05:57 PDT","I","test2@match_com","Zipper","Deleting File - /storage/emulated/0/.MATCH/data/2016-10-29/00-PDT/GPS.csv"
"2016-10-29 00:05:58 PDT","I","test2@match_com","AlwaysOnService","Received Intent - android.intent.action.BATTERY_CHANGED"
"2016-10-29 00:06:00 PDT","I","test2@match_com","UploadManagerService","Inside onCreate"
"2016-10-29 00:06:00 PDT","I","test2@match_com","UploadManagerService","Processing Logs"
"2016-10-29 00:06:00 PDT","I","test2@match_com","UploadManagerService","Processing Logs for Date - /storage/emulated/0/.MATCH/logs/2016-10-26"
"2016-10-29 00:06:00 PDT","I","test2@match_com","UploadManagerService","Processing Logs for Date - /storage/emulated/0/.MATCH/logs/2016-10-27"
"2016-10-29 00:06:00 PDT","I","test2@match_com","UploadManagerService","Processing Logs for Date - /storage/emulated/0/.MATCH/logs/2016-10-28"
"2016-10-29 00:06:00 PDT","I","test2@match_com","UploadManagerService","Processing Logs for Date - /storage/emulated/0/.MATCH/logs/2016-10-29"
"2016-10-29 00:06:00 PDT","I","test2@match_com","UploadManagerService","Processing Surveys"
"2016-10-29 00:06:00 PDT","I","test2@match_com","UploadManagerService","Processing Data files"
"2016-10-29 00:06:00 PDT","I","test2@match_com","UploadManagerService","Processing data for date - /storage/emulated/0/.MATCH/data/2016-10-26"
"2016-10-29 00:06:00 PDT","I","test2@match_com","UploadManagerService","Processing data for hour /storage/emulated/0/.MATCH/data/2016-10-26/19-PDT.zip.uploaded"
"2016-10-29 00:06:00 PDT","I","test2@match_com","UploadManagerService","Processing data for hour /storage/emulated/0/.MATCH/data/2016-10-26/13-PDT.zip.uploaded"
"2016-10-29 00:06:00 PDT","I","test2@match_com","UploadManagerService","Processing data for hour /storage/emulated/0/.MATCH/data/2016-10-26/14-PDT.zip.uploaded"
"2016-10-29 00:06:00 PDT","I","test2@match_com","UploadManagerService","Processing data for hour /storage/emulated/0/.MATCH/data/2016-10-26/15-PDT.zip.uploaded"
"2016-10-29 00:06:00 PDT","I","test2@match_com","UploadManagerService","Processing data for hour /storage/emulated/0/.MATCH/data/2016-10-26/16-PDT.zip.uploaded"
"2016-10-29 00:06:00 PDT","I","test2@match_com","UploadManagerService","Processing data for hour /storage/emulated/0/.MATCH/data/2016-10-26/17-PDT.zip.uploaded"
"2016-10-29 00:06:00 PDT","I","test2@match_com","UploadManagerService","Processing data for hour /storage/emulated/0/.MATCH/data/2016-10-26/21-PDT.zip.uploaded"
"2016-10-29 00:06:00 PDT","I","test2@match_com","UploadManagerService","Processing data for hour /storage/emulated/0/.MATCH/data/2016-10-26/22-PDT.zip.uploaded"
"2016-10-29 00:06:00 PDT","I","test2@match_com","UploadManagerService","Processing data for hour /storage/emulated/0/.MATCH/data/2016-10-26/18-PDT.zip.uploaded"
"2016-10-29 00:06:00 PDT","I","test2@match_com","UploadManagerService","Processing data for hour /storage/emulated/0/.MATCH/data/2016-10-26/20-PDT.zip.uploaded"
"2016-10-29 00:06:01 PDT","I","test2@match_com","UploadManagerService","Processing data for hour /storage/emulated/0/.MATCH/data/2016-10-26/23-PDT.zip.uploaded"
"2016-10-29 00:06:01 PDT","I","test2@match_com","UploadManagerService","Processing data for date - /storage/emulated/0/.MATCH/data/2016-10-27"
"2016-10-29 00:06:01 PDT","I","test2@match_com","UploadManagerService","Processing data for hour /storage/emulated/0/.MATCH/data/2016-10-27/01-PDT.zip.uploaded"
"2016-10-29 00:06:01 PDT","I","test2@match_com","UploadManagerService","Processing data for hour /storage/emulated/0/.MATCH/data/2016-10-27/03-PDT.zip.uploaded"
"2016-10-29 00:06:01 PDT","I","test2@match_com","UploadManagerService","Processing data for hour /storage/emulated/0/.MATCH/data/2016-10-27/04-PDT.zip.uploaded"
"2016-10-29 00:06:01 PDT","I","test2@match_com","UploadManagerService","Processing data for hour /storage/emulated/0/.MATCH/data/2016-10-27/06-PDT.zip.uploaded"
"2016-10-29 00:06:01 PDT","I","test2@match_com","UploadManagerService","Processing data for hour /storage/emulated/0/.MATCH/data/2016-10-27/00-PDT.zip.uploaded"
"2016-10-29 00:06:01 PDT","I","test2@match_com","UploadManagerService","Processing data for hour /storage/emulated/0/.MATCH/data/2016-10-27/02-PDT.zip.uploaded"
"2016-10-29 00:06:01 PDT","I","test2@match_com","UploadManagerService","Processing data for hour /storage/emulated/0/.MATCH/data/2016-10-27/05-PDT.zip.uploaded"
"2016-10-29 00:06:01 PDT","I","test2@match_com","UploadManagerService","Processing data for date - /storage/emulated/0/.MATCH/data/2016-10-28"
"2016-10-29 00:06:01 PDT","I","test2@match_com","UploadManagerService","Processing data for hour /storage/emulated/0/.MATCH/data/2016-10-28/13-PDT.zip"
"2016-10-29 00:06:01 PDT","I","test2@match_com","UploadManagerService","Processing data for hour /storage/emulated/0/.MATCH/data/2016-10-28/14-PDT.zip"
"2016-10-29 00:06:01 PDT","I","test2@match_com","UploadManagerService","Processing data for hour /storage/emulated/0/.MATCH/data/2016-10-28/15-PDT.zip"
"2016-10-29 00:06:01 PDT","I","test2@match_com","UploadManagerService","Processing data for hour /storage/emulated/0/.MATCH/data/2016-10-28/16-PDT.zip"
"2016-10-29 00:06:01 PDT","I","test2@match_com","UploadManagerService","Processing data for hour /storage/emulated/0/.MATCH/data/2016-10-28/17-PDT.zip"
"2016-10-29 00:06:01 PDT","I","test2@match_com","UploadManagerService","Processing data for hour /storage/emulated/0/.MATCH/data/2016-10-28/18-PDT.zip"
"2016-10-29 00:06:01 PDT","I","test2@match_com","UploadManagerService","Processing data for hour /storage/emulated/0/.MATCH/data/2016-10-28/19-PDT.zip"
"2016-10-29 00:06:01 PDT","I","test2@match_com","UploadManagerService","Processing data for hour /storage/emulated/0/.MATCH/data/2016-10-28/20-PDT.zip"
"2016-10-29 00:06:01 PDT","I","test2@match_com","UploadManagerService","Processing data for hour /storage/emulated/0/.MATCH/data/2016-10-28/21-PDT.zip"
"2016-10-29 00:06:01 PDT","I","test2@match_com","UploadManagerService","Processing data for hour /storage/emulated/0/.MATCH/data/2016-10-28/22-PDT.zip"
"2016-10-29 00:06:01 PDT","I","test2@match_com","UploadManagerService","Processing data for hour /storage/emulated/0/.MATCH/data/2016-10-28/23-PDT.zip"
"2016-10-29 00:06:01 PDT","I","test2@match_com","UploadManagerService","Processing data for date - /storage/emulated/0/.MATCH/data/2016-10-29"
"2016-10-29 00:06:01 PDT","I","test2@match_com","UploadManagerService","Processing data for hour /storage/emulated/0/.MATCH/data/2016-10-29/00-PDT"
"2016-10-29 00:06:01 PDT","I","test2@match_com","UploadManagerService","Internet is not connected. Not trying to upload files."
"2016-10-29 00:06:01 PDT","I","test2@match_com","MinuteService","Inside onCreate"
"2016-10-29 00:06:01 PDT","I","test2@match_com","MinuteService","Minute Service Alarm was set by - MinuteService"
"2016-10-29 00:06:01 PDT","I","test2@match_com","MinuteService","Time since previous run - 5"
"2016-10-29 00:06:01 PDT","I","test2@match_com","MinuteService","Previous run within last 50 seconds, ignoring this run"
"2016-10-29 00:06:01 PDT","I","test2@match_com","UploadManagerService","Inside onDestroy"
"2016-10-29 00:06:01 PDT","I","test2@match_com","MinuteService","Inside onDestroy"
"2016-10-29 00:06:01 PDT","I","test2@match_com","BackupMinuteService","Inside onCreate"
"2016-10-29 00:06:01 PDT","I","test2@match_com","Util","Inside setBackupMinuteServiceAlarm"
"2016-10-29 00:06:01 PDT","I","test2@match_com","Util","BackupMinuteService last run at - Sat Oct 29 00:06:01 PDT 2016"
"2016-10-29 00:06:01 PDT","I","test2@match_com","Util","BackupMinuteService next run at - Sat Oct 29 00:07:01 PDT 2016"
"2016-10-29 00:06:01 PDT","I","test2@match_com","MinuteService","Inside onCreate"
"2016-10-29 00:06:01 PDT","I","test2@match_com","MinuteService","Minute Service Alarm was set by - MinuteService"
"2016-10-29 00:06:01 PDT","I","test2@match_com","MinuteService","Time since previous run - 5"
"2016-10-29 00:06:01 PDT","I","test2@match_com","MinuteService","Previous run within last 50 seconds, ignoring this run"
"2016-10-29 00:06:01 PDT","I","test2@match_com","BackupMinuteService","Inside onDestroy"
"2016-10-29 00:06:01 PDT","I","test2@match_com","MinuteService","Inside onDestroy"
"2016-10-29 00:06:01 PDT","I","test2@match_com","AlwaysOnService","Received Intent - android.intent.action.TIME_TICK"
"2016-10-29 00:06:55 PDT","I","test2@match_com","MinuteService","Inside onCreate"
"2016-10-29 00:06:55 PDT","I","test2@match_com","MinuteService","Minute Service Alarm was set by - MinuteService"
"2016-10-29 00:06:55 PDT","I","test2@match_com","MinuteService","Time since previous run - 60"
"2016-10-29 00:06:55 PDT","I","test2@match_com","MinuteService","Setting Minute Service Last Run"
"2016-10-29 00:06:55 PDT","I","test2@match_com","MinuteService","Setting Minute Service Alarm"
"2016-10-29 00:06:55 PDT","I","test2@match_com","Util","Inside setMinuteServiceAlarmFromMinuteService"
"2016-10-29 00:06:55 PDT","I","test2@match_com","Util","MinuteService last run at - Sat Oct 29 00:06:55 PDT 2016"
"2016-10-29 00:06:55 PDT","I","test2@match_com","Util","MinuteService next run at - Sat Oct 29 00:07:55 PDT 2016"
"2016-10-29 00:06:55 PDT","I","test2@match_com","MinuteService","Setting Minute Service Backup Alarm"
"2016-10-29 00:06:55 PDT","I","test2@match_com","Util","Inside setBackupMinuteServiceAlarm"
"2016-10-29 00:06:55 PDT","I","test2@match_com","Util","BackupMinuteService last run at - Sat Oct 29 00:06:01 PDT 2016"
"2016-10-29 00:06:55 PDT","I","test2@match_com","Util","BackupMinuteService next run at - Sat Oct 29 00:07:01 PDT 2016"
"2016-10-29 00:06:55 PDT","I","test2@match_com","MinuteService","Initializing MATCHConstants"
"2016-10-29 00:06:55 PDT","I","test2@match_com","MinuteService","Notifying user about minute service run"
"2016-10-29 00:06:55 PDT","I","test2@match_com","MinuteService","Writing status to Firebase Database"
"2016-10-29 00:06:56 PDT","I","test2@match_com","MinuteService","Logging Network Status"
"2016-10-29 00:06:56 PDT","I","test2@match_com","ConnectivityManager","isConnected - false - isWifi - false - isMobileInternet - false"
"2016-10-29 00:06:56 PDT","I","test2@match_com","MinuteService","Logging Battery Status"
"2016-10-29 00:06:56 PDT","I","test2@match_com","BatteryManager","Percentage - 78 - isCharging - true - isUSBCharging - false - isACCharging - true - isWirelessCharging - false"
"2016-10-29 00:06:56 PDT","I","test2@match_com","MinuteService","Logging Memory Status"
"2016-10-29 00:06:56 PDT","I","test2@match_com","MemoryManager","Total Memory,898,Available Memory,414,Threshold Memory,144,IsLowMemory,false"
"2016-10-29 00:06:56 PDT","I","test2@match_com","MinuteService","Logging Storage Status"
"2016-10-29 00:06:56 PDT","I","test2@match_com","StorageManager","Internal Total,2247,Internal Free,589,External Total,4637,External Free,3937"
"2016-10-29 00:06:56 PDT","I","test2@match_com","MinuteService","Logging Power Status"
"2016-10-29 00:06:56 PDT","I","test2@match_com","PowerManager","isDeviceIdleMode - false - isInteractive - false - isPowerSaveMode - false - isSustainedPerformanceModeSupported - false"
"2016-10-29 00:06:56 PDT","I","test2@match_com","MinuteService","Logging Notifications Status"
"2016-10-29 00:06:56 PDT","I","test2@match_com","NotificationManager","AreNotificationsEnabled - true - Importance - Unspecified"
"2016-10-29 00:06:56 PDT","I","test2@match_com","MinuteService","Logging Location"
"2016-10-29 00:06:56 PDT","I","test2@match_com","MinuteService","Fetching latest study data"
"2016-10-29 00:06:56 PDT","I","test2@match_com","MinuteService","Starting UploadManagerService"
"2016-10-29 00:06:56 PDT","I","test2@match_com","MinuteService","Starting SurveyManagerService"
"2016-10-29 00:06:56 PDT","I","test2@match_com","UploadManagerService","Inside onCreate"
"2016-10-29 00:06:56 PDT","I","test2@match_com","UploadManagerService","Processing Logs"
"2016-10-29 00:06:56 PDT","I","test2@match_com","UploadManagerService","Processing Logs for Date - /storage/emulated/0/.MATCH/logs/2016-10-26"
"2016-10-29 00:06:56 PDT","I","test2@match_com","UploadManagerService","Processing Logs for Date - /storage/emulated/0/.MATCH/logs/2016-10-27"
"2016-10-29 00:06:56 PDT","I","test2@match_com","UploadManagerService","Processing Logs for Date - /storage/emulated/0/.MATCH/logs/2016-10-28"
"2016-10-29 00:06:56 PDT","I","test2@match_com","UploadManagerService","Processing Logs for Date - /storage/emulated/0/.MATCH/logs/2016-10-29"
"2016-10-29 00:06:56 PDT","I","test2@match_com","UploadManagerService","Processing Surveys"
"2016-10-29 00:06:56 PDT","I","test2@match_com","UploadManagerService","Processing Data files"
"2016-10-29 00:06:56 PDT","I","test2@match_com","UploadManagerService","Processing data for date - /storage/emulated/0/.MATCH/data/2016-10-26"
"2016-10-29 00:06:56 PDT","I","test2@match_com","UploadManagerService","Processing data for hour /storage/emulated/0/.MATCH/data/2016-10-26/19-PDT.zip.uploaded"
"2016-10-29 00:06:56 PDT","I","test2@match_com","UploadManagerService","Processing data for hour /storage/emulated/0/.MATCH/data/2016-10-26/13-PDT.zip.uploaded"
"2016-10-29 00:06:56 PDT","I","test2@match_com","UploadManagerService","Processing data for hour /storage/emulated/0/.MATCH/data/2016-10-26/14-PDT.zip.uploaded"
"2016-10-29 00:06:56 PDT","I","test2@match_com","UploadManagerService","Processing data for hour /storage/emulated/0/.MATCH/data/2016-10-26/15-PDT.zip.uploaded"
"2016-10-29 00:06:56 PDT","I","test2@match_com","UploadManagerService","Processing data for hour /storage/emulated/0/.MATCH/data/2016-10-26/16-PDT.zip.uploaded"
"2016-10-29 00:06:56 PDT","I","test2@match_com","UploadManagerService","Processing data for hour /storage/emulated/0/.MATCH/data/2016-10-26/17-PDT.zip.uploaded"
"2016-10-29 00:06:56 PDT","I","test2@match_com","UploadManagerService","Processing data for hour /storage/emulated/0/.MATCH/data/2016-10-26/21-PDT.zip.uploaded"
"2016-10-29 00:06:56 PDT","I","test2@match_com","UploadManagerService","Processing data for hour /storage/emulated/0/.MATCH/data/2016-10-26/22-PDT.zip.uploaded"
"2016-10-29 00:06:56 PDT","I","test2@match_com","UploadManagerService","Processing data for hour /storage/emulated/0/.MATCH/data/2016-10-26/18-PDT.zip.uploaded"
"2016-10-29 00:06:56 PDT","I","test2@match_com","UploadManagerService","Processing data for hour /storage/emulated/0/.MATCH/data/2016-10-26/20-PDT.zip.uploaded"
"2016-10-29 00:06:56 PDT","I","test2@match_com","UploadManagerService","Processing data for hour /storage/emulated/0/.MATCH/data/2016-10-26/23-PDT.zip.uploaded"
"2016-10-29 00:06:56 PDT","I","test2@match_com","UploadManagerService","Processing data for date - /storage/emulated/0/.MATCH/data/2016-10-27"
"2016-10-29 00:06:56 PDT","I","test2@match_com","UploadManagerService","Processing data for hour /storage/emulated/0/.MATCH/data/2016-10-27/01-PDT.zip.uploaded"
"2016-10-29 00:06:56 PDT","I","test2@match_com","UploadManagerService","Processing data for hour /storage/emulated/0/.MATCH/data/2016-10-27/03-PDT.zip.uploaded"
"2016-10-29 00:06:56 PDT","I","test2@match_com","UploadManagerService","Processing data for hour /storage/emulated/0/.MATCH/data/2016-10-27/04-PDT.zip.uploaded"
"2016-10-29 00:06:56 PDT","I","test2@match_com","UploadManagerService","Processing data for hour /storage/emulated/0/.MATCH/data/2016-10-27/06-PDT.zip.uploaded"
"2016-10-29 00:06:56 PDT","I","test2@match_com","UploadManagerService","Processing data for hour /storage/emulated/0/.MATCH/data/2016-10-27/00-PDT.zip.uploaded"
"2016-10-29 00:06:56 PDT","I","test2@match_com","UploadManagerService","Processing data for hour /storage/emulated/0/.MATCH/data/2016-10-27/02-PDT.zip.uploaded"
"2016-10-29 00:06:56 PDT","I","test2@match_com","UploadManagerService","Processing data for hour /storage/emulated/0/.MATCH/data/2016-10-27/05-PDT.zip.uploaded"
"2016-10-29 00:06:56 PDT","I","test2@match_com","UploadManagerService","Processing data for date - /storage/emulated/0/.MATCH/data/2016-10-28"
"2016-10-29 00:06:56 PDT","I","test2@match_com","UploadManagerService","Processing data for hour /storage/emulated/0/.MATCH/data/2016-10-28/13-PDT.zip"
"2016-10-29 00:06:56 PDT","I","test2@match_com","UploadManagerService","Processing data for hour /storage/emulated/0/.MATCH/data/2016-10-28/14-PDT.zip"
"2016-10-29 00:06:56 PDT","I","test2@match_com","UploadManagerService","Processing data for hour /storage/emulated/0/.MATCH/data/2016-10-28/15-PDT.zip"
"2016-10-29 00:06:56 PDT","I","test2@match_com","UploadManagerService","Processing data for hour /storage/emulated/0/.MATCH/data/2016-10-28/16-PDT.zip"
"2016-10-29 00:06:56 PDT","I","test2@match_com","UploadManagerService","Processing data for hour /storage/emulated/0/.MATCH/data/2016-10-28/17-PDT.zip"
"2016-10-29 00:06:56 PDT","I","test2@match_com","UploadManagerService","Processing data for hour /storage/emulated/0/.MATCH/data/2016-10-28/18-PDT.zip"
"2016-10-29 00:06:56 PDT","I","test2@match_com","UploadManagerService","Processing data for hour /storage/emulated/0/.MATCH/data/2016-10-28/19-PDT.zip"
"2016-10-29 00:06:56 PDT","I","test2@match_com","UploadManagerService","Processing data for hour /storage/emulated/0/.MATCH/data/2016-10-28/20-PDT.zip"
"2016-10-29 00:06:56 PDT","I","test2@match_com","UploadManagerService","Processing data for hour /storage/emulated/0/.MATCH/data/2016-10-28/21-PDT.zip"
"2016-10-29 00:06:56 PDT","I","test2@match_com","UploadManagerService","Processing data for hour /storage/emulated/0/.MATCH/data/2016-10-28/22-PDT.zip"
"2016-10-29 00:06:56 PDT","I","test2@match_com","UploadManagerService","Processing data for hour /storage/emulated/0/.MATCH/data/2016-10-28/23-PDT.zip"
"2016-10-29 00:06:56 PDT","I","test2@match_com","UploadManagerService","Processing data for date - /storage/emulated/0/.MATCH/data/2016-10-29"
"2016-10-29 00:06:56 PDT","I","test2@match_com","UploadManagerService","Processing data for hour /storage/emulated/0/.MATCH/data/2016-10-29/00-PDT"
"2016-10-29 00:06:56 PDT","I","test2@match_com","UploadManagerService","Internet is not connected. Not trying to upload files."
"2016-10-29 00:06:56 PDT","I","test2@match_com","SurveyManagerService","Inside onCreate"
"2016-10-29 00:06:56 PDT","I","test2@match_com","SurveyManagerService","Current time is - Sat Oct 29 00:06:56 PDT 2016"
"2016-10-29 00:06:56 PDT","I","test2@match_com","SurveyManagerService","Start Date is - Tue Oct 25 19:00:00 PDT 2016"
"2016-10-29 00:06:56 PDT","I","test2@match_com","SurveyManagerService","End Date is - Tue Nov 01 16:00:00 PDT 2016"
"2016-10-29 00:06:56 PDT","I","test2@match_com","SurveyManagerService","Scheduling Survey for - KEY_EMA_0730TO0800_CHILD"
"2016-10-29 00:06:56 PDT","I","test2@match_com","SurveyManagerService","Survey KEY_EMA_0730TO0800_CHILD is already scheduled"
"2016-10-29 00:06:56 PDT","I","test2@match_com","SurveyManagerService","Scheduling Survey for - KEY_EMA_0930TO1000_CHILD"
"2016-10-29 00:06:56 PDT","I","test2@match_com","SurveyManagerService","Survey KEY_EMA_0930TO1000_CHILD is already scheduled"
"2016-10-29 00:06:56 PDT","I","test2@match_com","SurveyManagerService","Scheduling Survey for - KEY_EMA_1130TO1200_CHILD"
"2016-10-29 00:06:56 PDT","I","test2@match_com","SurveyManagerService","Survey KEY_EMA_1130TO1200_CHILD is already scheduled"
"2016-10-29 00:06:56 PDT","I","test2@match_com","SurveyManagerService","Scheduling Survey for - KEY_EMA_1330TO1400_CHILD"
"2016-10-29 00:06:56 PDT","I","test2@match_com","SurveyManagerService","Survey KEY_EMA_1330TO1400_CHILD is already scheduled"
"2016-10-29 00:06:56 PDT","I","test2@match_com","SurveyManagerService","Scheduling Survey for - KEY_EMA_1530TO1600_CHILD"
"2016-10-29 00:06:56 PDT","I","test2@match_com","SurveyManagerService","Survey KEY_EMA_1530TO1600_CHILD is already scheduled"
"2016-10-29 00:06:56 PDT","I","test2@match_com","SurveyManagerService","Scheduling Survey for - KEY_EMA_1730TO1800_CHILD"
"2016-10-29 00:06:56 PDT","I","test2@match_com","SurveyManagerService","Survey KEY_EMA_1730TO1800_CHILD is already scheduled"
"2016-10-29 00:06:56 PDT","I","test2@match_com","SurveyManagerService","Scheduling Survey for - KEY_EMA_1930TO2000_CHILD"
"2016-10-29 00:06:56 PDT","I","test2@match_com","SurveyManagerService","Survey KEY_EMA_1930TO2000_CHILD is already scheduled"
"2016-10-29 00:06:56 PDT","I","test2@match_com","SurveyManagerService","Saliva surveys are already scheduled"
"2016-10-29 00:06:56 PDT","I","test2@match_com","SurveyManagerService","Survey KEY_SALIVA_BEDTIME scheduled for Sat Oct 29 21:46:56 PDT 2016"
"2016-10-29 00:06:56 PDT","I","test2@match_com","SurveyManagerService","Survey Schedule for KEY_EMA_0730TO0800_CHILD is Sat Oct 29 07:47:17 PDT 2016"
"2016-10-29 00:06:56 PDT","I","test2@match_com","SurveyManagerService","Still not time to prompt the survey"
"2016-10-29 00:06:56 PDT","I","test2@match_com","SurveyManagerService","Survey Schedule for KEY_EMA_0930TO1000_CHILD is Sat Oct 29 09:57:24 PDT 2016"
"2016-10-29 00:06:56 PDT","I","test2@match_com","SurveyManagerService","Still not time to prompt the survey"
"2016-10-29 00:06:56 PDT","I","test2@match_com","SurveyManagerService","Survey Schedule for KEY_EMA_1130TO1200_CHILD is Sat Oct 29 11:45:10 PDT 2016"
"2016-10-29 00:06:56 PDT","I","test2@match_com","SurveyManagerService","Still not time to prompt the survey"
"2016-10-29 00:06:56 PDT","I","test2@match_com","SurveyManagerService","Survey Schedule for KEY_EMA_1330TO1400_CHILD is Sat Oct 29 13:44:02 PDT 2016"
"2016-10-29 00:06:56 PDT","I","test2@match_com","SurveyManagerService","Still not time to prompt the survey"
"2016-10-29 00:06:56 PDT","I","test2@match_com","SurveyManagerService","Survey Schedule for KEY_EMA_1530TO1600_CHILD is Sat Oct 29 15:33:41 PDT 2016"
"2016-10-29 00:06:56 PDT","I","test2@match_com","SurveyManagerService","Still not time to prompt the survey"
"2016-10-29 00:06:56 PDT","I","test2@match_com","SurveyManagerService","Survey Schedule for KEY_EMA_1730TO1800_CHILD is Sat Oct 29 17:47:43 PDT 2016"
"2016-10-29 00:06:56 PDT","I","test2@match_com","SurveyManagerService","Still not time to prompt the survey"
"2016-10-29 00:06:56 PDT","I","test2@match_com","SurveyManagerService","Survey Schedule for KEY_EMA_1930TO2000_CHILD is Sat Oct 29 19:36:11 PDT 2016"
"2016-10-29 00:06:56 PDT","I","test2@match_com","SurveyManagerService","Still not time to prompt the survey"
"2016-10-29 00:06:56 PDT","I","test2@match_com","SurveyManagerService","KEY_SALIVA_WAKING is scheduled for Sat Oct 29 06:46:56 PDT 2016"
"2016-10-29 00:06:56 PDT","I","test2@match_com","SurveyManagerService","Prompt KEY_SALIVA_WAKING is in the future - Sat Oct 29 06:46:56 PDT 2016"
"2016-10-29 00:06:56 PDT","I","test2@match_com","SurveyManagerService","KEY_SALIVA_WAKING_PLUS_30 is scheduled for Sat Oct 29 07:16:56 PDT 2016"
"2016-10-29 00:06:56 PDT","I","test2@match_com","SurveyManagerService","Prompt KEY_SALIVA_WAKING_PLUS_30 is in the future - Sat Oct 29 07:16:56 PDT 2016"
"2016-10-29 00:06:56 PDT","I","test2@match_com","SurveyManagerService","KEY_SALIVA_AFTERNOON_4TO430_CHILD is scheduled for Sat Oct 29 16:16:27 PDT 2016"
"2016-10-29 00:06:56 PDT","I","test2@match_com","SurveyManagerService","Prompt KEY_SALIVA_AFTERNOON_4TO430_CHILD is in the future - Sat Oct 29 16:16:27 PDT 2016"
"2016-10-29 00:06:56 PDT","I","test2@match_com","SurveyManagerService","KEY_SALIVA_BEDTIME is scheduled for Sat Oct 29 21:46:56 PDT 2016"
"2016-10-29 00:06:56 PDT","I","test2@match_com","SurveyManagerService","Prompt KEY_SALIVA_BEDTIME is in the future - Sat Oct 29 21:46:56 PDT 2016"
"2016-10-29 00:06:56 PDT","I","test2@match_com","MinuteService","Inside onDestroy"
"2016-10-29 00:06:56 PDT","I","test2@match_com","UploadManagerService","Inside onDestroy"
"2016-10-29 00:06:56 PDT","I","test2@match_com","SurveyManagerService","Inside onDestroy"
"2016-10-29 00:06:56 PDT","I","test2@match_com","Zipper","unzipFileWithEncryption"
"2016-10-29 00:06:56 PDT","I","test2@match_com","Zipper","Deleting File - /storage/emulated/0/.MATCH/data/2016-10-29/00-PDT/GPS.csv.zip"
"2016-10-29 00:06:56 PDT","I","test2@match_com","Zipper","zipFileWithEncryption - /storage/emulated/0/.MATCH/data/2016-10-29/00-PDT/GPS.csv"
"2016-10-29 00:06:56 PDT","I","test2@match_com","Zipper","Creating ZipFile - /storage/emulated/0/.MATCH/data/2016-10-29/00-PDT/GPS.csv.zip"
"2016-10-29 00:06:57 PDT","I","test2@match_com","Zipper","Deleting File - /storage/emulated/0/.MATCH/data/2016-10-29/00-PDT/GPS.csv"
"2016-10-29 00:06:58 PDT","I","test2@match_com","AlwaysOnService","Received Intent - android.intent.action.BATTERY_CHANGED"
"2016-10-29 00:07:00 PDT","I","test2@match_com","UploadManagerService","Inside onCreate"
"2016-10-29 00:07:00 PDT","I","test2@match_com","UploadManagerService","Processing Logs"
"2016-10-29 00:07:00 PDT","I","test2@match_com","UploadManagerService","Processing Logs for Date - /storage/emulated/0/.MATCH/logs/2016-10-26"
"2016-10-29 00:07:00 PDT","I","test2@match_com","UploadManagerService","Processing Logs for Date - /storage/emulated/0/.MATCH/logs/2016-10-27"
"2016-10-29 00:07:00 PDT","I","test2@match_com","UploadManagerService","Processing Logs for Date - /storage/emulated/0/.MATCH/logs/2016-10-28"
"2016-10-29 00:07:00 PDT","I","test2@match_com","UploadManagerService","Processing Logs for Date - /storage/emulated/0/.MATCH/logs/2016-10-29"
"2016-10-29 00:07:00 PDT","I","test2@match_com","UploadManagerService","Processing Surveys"
"2016-10-29 00:07:00 PDT","I","test2@match_com","UploadManagerService","Processing Data files"
"2016-10-29 00:07:00 PDT","I","test2@match_com","UploadManagerService","Processing data for date - /storage/emulated/0/.MATCH/data/2016-10-26"
"2016-10-29 00:07:00 PDT","I","test2@match_com","UploadManagerService","Processing data for hour /storage/emulated/0/.MATCH/data/2016-10-26/19-PDT.zip.uploaded"
"2016-10-29 00:07:00 PDT","I","test2@match_com","UploadManagerService","Processing data for hour /storage/emulated/0/.MATCH/data/2016-10-26/13-PDT.zip.uploaded"
"2016-10-29 00:07:00 PDT","I","test2@match_com","UploadManagerService","Processing data for hour /storage/emulated/0/.MATCH/data/2016-10-26/14-PDT.zip.uploaded"
"2016-10-29 00:07:00 PDT","I","test2@match_com","UploadManagerService","Processing data for hour /storage/emulated/0/.MATCH/data/2016-10-26/15-PDT.zip.uploaded"
"2016-10-29 00:07:00 PDT","I","test2@match_com","UploadManagerService","Processing data for hour /storage/emulated/0/.MATCH/data/2016-10-26/16-PDT.zip.uploaded"
"2016-10-29 00:07:01 PDT","I","test2@match_com","UploadManagerService","Processing data for hour /storage/emulated/0/.MATCH/data/2016-10-26/17-PDT.zip.uploaded"
"2016-10-29 00:07:01 PDT","I","test2@match_com","UploadManagerService","Processing data for hour /storage/emulated/0/.MATCH/data/2016-10-26/21-PDT.zip.uploaded"
"2016-10-29 00:07:01 PDT","I","test2@match_com","UploadManagerService","Processing data for hour /storage/emulated/0/.MATCH/data/2016-10-26/22-PDT.zip.uploaded"
"2016-10-29 00:07:01 PDT","I","test2@match_com","UploadManagerService","Processing data for hour /storage/emulated/0/.MATCH/data/2016-10-26/18-PDT.zip.uploaded"
"2016-10-29 00:07:01 PDT","I","test2@match_com","UploadManagerService","Processing data for hour /storage/emulated/0/.MATCH/data/2016-10-26/20-PDT.zip.uploaded"
"2016-10-29 00:07:01 PDT","I","test2@match_com","UploadManagerService","Processing data for hour /storage/emulated/0/.MATCH/data/2016-10-26/23-PDT.zip.uploaded"
"2016-10-29 00:07:01 PDT","I","test2@match_com","UploadManagerService","Processing data for date - /storage/emulated/0/.MATCH/data/2016-10-27"
"2016-10-29 00:07:01 PDT","I","test2@match_com","UploadManagerService","Processing data for hour /storage/emulated/0/.MATCH/data/2016-10-27/01-PDT.zip.uploaded"
"2016-10-29 00:07:01 PDT","I","test2@match_com","UploadManagerService","Processing data for hour /storage/emulated/0/.MATCH/data/2016-10-27/03-PDT.zip.uploaded"
"2016-10-29 00:07:01 PDT","I","test2@match_com","UploadManagerService","Processing data for hour /storage/emulated/0/.MATCH/data/2016-10-27/04-PDT.zip.uploaded"
"2016-10-29 00:07:01 PDT","I","test2@match_com","UploadManagerService","Processing data for hour /storage/emulated/0/.MATCH/data/2016-10-27/06-PDT.zip.uploaded"
"2016-10-29 00:07:01 PDT","I","test2@match_com","UploadManagerService","Processing data for hour /storage/emulated/0/.MATCH/data/2016-10-27/00-PDT.zip.uploaded"
"2016-10-29 00:07:01 PDT","I","test2@match_com","UploadManagerService","Processing data for hour /storage/emulated/0/.MATCH/data/2016-10-27/02-PDT.zip.uploaded"
"2016-10-29 00:07:01 PDT","I","test2@match_com","UploadManagerService","Processing data for hour /storage/emulated/0/.MATCH/data/2016-10-27/05-PDT.zip.uploaded"
"2016-10-29 00:07:01 PDT","I","test2@match_com","UploadManagerService","Processing data for date - /storage/emulated/0/.MATCH/data/2016-10-28"
"2016-10-29 00:07:01 PDT","I","test2@match_com","UploadManagerService","Processing data for hour /storage/emulated/0/.MATCH/data/2016-10-28/13-PDT.zip"
"2016-10-29 00:07:01 PDT","I","test2@match_com","UploadManagerService","Processing data for hour /storage/emulated/0/.MATCH/data/2016-10-28/14-PDT.zip"
"2016-10-29 00:07:01 PDT","I","test2@match_com","UploadManagerService","Processing data for hour /storage/emulated/0/.MATCH/data/2016-10-28/15-PDT.zip"
"2016-10-29 00:07:01 PDT","I","test2@match_com","UploadManagerService","Processing data for hour /storage/emulated/0/.MATCH/data/2016-10-28/16-PDT.zip"
"2016-10-29 00:07:01 PDT","I","test2@match_com","UploadManagerService","Processing data for hour /storage/emulated/0/.MATCH/data/2016-10-28/17-PDT.zip"
"2016-10-29 00:07:01 PDT","I","test2@match_com","UploadManagerService","Processing data for hour /storage/emulated/0/.MATCH/data/2016-10-28/18-PDT.zip"
"2016-10-29 00:07:01 PDT","I","test2@match_com","UploadManagerService","Processing data for hour /storage/emulated/0/.MATCH/data/2016-10-28/19-PDT.zip"
"2016-10-29 00:07:01 PDT","I","test2@match_com","UploadManagerService","Processing data for hour /storage/emulated/0/.MATCH/data/2016-10-28/20-PDT.zip"
"2016-10-29 00:07:01 PDT","I","test2@match_com","UploadManagerService","Processing data for hour /storage/emulated/0/.MATCH/data/2016-10-28/21-PDT.zip"
"2016-10-29 00:07:01 PDT","I","test2@match_com","UploadManagerService","Processing data for hour /storage/emulated/0/.MATCH/data/2016-10-28/22-PDT.zip"
"2016-10-29 00:07:01 PDT","I","test2@match_com","UploadManagerService","Processing data for hour /storage/emulated/0/.MATCH/data/2016-10-28/23-PDT.zip"
"2016-10-29 00:07:01 PDT","I","test2@match_com","UploadManagerService","Processing data for date - /storage/emulated/0/.MATCH/data/2016-10-29"
"2016-10-29 00:07:01 PDT","I","test2@match_com","UploadManagerService","Processing data for hour /storage/emulated/0/.MATCH/data/2016-10-29/00-PDT"
"2016-10-29 00:07:01 PDT","I","test2@match_com","UploadManagerService","Internet is not connected. Not trying to upload files."
"2016-10-29 00:07:01 PDT","I","test2@match_com","MinuteService","Inside onCreate"
"2016-10-29 00:07:01 PDT","I","test2@match_com","MinuteService","Minute Service Alarm was set by - MinuteService"
"2016-10-29 00:07:01 PDT","I","test2@match_com","MinuteService","Time since previous run - 5"
"2016-10-29 00:07:01 PDT","I","test2@match_com","MinuteService","Previous run within last 50 seconds, ignoring this run"
"2016-10-29 00:07:01 PDT","I","test2@match_com","UploadManagerService","Inside onDestroy"
"2016-10-29 00:07:01 PDT","I","test2@match_com","MinuteService","Inside onDestroy"
"2016-10-29 00:07:01 PDT","I","test2@match_com","BackupMinuteService","Inside onCreate"
"2016-10-29 00:07:01 PDT","I","test2@match_com","Util","Inside setBackupMinuteServiceAlarm"
"2016-10-29 00:07:01 PDT","I","test2@match_com","Util","BackupMinuteService last run at - Sat Oct 29 00:07:01 PDT 2016"
"2016-10-29 00:07:01 PDT","I","test2@match_com","Util","BackupMinuteService next run at - Sat Oct 29 00:08:01 PDT 2016"
"2016-10-29 00:07:01 PDT","I","test2@match_com","MinuteService","Inside onCreate"
"2016-10-29 00:07:01 PDT","I","test2@match_com","MinuteService","Minute Service Alarm was set by - MinuteService"
"2016-10-29 00:07:01 PDT","I","test2@match_com","MinuteService","Time since previous run - 5"
"2016-10-29 00:07:01 PDT","I","test2@match_com","MinuteService","Previous run within last 50 seconds, ignoring this run"
"2016-10-29 00:07:01 PDT","I","test2@match_com","BackupMinuteService","Inside onDestroy"
"2016-10-29 00:07:01 PDT","I","test2@match_com","MinuteService","Inside onDestroy"
"2016-10-29 00:07:01 PDT","I","test2@match_com","AlwaysOnService","Received Intent - android.intent.action.TIME_TICK"
"2016-10-29 00:07:23 PDT","I","test2@match_com","AlwaysOnService","Received Intent - android.intent.action.BATTERY_CHANGED"
"2016-10-29 00:07:51 PDT","I","test2@match_com","AlwaysOnService","Received Intent - android.intent.action.BATTERY_CHANGED"
"2016-10-29 00:07:55 PDT","I","test2@match_com","MinuteService","Inside onCreate"
"2016-10-29 00:07:55 PDT","I","test2@match_com","MinuteService","Minute Service Alarm was set by - MinuteService"
"2016-10-29 00:07:55 PDT","I","test2@match_com","MinuteService","Time since previous run - 60"
"2016-10-29 00:07:55 PDT","I","test2@match_com","MinuteService","Setting Minute Service Last Run"
"2016-10-29 00:07:55 PDT","I","test2@match_com","MinuteService","Setting Minute Service Alarm"
"2016-10-29 00:07:55 PDT","I","test2@match_com","Util","Inside setMinuteServiceAlarmFromMinuteService"
"2016-10-29 00:07:55 PDT","I","test2@match_com","Util","MinuteService last run at - Sat Oct 29 00:07:55 PDT 2016"
"2016-10-29 00:07:55 PDT","I","test2@match_com","Util","MinuteService next run at - Sat Oct 29 00:08:55 PDT 2016"
"2016-10-29 00:07:55 PDT","I","test2@match_com","MinuteService","Setting Minute Service Backup Alarm"
"2016-10-29 00:07:55 PDT","I","test2@match_com","Util","Inside setBackupMinuteServiceAlarm"
"2016-10-29 00:07:55 PDT","I","test2@match_com","Util","BackupMinuteService last run at - Sat Oct 29 00:07:01 PDT 2016"
"2016-10-29 00:07:55 PDT","I","test2@match_com","Util","BackupMinuteService next run at - Sat Oct 29 00:08:01 PDT 2016"
"2016-10-29 00:07:56 PDT","I","test2@match_com","MinuteService","Initializing MATCHConstants"
"2016-10-29 00:07:56 PDT","I","test2@match_com","MinuteService","Notifying user about minute service run"
"2016-10-29 00:07:56 PDT","I","test2@match_com","MinuteService","Writing status to Firebase Database"
"2016-10-29 00:07:56 PDT","I","test2@match_com","MinuteService","Logging Network Status"
"2016-10-29 00:07:56 PDT","I","test2@match_com","ConnectivityManager","isConnected - false - isWifi - false - isMobileInternet - false"
"2016-10-29 00:07:56 PDT","I","test2@match_com","MinuteService","Logging Battery Status"
"2016-10-29 00:07:56 PDT","I","test2@match_com","BatteryManager","Percentage - 79 - isCharging - true - isUSBCharging - false - isACCharging - true - isWirelessCharging - false"
"2016-10-29 00:07:56 PDT","I","test2@match_com","MinuteService","Logging Memory Status"
"2016-10-29 00:07:56 PDT","I","test2@match_com","MemoryManager","Total Memory,898,Available Memory,414,Threshold Memory,144,IsLowMemory,false"
"2016-10-29 00:07:56 PDT","I","test2@match_com","MinuteService","Logging Storage Status"
"2016-10-29 00:07:56 PDT","I","test2@match_com","StorageManager","Internal Total,2247,Internal Free,589,External Total,4637,External Free,3937"
"2016-10-29 00:07:56 PDT","I","test2@match_com","MinuteService","Logging Power Status"
"2016-10-29 00:07:56 PDT","I","test2@match_com","PowerManager","isDeviceIdleMode - false - isInteractive - false - isPowerSaveMode - false - isSustainedPerformanceModeSupported - false"
"2016-10-29 00:07:56 PDT","I","test2@match_com","MinuteService","Logging Notifications Status"
"2016-10-29 00:07:56 PDT","I","test2@match_com","NotificationManager","AreNotificationsEnabled - true - Importance - Unspecified"
"2016-10-29 00:07:56 PDT","I","test2@match_com","MinuteService","Logging Location"
"2016-10-29 00:07:56 PDT","I","test2@match_com","MinuteService","Fetching latest study data"
"2016-10-29 00:07:56 PDT","I","test2@match_com","MinuteService","Starting UploadManagerService"
"2016-10-29 00:07:56 PDT","I","test2@match_com","MinuteService","Starting SurveyManagerService"
"2016-10-29 00:07:56 PDT","I","test2@match_com","UploadManagerService","Inside onCreate"
"2016-10-29 00:07:56 PDT","I","test2@match_com","UploadManagerService","Processing Logs"
"2016-10-29 00:07:56 PDT","I","test2@match_com","UploadManagerService","Processing Logs for Date - /storage/emulated/0/.MATCH/logs/2016-10-26"
"2016-10-29 00:07:56 PDT","I","test2@match_com","UploadManagerService","Processing Logs for Date - /storage/emulated/0/.MATCH/logs/2016-10-27"
"2016-10-29 00:07:56 PDT","I","test2@match_com","UploadManagerService","Processing Logs for Date - /storage/emulated/0/.MATCH/logs/2016-10-28"
"2016-10-29 00:07:56 PDT","I","test2@match_com","UploadManagerService","Processing Logs for Date - /storage/emulated/0/.MATCH/logs/2016-10-29"
"2016-10-29 00:07:56 PDT","I","test2@match_com","UploadManagerService","Processing Surveys"
"2016-10-29 00:07:56 PDT","I","test2@match_com","UploadManagerService","Processing Data files"
"2016-10-29 00:07:56 PDT","I","test2@match_com","UploadManagerService","Processing data for date - /storage/emulated/0/.MATCH/data/2016-10-26"
"2016-10-29 00:07:56 PDT","I","test2@match_com","UploadManagerService","Processing data for hour /storage/emulated/0/.MATCH/data/2016-10-26/19-PDT.zip.uploaded"
"2016-10-29 00:07:56 PDT","I","test2@match_com","UploadManagerService","Processing data for hour /storage/emulated/0/.MATCH/data/2016-10-26/13-PDT.zip.uploaded"
"2016-10-29 00:07:56 PDT","I","test2@match_com","UploadManagerService","Processing data for hour /storage/emulated/0/.MATCH/data/2016-10-26/14-PDT.zip.uploaded"
"2016-10-29 00:07:56 PDT","I","test2@match_com","UploadManagerService","Processing data for hour /storage/emulated/0/.MATCH/data/2016-10-26/15-PDT.zip.uploaded"
"2016-10-29 00:07:56 PDT","I","test2@match_com","UploadManagerService","Processing data for hour /storage/emulated/0/.MATCH/data/2016-10-26/16-PDT.zip.uploaded"
"2016-10-29 00:07:56 PDT","I","test2@match_com","UploadManagerService","Processing data for hour /storage/emulated/0/.MATCH/data/2016-10-26/17-PDT.zip.uploaded"
"2016-10-29 00:07:56 PDT","I","test2@match_com","UploadManagerService","Processing data for hour /storage/emulated/0/.MATCH/data/2016-10-26/21-PDT.zip.uploaded"
"2016-10-29 00:07:56 PDT","I","test2@match_com","UploadManagerService","Processing data for hour /storage/emulated/0/.MATCH/data/2016-10-26/22-PDT.zip.uploaded"
"2016-10-29 00:07:56 PDT","I","test2@match_com","UploadManagerService","Processing data for hour /storage/emulated/0/.MATCH/data/2016-10-26/18-PDT.zip.uploaded"
"2016-10-29 00:07:56 PDT","I","test2@match_com","UploadManagerService","Processing data for hour /storage/emulated/0/.MATCH/data/2016-10-26/20-PDT.zip.uploaded"
"2016-10-29 00:07:56 PDT","I","test2@match_com","UploadManagerService","Processing data for hour /storage/emulated/0/.MATCH/data/2016-10-26/23-PDT.zip.uploaded"
"2016-10-29 00:07:56 PDT","I","test2@match_com","UploadManagerService","Processing data for date - /storage/emulated/0/.MATCH/data/2016-10-27"
"2016-10-29 00:07:56 PDT","I","test2@match_com","UploadManagerService","Processing data for hour /storage/emulated/0/.MATCH/data/2016-10-27/01-PDT.zip.uploaded"
"2016-10-29 00:07:56 PDT","I","test2@match_com","UploadManagerService","Processing data for hour /storage/emulated/0/.MATCH/data/2016-10-27/03-PDT.zip.uploaded"
"2016-10-29 00:07:56 PDT","I","test2@match_com","UploadManagerService","Processing data for hour /storage/emulated/0/.MATCH/data/2016-10-27/04-PDT.zip.uploaded"
"2016-10-29 00:07:56 PDT","I","test2@match_com","UploadManagerService","Processing data for hour /storage/emulated/0/.MATCH/data/2016-10-27/06-PDT.zip.uploaded"
"2016-10-29 00:07:56 PDT","I","test2@match_com","UploadManagerService","Processing data for hour /storage/emulated/0/.MATCH/data/2016-10-27/00-PDT.zip.uploaded"
"2016-10-29 00:07:56 PDT","I","test2@match_com","UploadManagerService","Processing data for hour /storage/emulated/0/.MATCH/data/2016-10-27/02-PDT.zip.uploaded"
"2016-10-29 00:07:56 PDT","I","test2@match_com","UploadManagerService","Processing data for hour /storage/emulated/0/.MATCH/data/2016-10-27/05-PDT.zip.uploaded"
"2016-10-29 00:07:56 PDT","I","test2@match_com","UploadManagerService","Processing data for date - /storage/emulated/0/.MATCH/data/2016-10-28"
"2016-10-29 00:07:56 PDT","I","test2@match_com","UploadManagerService","Processing data for hour /storage/emulated/0/.MATCH/data/2016-10-28/13-PDT.zip"
"2016-10-29 00:07:56 PDT","I","test2@match_com","UploadManagerService","Processing data for hour /storage/emulated/0/.MATCH/data/2016-10-28/14-PDT.zip"
"2016-10-29 00:07:56 PDT","I","test2@match_com","UploadManagerService","Processing data for hour /storage/emulated/0/.MATCH/data/2016-10-28/15-PDT.zip"
"2016-10-29 00:07:56 PDT","I","test2@match_com","UploadManagerService","Processing data for hour /storage/emulated/0/.MATCH/data/2016-10-28/16-PDT.zip"
"2016-10-29 00:07:56 PDT","I","test2@match_com","UploadManagerService","Processing data for hour /storage/emulated/0/.MATCH/data/2016-10-28/17-PDT.zip"
"2016-10-29 00:07:56 PDT","I","test2@match_com","UploadManagerService","Processing data for hour /storage/emulated/0/.MATCH/data/2016-10-28/18-PDT.zip"
"2016-10-29 00:07:56 PDT","I","test2@match_com","UploadManagerService","Processing data for hour /storage/emulated/0/.MATCH/data/2016-10-28/19-PDT.zip"
"2016-10-29 00:07:56 PDT","I","test2@match_com","UploadManagerService","Processing data for hour /storage/emulated/0/.MATCH/data/2016-10-28/20-PDT.zip"
"2016-10-29 00:07:56 PDT","I","test2@match_com","UploadManagerService","Processing data for hour /storage/emulated/0/.MATCH/data/2016-10-28/21-PDT.zip"
"2016-10-29 00:07:56 PDT","I","test2@match_com","UploadManagerService","Processing data for hour /storage/emulated/0/.MATCH/data/2016-10-28/22-PDT.zip"
"2016-10-29 00:07:56 PDT","I","test2@match_com","UploadManagerService","Processing data for hour /storage/emulated/0/.MATCH/data/2016-10-28/23-PDT.zip"
"2016-10-29 00:07:56 PDT","I","test2@match_com","UploadManagerService","Processing data for date - /storage/emulated/0/.MATCH/data/2016-10-29"
"2016-10-29 00:07:56 PDT","I","test2@match_com","UploadManagerService","Processing data for hour /storage/emulated/0/.MATCH/data/2016-10-29/00-PDT"
"2016-10-29 00:07:56 PDT","I","test2@match_com","UploadManagerService","Internet is not connected. Not trying to upload files."
"2016-10-29 00:07:56 PDT","I","test2@match_com","SurveyManagerService","Inside onCreate"
"2016-10-29 00:07:56 PDT","I","test2@match_com","SurveyManagerService","Current time is - Sat Oct 29 00:07:56 PDT 2016"
"2016-10-29 00:07:56 PDT","I","test2@match_com","SurveyManagerService","Start Date is - Tue Oct 25 19:00:00 PDT 2016"
"2016-10-29 00:07:56 PDT","I","test2@match_com","SurveyManagerService","End Date is - Tue Nov 01 16:00:00 PDT 2016"
"2016-10-29 00:07:56 PDT","I","test2@match_com","SurveyManagerService","Scheduling Survey for - KEY_EMA_0730TO0800_CHILD"
"2016-10-29 00:07:56 PDT","I","test2@match_com","SurveyManagerService","Survey KEY_EMA_0730TO0800_CHILD is already scheduled"
"2016-10-29 00:07:56 PDT","I","test2@match_com","SurveyManagerService","Scheduling Survey for - KEY_EMA_0930TO1000_CHILD"
"2016-10-29 00:07:56 PDT","I","test2@match_com","SurveyManagerService","Survey KEY_EMA_0930TO1000_CHILD is already scheduled"
"2016-10-29 00:07:56 PDT","I","test2@match_com","SurveyManagerService","Scheduling Survey for - KEY_EMA_1130TO1200_CHILD"
"2016-10-29 00:07:56 PDT","I","test2@match_com","SurveyManagerService","Survey KEY_EMA_1130TO1200_CHILD is already scheduled"
"2016-10-29 00:07:56 PDT","I","test2@match_com","SurveyManagerService","Scheduling Survey for - KEY_EMA_1330TO1400_CHILD"
"2016-10-29 00:07:56 PDT","I","test2@match_com","SurveyManagerService","Survey KEY_EMA_1330TO1400_CHILD is already scheduled"
"2016-10-29 00:07:56 PDT","I","test2@match_com","SurveyManagerService","Scheduling Survey for - KEY_EMA_1530TO1600_CHILD"
"2016-10-29 00:07:56 PDT","I","test2@match_com","SurveyManagerService","Survey KEY_EMA_1530TO1600_CHILD is already scheduled"
"2016-10-29 00:07:56 PDT","I","test2@match_com","SurveyManagerService","Scheduling Survey for - KEY_EMA_1730TO1800_CHILD"
"2016-10-29 00:07:56 PDT","I","test2@match_com","SurveyManagerService","Survey KEY_EMA_1730TO1800_CHILD is already scheduled"
"2016-10-29 00:07:56 PDT","I","test2@match_com","SurveyManagerService","Scheduling Survey for - KEY_EMA_1930TO2000_CHILD"
"2016-10-29 00:07:56 PDT","I","test2@match_com","SurveyManagerService","Survey KEY_EMA_1930TO2000_CHILD is already scheduled"
"2016-10-29 00:07:56 PDT","I","test2@match_com","SurveyManagerService","Saliva surveys are already scheduled"
"2016-10-29 00:07:56 PDT","I","test2@match_com","SurveyManagerService","Survey KEY_SALIVA_BEDTIME scheduled for Sat Oct 29 21:46:56 PDT 2016"
"2016-10-29 00:07:56 PDT","I","test2@match_com","SurveyManagerService","Survey Schedule for KEY_EMA_0730TO0800_CHILD is Sat Oct 29 07:47:17 PDT 2016"
"2016-10-29 00:07:56 PDT","I","test2@match_com","SurveyManagerService","Still not time to prompt the survey"
"2016-10-29 00:07:56 PDT","I","test2@match_com","SurveyManagerService","Survey Schedule for KEY_EMA_0930TO1000_CHILD is Sat Oct 29 09:57:24 PDT 2016"
"2016-10-29 00:07:56 PDT","I","test2@match_com","SurveyManagerService","Still not time to prompt the survey"
"2016-10-29 00:07:56 PDT","I","test2@match_com","SurveyManagerService","Survey Schedule for KEY_EMA_1130TO1200_CHILD is Sat Oct 29 11:45:10 PDT 2016"
"2016-10-29 00:07:56 PDT","I","test2@match_com","SurveyManagerService","Still not time to prompt the survey"
"2016-10-29 00:07:56 PDT","I","test2@match_com","SurveyManagerService","Survey Schedule for KEY_EMA_1330TO1400_CHILD is Sat Oct 29 13:44:02 PDT 2016"
"2016-10-29 00:07:56 PDT","I","test2@match_com","SurveyManagerService","Still not time to prompt the survey"
"2016-10-29 00:07:56 PDT","I","test2@match_com","SurveyManagerService","Survey Schedule for KEY_EMA_1530TO1600_CHILD is Sat Oct 29 15:33:41 PDT 2016"
"2016-10-29 00:07:56 PDT","I","test2@match_com","SurveyManagerService","Still not time to prompt the survey"
"2016-10-29 00:07:56 PDT","I","test2@match_com","SurveyManagerService","Survey Schedule for KEY_EMA_1730TO1800_CHILD is Sat Oct 29 17:47:43 PDT 2016"
"2016-10-29 00:07:56 PDT","I","test2@match_com","SurveyManagerService","Still not time to prompt the survey"
"2016-10-29 00:07:56 PDT","I","test2@match_com","SurveyManagerService","Survey Schedule for KEY_EMA_1930TO2000_CHILD is Sat Oct 29 19:36:11 PDT 2016"
"2016-10-29 00:07:56 PDT","I","test2@match_com","SurveyManagerService","Still not time to prompt the survey"
"2016-10-29 00:07:56 PDT","I","test2@match_com","SurveyManagerService","KEY_SALIVA_WAKING is scheduled for Sat Oct 29 06:46:56 PDT 2016"
"2016-10-29 00:07:56 PDT","I","test2@match_com","SurveyManagerService","Prompt KEY_SALIVA_WAKING is in the future - Sat Oct 29 06:46:56 PDT 2016"
"2016-10-29 00:07:56 PDT","I","test2@match_com","SurveyManagerService","KEY_SALIVA_WAKING_PLUS_30 is scheduled for Sat Oct 29 07:16:56 PDT 2016"
"2016-10-29 00:07:56 PDT","I","test2@match_com","SurveyManagerService","Prompt KEY_SALIVA_WAKING_PLUS_30 is in the future - Sat Oct 29 07:16:56 PDT 2016"
"2016-10-29 00:07:56 PDT","I","test2@match_com","SurveyManagerService","KEY_SALIVA_AFTERNOON_4TO430_CHILD is scheduled for Sat Oct 29 16:16:27 PDT 2016"
"2016-10-29 00:07:56 PDT","I","test2@match_com","SurveyManagerService","Prompt KEY_SALIVA_AFTERNOON_4TO430_CHILD is in the future - Sat Oct 29 16:16:27 PDT 2016"
"2016-10-29 00:07:56 PDT","I","test2@match_com","SurveyManagerService","KEY_SALIVA_BEDTIME is scheduled for Sat Oct 29 21:46:56 PDT 2016"
"2016-10-29 00:07:56 PDT","I","test2@match_com","SurveyManagerService","Prompt KEY_SALIVA_BEDTIME is in the future - Sat Oct 29 21:46:56 PDT 2016"
"2016-10-29 00:07:56 PDT","I","test2@match_com","MinuteService","Inside onDestroy"
"2016-10-29 00:07:56 PDT","I","test2@match_com","UploadManagerService","Inside onDestroy"
"2016-10-29 00:07:56 PDT","I","test2@match_com","SurveyManagerService","Inside onDestroy"
"2016-10-29 00:07:56 PDT","I","test2@match_com","Zipper","unzipFileWithEncryption"
"2016-10-29 00:07:57 PDT","I","test2@match_com","Zipper","Deleting File - /storage/emulated/0/.MATCH/data/2016-10-29/00-PDT/GPS.csv.zip"
"2016-10-29 00:07:57 PDT","I","test2@match_com","Zipper","zipFileWithEncryption - /storage/emulated/0/.MATCH/data/2016-10-29/00-PDT/GPS.csv"
"2016-10-29 00:07:57 PDT","I","test2@match_com","Zipper","Creating ZipFile - /storage/emulated/0/.MATCH/data/2016-10-29/00-PDT/GPS.csv.zip"
"2016-10-29 00:07:57 PDT","I","test2@match_com","Zipper","Deleting File - /storage/emulated/0/.MATCH/data/2016-10-29/00-PDT/GPS.csv"
"2016-10-29 00:08:00 PDT","I","test2@match_com","UploadManagerService","Inside onCreate"
"2016-10-29 00:08:00 PDT","I","test2@match_com","UploadManagerService","Processing Logs"
"2016-10-29 00:08:00 PDT","I","test2@match_com","UploadManagerService","Processing Logs for Date - /storage/emulated/0/.MATCH/logs/2016-10-26"
"2016-10-29 00:08:00 PDT","I","test2@match_com","UploadManagerService","Processing Logs for Date - /storage/emulated/0/.MATCH/logs/2016-10-27"
"2016-10-29 00:08:00 PDT","I","test2@match_com","UploadManagerService","Processing Logs for Date - /storage/emulated/0/.MATCH/logs/2016-10-28"
"2016-10-29 00:08:00 PDT","I","test2@match_com","UploadManagerService","Processing Logs for Date - /storage/emulated/0/.MATCH/logs/2016-10-29"
"2016-10-29 00:08:00 PDT","I","test2@match_com","UploadManagerService","Processing Surveys"
"2016-10-29 00:08:00 PDT","I","test2@match_com","UploadManagerService","Processing Data files"
"2016-10-29 00:08:00 PDT","I","test2@match_com","UploadManagerService","Processing data for date - /storage/emulated/0/.MATCH/data/2016-10-26"
"2016-10-29 00:08:00 PDT","I","test2@match_com","UploadManagerService","Processing data for hour /storage/emulated/0/.MATCH/data/2016-10-26/19-PDT.zip.uploaded"
"2016-10-29 00:08:00 PDT","I","test2@match_com","UploadManagerService","Processing data for hour /storage/emulated/0/.MATCH/data/2016-10-26/13-PDT.zip.uploaded"
"2016-10-29 00:08:01 PDT","I","test2@match_com","UploadManagerService","Processing data for hour /storage/emulated/0/.MATCH/data/2016-10-26/14-PDT.zip.uploaded"
"2016-10-29 00:08:01 PDT","I","test2@match_com","UploadManagerService","Processing data for hour /storage/emulated/0/.MATCH/data/2016-10-26/15-PDT.zip.uploaded"
"2016-10-29 00:08:01 PDT","I","test2@match_com","UploadManagerService","Processing data for hour /storage/emulated/0/.MATCH/data/2016-10-26/16-PDT.zip.uploaded"
"2016-10-29 00:08:01 PDT","I","test2@match_com","UploadManagerService","Processing data for hour /storage/emulated/0/.MATCH/data/2016-10-26/17-PDT.zip.uploaded"
"2016-10-29 00:08:01 PDT","I","test2@match_com","UploadManagerService","Processing data for hour /storage/emulated/0/.MATCH/data/2016-10-26/21-PDT.zip.uploaded"
"2016-10-29 00:08:01 PDT","I","test2@match_com","UploadManagerService","Processing data for hour /storage/emulated/0/.MATCH/data/2016-10-26/22-PDT.zip.uploaded"
"2016-10-29 00:08:01 PDT","I","test2@match_com","UploadManagerService","Processing data for hour /storage/emulated/0/.MATCH/data/2016-10-26/18-PDT.zip.uploaded"
"2016-10-29 00:08:01 PDT","I","test2@match_com","UploadManagerService","Processing data for hour /storage/emulated/0/.MATCH/data/2016-10-26/20-PDT.zip.uploaded"
"2016-10-29 00:08:01 PDT","I","test2@match_com","UploadManagerService","Processing data for hour /storage/emulated/0/.MATCH/data/2016-10-26/23-PDT.zip.uploaded"
"2016-10-29 00:08:01 PDT","I","test2@match_com","UploadManagerService","Processing data for date - /storage/emulated/0/.MATCH/data/2016-10-27"
"2016-10-29 00:08:01 PDT","I","test2@match_com","UploadManagerService","Processing data for hour /storage/emulated/0/.MATCH/data/2016-10-27/01-PDT.zip.uploaded"
"2016-10-29 00:08:01 PDT","I","test2@match_com","UploadManagerService","Processing data for hour /storage/emulated/0/.MATCH/data/2016-10-27/03-PDT.zip.uploaded"
"2016-10-29 00:08:01 PDT","I","test2@match_com","UploadManagerService","Processing data for hour /storage/emulated/0/.MATCH/data/2016-10-27/04-PDT.zip.uploaded"
"2016-10-29 00:08:01 PDT","I","test2@match_com","UploadManagerService","Processing data for hour /storage/emulated/0/.MATCH/data/2016-10-27/06-PDT.zip.uploaded"
"2016-10-29 00:08:01 PDT","I","test2@match_com","UploadManagerService","Processing data for hour /storage/emulated/0/.MATCH/data/2016-10-27/00-PDT.zip.uploaded"
"2016-10-29 00:08:01 PDT","I","test2@match_com","UploadManagerService","Processing data for hour /storage/emulated/0/.MATCH/data/2016-10-27/02-PDT.zip.uploaded"
"2016-10-29 00:08:01 PDT","I","test2@match_com","UploadManagerService","Processing data for hour /storage/emulated/0/.MATCH/data/2016-10-27/05-PDT.zip.uploaded"
"2016-10-29 00:08:01 PDT","I","test2@match_com","UploadManagerService","Processing data for date - /storage/emulated/0/.MATCH/data/2016-10-28"
"2016-10-29 00:08:01 PDT","I","test2@match_com","UploadManagerService","Processing data for hour /storage/emulated/0/.MATCH/data/2016-10-28/13-PDT.zip"
"2016-10-29 00:08:01 PDT","I","test2@match_com","UploadManagerService","Processing data for hour /storage/emulated/0/.MATCH/data/2016-10-28/14-PDT.zip"
"2016-10-29 00:08:01 PDT","I","test2@match_com","UploadManagerService","Processing data for hour /storage/emulated/0/.MATCH/data/2016-10-28/15-PDT.zip"
"2016-10-29 00:08:01 PDT","I","test2@match_com","UploadManagerService","Processing data for hour /storage/emulated/0/.MATCH/data/2016-10-28/16-PDT.zip"
"2016-10-29 00:08:01 PDT","I","test2@match_com","UploadManagerService","Processing data for hour /storage/emulated/0/.MATCH/data/2016-10-28/17-PDT.zip"
"2016-10-29 00:08:01 PDT","I","test2@match_com","UploadManagerService","Processing data for hour /storage/emulated/0/.MATCH/data/2016-10-28/18-PDT.zip"
"2016-10-29 00:08:01 PDT","I","test2@match_com","UploadManagerService","Processing data for hour /storage/emulated/0/.MATCH/data/2016-10-28/19-PDT.zip"
"2016-10-29 00:08:01 PDT","I","test2@match_com","UploadManagerService","Processing data for hour /storage/emulated/0/.MATCH/data/2016-10-28/20-PDT.zip"
"2016-10-29 00:08:01 PDT","I","test2@match_com","UploadManagerService","Processing data for hour /storage/emulated/0/.MATCH/data/2016-10-28/21-PDT.zip"
"2016-10-29 00:08:01 PDT","I","test2@match_com","UploadManagerService","Processing data for hour /storage/emulated/0/.MATCH/data/2016-10-28/22-PDT.zip"
"2016-10-29 00:08:01 PDT","I","test2@match_com","UploadManagerService","Processing data for hour /storage/emulated/0/.MATCH/data/2016-10-28/23-PDT.zip"
"2016-10-29 00:08:01 PDT","I","test2@match_com","UploadManagerService","Processing data for date - /storage/emulated/0/.MATCH/data/2016-10-29"
"2016-10-29 00:08:01 PDT","I","test2@match_com","UploadManagerService","Processing data for hour /storage/emulated/0/.MATCH/data/2016-10-29/00-PDT"
"2016-10-29 00:08:01 PDT","I","test2@match_com","UploadManagerService","Internet is not connected. Not trying to upload files."
"2016-10-29 00:08:01 PDT","I","test2@match_com","MinuteService","Inside onCreate"
"2016-10-29 00:08:01 PDT","I","test2@match_com","MinuteService","Minute Service Alarm was set by - MinuteService"
"2016-10-29 00:08:01 PDT","I","test2@match_com","MinuteService","Time since previous run - 5"
"2016-10-29 00:08:01 PDT","I","test2@match_com","MinuteService","Previous run within last 50 seconds, ignoring this run"
"2016-10-29 00:08:01 PDT","I","test2@match_com","UploadManagerService","Inside onDestroy"
"2016-10-29 00:08:01 PDT","I","test2@match_com","MinuteService","Inside onDestroy"
"2016-10-29 00:08:01 PDT","I","test2@match_com","BackupMinuteService","Inside onCreate"
"2016-10-29 00:08:01 PDT","I","test2@match_com","Util","Inside setBackupMinuteServiceAlarm"
"2016-10-29 00:08:01 PDT","I","test2@match_com","Util","BackupMinuteService last run at - Sat Oct 29 00:08:01 PDT 2016"
"2016-10-29 00:08:01 PDT","I","test2@match_com","Util","BackupMinuteService next run at - Sat Oct 29 00:09:01 PDT 2016"
"2016-10-29 00:08:01 PDT","I","test2@match_com","MinuteService","Inside onCreate"
"2016-10-29 00:08:01 PDT","I","test2@match_com","MinuteService","Minute Service Alarm was set by - MinuteService"
"2016-10-29 00:08:01 PDT","I","test2@match_com","MinuteService","Time since previous run - 5"
"2016-10-29 00:08:01 PDT","I","test2@match_com","MinuteService","Previous run within last 50 seconds, ignoring this run"
"2016-10-29 00:08:01 PDT","I","test2@match_com","BackupMinuteService","Inside onDestroy"
"2016-10-29 00:08:01 PDT","I","test2@match_com","MinuteService","Inside onDestroy"
"2016-10-29 00:08:01 PDT","I","test2@match_com","AlwaysOnService","Received Intent - android.intent.action.TIME_TICK"
"2016-10-29 00:08:23 PDT","I","test2@match_com","AlwaysOnService","Received Intent - android.intent.action.BATTERY_CHANGED"
"2016-10-29 00:08:51 PDT","I","test2@match_com","AlwaysOnService","Received Intent - android.intent.action.BATTERY_CHANGED"
"2016-10-29 00:08:55 PDT","I","test2@match_com","MinuteService","Inside onCreate"
"2016-10-29 00:08:55 PDT","I","test2@match_com","MinuteService","Minute Service Alarm was set by - MinuteService"
"2016-10-29 00:08:55 PDT","I","test2@match_com","MinuteService","Time since previous run - 60"
"2016-10-29 00:08:55 PDT","I","test2@match_com","MinuteService","Setting Minute Service Last Run"
"2016-10-29 00:08:56 PDT","I","test2@match_com","MinuteService","Setting Minute Service Alarm"
"2016-10-29 00:08:56 PDT","I","test2@match_com","Util","Inside setMinuteServiceAlarmFromMinuteService"
"2016-10-29 00:08:56 PDT","I","test2@match_com","Util","MinuteService last run at - Sat Oct 29 00:08:55 PDT 2016"
"2016-10-29 00:08:56 PDT","I","test2@match_com","Util","MinuteService next run at - Sat Oct 29 00:09:55 PDT 2016"
"2016-10-29 00:08:56 PDT","I","test2@match_com","MinuteService","Setting Minute Service Backup Alarm"
"2016-10-29 00:08:56 PDT","I","test2@match_com","Util","Inside setBackupMinuteServiceAlarm"
"2016-10-29 00:08:56 PDT","I","test2@match_com","Util","BackupMinuteService last run at - Sat Oct 29 00:08:01 PDT 2016"
"2016-10-29 00:08:56 PDT","I","test2@match_com","Util","BackupMinuteService next run at - Sat Oct 29 00:09:01 PDT 2016"
"2016-10-29 00:08:56 PDT","I","test2@match_com","MinuteService","Initializing MATCHConstants"
"2016-10-29 00:08:56 PDT","I","test2@match_com","MinuteService","Notifying user about minute service run"
"2016-10-29 00:08:56 PDT","I","test2@match_com","MinuteService","Writing status to Firebase Database"
"2016-10-29 00:08:56 PDT","I","test2@match_com","MinuteService","Logging Network Status"
"2016-10-29 00:08:56 PDT","I","test2@match_com","ConnectivityManager","isConnected - false - isWifi - false - isMobileInternet - false"
"2016-10-29 00:08:56 PDT","I","test2@match_com","MinuteService","Logging Battery Status"
"2016-10-29 00:08:56 PDT","I","test2@match_com","BatteryManager","Percentage - 79 - isCharging - true - isUSBCharging - false - isACCharging - true - isWirelessCharging - false"
"2016-10-29 00:08:56 PDT","I","test2@match_com","MinuteService","Logging Memory Status"
"2016-10-29 00:08:56 PDT","I","test2@match_com","MemoryManager","Total Memory,898,Available Memory,412,Threshold Memory,144,IsLowMemory,false"
"2016-10-29 00:08:56 PDT","I","test2@match_com","MinuteService","Logging Storage Status"
"2016-10-29 00:08:56 PDT","I","test2@match_com","StorageManager","Internal Total,2247,Internal Free,589,External Total,4637,External Free,3937"
"2016-10-29 00:08:56 PDT","I","test2@match_com","MinuteService","Logging Power Status"
"2016-10-29 00:08:56 PDT","I","test2@match_com","PowerManager","isDeviceIdleMode - false - isInteractive - false - isPowerSaveMode - false - isSustainedPerformanceModeSupported - false"
"2016-10-29 00:08:56 PDT","I","test2@match_com","MinuteService","Logging Notifications Status"
"2016-10-29 00:08:56 PDT","I","test2@match_com","NotificationManager","AreNotificationsEnabled - true - Importance - Unspecified"
"2016-10-29 00:08:56 PDT","I","test2@match_com","MinuteService","Logging Location"
"2016-10-29 00:08:56 PDT","I","test2@match_com","MinuteService","Fetching latest study data"
"2016-10-29 00:08:56 PDT","I","test2@match_com","MinuteService","Starting UploadManagerService"
"2016-10-29 00:08:56 PDT","I","test2@match_com","MinuteService","Starting SurveyManagerService"
"2016-10-29 00:08:56 PDT","I","test2@match_com","UploadManagerService","Inside onCreate"
"2016-10-29 00:08:56 PDT","I","test2@match_com","UploadManagerService","Processing Logs"
"2016-10-29 00:08:56 PDT","I","test2@match_com","UploadManagerService","Processing Logs for Date - /storage/emulated/0/.MATCH/logs/2016-10-26"
"2016-10-29 00:08:56 PDT","I","test2@match_com","UploadManagerService","Processing Logs for Date - /storage/emulated/0/.MATCH/logs/2016-10-27"
"2016-10-29 00:08:56 PDT","I","test2@match_com","UploadManagerService","Processing Logs for Date - /storage/emulated/0/.MATCH/logs/2016-10-28"
"2016-10-29 00:08:56 PDT","I","test2@match_com","UploadManagerService","Processing Logs for Date - /storage/emulated/0/.MATCH/logs/2016-10-29"
"2016-10-29 00:08:56 PDT","I","test2@match_com","UploadManagerService","Processing Surveys"
"2016-10-29 00:08:56 PDT","I","test2@match_com","UploadManagerService","Processing Data files"
"2016-10-29 00:08:56 PDT","I","test2@match_com","UploadManagerService","Processing data for date - /storage/emulated/0/.MATCH/data/2016-10-26"
"2016-10-29 00:08:56 PDT","I","test2@match_com","UploadManagerService","Processing data for hour /storage/emulated/0/.MATCH/data/2016-10-26/19-PDT.zip.uploaded"
"2016-10-29 00:08:56 PDT","I","test2@match_com","UploadManagerService","Processing data for hour /storage/emulated/0/.MATCH/data/2016-10-26/13-PDT.zip.uploaded"
"2016-10-29 00:08:56 PDT","I","test2@match_com","UploadManagerService","Processing data for hour /storage/emulated/0/.MATCH/data/2016-10-26/14-PDT.zip.uploaded"
"2016-10-29 00:08:56 PDT","I","test2@match_com","UploadManagerService","Processing data for hour /storage/emulated/0/.MATCH/data/2016-10-26/15-PDT.zip.uploaded"
"2016-10-29 00:08:56 PDT","I","test2@match_com","UploadManagerService","Processing data for hour /storage/emulated/0/.MATCH/data/2016-10-26/16-PDT.zip.uploaded"
"2016-10-29 00:08:56 PDT","I","test2@match_com","UploadManagerService","Processing data for hour /storage/emulated/0/.MATCH/data/2016-10-26/17-PDT.zip.uploaded"
"2016-10-29 00:08:56 PDT","I","test2@match_com","UploadManagerService","Processing data for hour /storage/emulated/0/.MATCH/data/2016-10-26/21-PDT.zip.uploaded"
"2016-10-29 00:08:56 PDT","I","test2@match_com","UploadManagerService","Processing data for hour /storage/emulated/0/.MATCH/data/2016-10-26/22-PDT.zip.uploaded"
"2016-10-29 00:08:56 PDT","I","test2@match_com","UploadManagerService","Processing data for hour /storage/emulated/0/.MATCH/data/2016-10-26/18-PDT.zip.uploaded"
"2016-10-29 00:08:56 PDT","I","test2@match_com","UploadManagerService","Processing data for hour /storage/emulated/0/.MATCH/data/2016-10-26/20-PDT.zip.uploaded"
"2016-10-29 00:08:56 PDT","I","test2@match_com","UploadManagerService","Processing data for hour /storage/emulated/0/.MATCH/data/2016-10-26/23-PDT.zip.uploaded"
"2016-10-29 00:08:56 PDT","I","test2@match_com","UploadManagerService","Processing data for date - /storage/emulated/0/.MATCH/data/2016-10-27"
"2016-10-29 00:08:56 PDT","I","test2@match_com","UploadManagerService","Processing data for hour /storage/emulated/0/.MATCH/data/2016-10-27/01-PDT.zip.uploaded"
"2016-10-29 00:08:56 PDT","I","test2@match_com","UploadManagerService","Processing data for hour /storage/emulated/0/.MATCH/data/2016-10-27/03-PDT.zip.uploaded"
"2016-10-29 00:08:56 PDT","I","test2@match_com","UploadManagerService","Processing data for hour /storage/emulated/0/.MATCH/data/2016-10-27/04-PDT.zip.uploaded"
"2016-10-29 00:08:56 PDT","I","test2@match_com","UploadManagerService","Processing data for hour /storage/emulated/0/.MATCH/data/2016-10-27/06-PDT.zip.uploaded"
"2016-10-29 00:08:56 PDT","I","test2@match_com","UploadManagerService","Processing data for hour /storage/emulated/0/.MATCH/data/2016-10-27/00-PDT.zip.uploaded"
"2016-10-29 00:08:56 PDT","I","test2@match_com","UploadManagerService","Processing data for hour /storage/emulated/0/.MATCH/data/2016-10-27/02-PDT.zip.uploaded"
"2016-10-29 00:08:56 PDT","I","test2@match_com","UploadManagerService","Processing data for hour /storage/emulated/0/.MATCH/data/2016-10-27/05-PDT.zip.uploaded"
"2016-10-29 00:08:56 PDT","I","test2@match_com","UploadManagerService","Processing data for date - /storage/emulated/0/.MATCH/data/2016-10-28"
"2016-10-29 00:08:56 PDT","I","test2@match_com","UploadManagerService","Processing data for hour /storage/emulated/0/.MATCH/data/2016-10-28/13-PDT.zip"
"2016-10-29 00:08:56 PDT","I","test2@match_com","UploadManagerService","Processing data for hour /storage/emulated/0/.MATCH/data/2016-10-28/14-PDT.zip"
"2016-10-29 00:08:56 PDT","I","test2@match_com","UploadManagerService","Processing data for hour /storage/emulated/0/.MATCH/data/2016-10-28/15-PDT.zip"
"2016-10-29 00:08:56 PDT","I","test2@match_com","UploadManagerService","Processing data for hour /storage/emulated/0/.MATCH/data/2016-10-28/16-PDT.zip"
"2016-10-29 00:08:56 PDT","I","test2@match_com","UploadManagerService","Processing data for hour /storage/emulated/0/.MATCH/data/2016-10-28/17-PDT.zip"
"2016-10-29 00:08:56 PDT","I","test2@match_com","UploadManagerService","Processing data for hour /storage/emulated/0/.MATCH/data/2016-10-28/18-PDT.zip"
"2016-10-29 00:08:56 PDT","I","test2@match_com","UploadManagerService","Processing data for hour /storage/emulated/0/.MATCH/data/2016-10-28/19-PDT.zip"
"2016-10-29 00:08:56 PDT","I","test2@match_com","UploadManagerService","Processing data for hour /storage/emulated/0/.MATCH/data/2016-10-28/20-PDT.zip"
"2016-10-29 00:08:56 PDT","I","test2@match_com","UploadManagerService","Processing data for hour /storage/emulated/0/.MATCH/data/2016-10-28/21-PDT.zip"
"2016-10-29 00:08:56 PDT","I","test2@match_com","UploadManagerService","Processing data for hour /storage/emulated/0/.MATCH/data/2016-10-28/22-PDT.zip"
"2016-10-29 00:08:56 PDT","I","test2@match_com","UploadManagerService","Processing data for hour /storage/emulated/0/.MATCH/data/2016-10-28/23-PDT.zip"
"2016-10-29 00:08:56 PDT","I","test2@match_com","UploadManagerService","Processing data for date - /storage/emulated/0/.MATCH/data/2016-10-29"
"2016-10-29 00:08:56 PDT","I","test2@match_com","UploadManagerService","Processing data for hour /storage/emulated/0/.MATCH/data/2016-10-29/00-PDT"
"2016-10-29 00:08:56 PDT","I","test2@match_com","UploadManagerService","Internet is not connected. Not trying to upload files."
"2016-10-29 00:08:56 PDT","I","test2@match_com","SurveyManagerService","Inside onCreate"
"2016-10-29 00:08:56 PDT","I","test2@match_com","SurveyManagerService","Current time is - Sat Oct 29 00:08:56 PDT 2016"
"2016-10-29 00:08:56 PDT","I","test2@match_com","SurveyManagerService","Start Date is - Tue Oct 25 19:00:00 PDT 2016"
"2016-10-29 00:08:56 PDT","I","test2@match_com","SurveyManagerService","End Date is - Tue Nov 01 16:00:00 PDT 2016"
"2016-10-29 00:08:56 PDT","I","test2@match_com","SurveyManagerService","Scheduling Survey for - KEY_EMA_0730TO0800_CHILD"
"2016-10-29 00:08:56 PDT","I","test2@match_com","SurveyManagerService","Survey KEY_EMA_0730TO0800_CHILD is already scheduled"
"2016-10-29 00:08:56 PDT","I","test2@match_com","SurveyManagerService","Scheduling Survey for - KEY_EMA_0930TO1000_CHILD"
"2016-10-29 00:08:56 PDT","I","test2@match_com","SurveyManagerService","Survey KEY_EMA_0930TO1000_CHILD is already scheduled"
"2016-10-29 00:08:56 PDT","I","test2@match_com","SurveyManagerService","Scheduling Survey for - KEY_EMA_1130TO1200_CHILD"
"2016-10-29 00:08:56 PDT","I","test2@match_com","SurveyManagerService","Survey KEY_EMA_1130TO1200_CHILD is already scheduled"
"2016-10-29 00:08:56 PDT","I","test2@match_com","SurveyManagerService","Scheduling Survey for - KEY_EMA_1330TO1400_CHILD"
"2016-10-29 00:08:56 PDT","I","test2@match_com","SurveyManagerService","Survey KEY_EMA_1330TO1400_CHILD is already scheduled"
"2016-10-29 00:08:56 PDT","I","test2@match_com","SurveyManagerService","Scheduling Survey for - KEY_EMA_1530TO1600_CHILD"
"2016-10-29 00:08:56 PDT","I","test2@match_com","SurveyManagerService","Survey KEY_EMA_1530TO1600_CHILD is already scheduled"
"2016-10-29 00:08:56 PDT","I","test2@match_com","SurveyManagerService","Scheduling Survey for - KEY_EMA_1730TO1800_CHILD"
"2016-10-29 00:08:56 PDT","I","test2@match_com","SurveyManagerService","Survey KEY_EMA_1730TO1800_CHILD is already scheduled"
"2016-10-29 00:08:56 PDT","I","test2@match_com","SurveyManagerService","Scheduling Survey for - KEY_EMA_1930TO2000_CHILD"
"2016-10-29 00:08:56 PDT","I","test2@match_com","SurveyManagerService","Survey KEY_EMA_1930TO2000_CHILD is already scheduled"
"2016-10-29 00:08:56 PDT","I","test2@match_com","SurveyManagerService","Saliva surveys are already scheduled"
"2016-10-29 00:08:56 PDT","I","test2@match_com","SurveyManagerService","Survey KEY_SALIVA_BEDTIME scheduled for Sat Oct 29 21:46:56 PDT 2016"
"2016-10-29 00:08:56 PDT","I","test2@match_com","SurveyManagerService","Survey Schedule for KEY_EMA_0730TO0800_CHILD is Sat Oct 29 07:47:17 PDT 2016"
"2016-10-29 00:08:56 PDT","I","test2@match_com","SurveyManagerService","Still not time to prompt the survey"
"2016-10-29 00:08:56 PDT","I","test2@match_com","SurveyManagerService","Survey Schedule for KEY_EMA_0930TO1000_CHILD is Sat Oct 29 09:57:24 PDT 2016"
"2016-10-29 00:08:56 PDT","I","test2@match_com","SurveyManagerService","Still not time to prompt the survey"
"2016-10-29 00:08:56 PDT","I","test2@match_com","SurveyManagerService","Survey Schedule for KEY_EMA_1130TO1200_CHILD is Sat Oct 29 11:45:10 PDT 2016"
"2016-10-29 00:08:56 PDT","I","test2@match_com","SurveyManagerService","Still not time to prompt the survey"
"2016-10-29 00:08:56 PDT","I","test2@match_com","SurveyManagerService","Survey Schedule for KEY_EMA_1330TO1400_CHILD is Sat Oct 29 13:44:02 PDT 2016"
"2016-10-29 00:08:56 PDT","I","test2@match_com","SurveyManagerService","Still not time to prompt the survey"
"2016-10-29 00:08:56 PDT","I","test2@match_com","SurveyManagerService","Survey Schedule for KEY_EMA_1530TO1600_CHILD is Sat Oct 29 15:33:41 PDT 2016"
"2016-10-29 00:08:56 PDT","I","test2@match_com","SurveyManagerService","Still not time to prompt the survey"
"2016-10-29 00:08:56 PDT","I","test2@match_com","SurveyManagerService","Survey Schedule for KEY_EMA_1730TO1800_CHILD is Sat Oct 29 17:47:43 PDT 2016"
"2016-10-29 00:08:56 PDT","I","test2@match_com","SurveyManagerService","Still not time to prompt the survey"
"2016-10-29 00:08:56 PDT","I","test2@match_com","SurveyManagerService","Survey Schedule for KEY_EMA_1930TO2000_CHILD is Sat Oct 29 19:36:11 PDT 2016"
"2016-10-29 00:08:56 PDT","I","test2@match_com","SurveyManagerService","Still not time to prompt the survey"
"2016-10-29 00:08:56 PDT","I","test2@match_com","SurveyManagerService","KEY_SALIVA_WAKING is scheduled for Sat Oct 29 06:46:56 PDT 2016"
"2016-10-29 00:08:56 PDT","I","test2@match_com","SurveyManagerService","Prompt KEY_SALIVA_WAKING is in the future - Sat Oct 29 06:46:56 PDT 2016"
"2016-10-29 00:08:56 PDT","I","test2@match_com","SurveyManagerService","KEY_SALIVA_WAKING_PLUS_30 is scheduled for Sat Oct 29 07:16:56 PDT 2016"
"2016-10-29 00:08:56 PDT","I","test2@match_com","SurveyManagerService","Prompt KEY_SALIVA_WAKING_PLUS_30 is in the future - Sat Oct 29 07:16:56 PDT 2016"
"2016-10-29 00:08:56 PDT","I","test2@match_com","SurveyManagerService","KEY_SALIVA_AFTERNOON_4TO430_CHILD is scheduled for Sat Oct 29 16:16:27 PDT 2016"
"2016-10-29 00:08:56 PDT","I","test2@match_com","SurveyManagerService","Prompt KEY_SALIVA_AFTERNOON_4TO430_CHILD is in the future - Sat Oct 29 16:16:27 PDT 2016"
"2016-10-29 00:08:56 PDT","I","test2@match_com","SurveyManagerService","KEY_SALIVA_BEDTIME is scheduled for Sat Oct 29 21:46:56 PDT 2016"
"2016-10-29 00:08:56 PDT","I","test2@match_com","SurveyManagerService","Prompt KEY_SALIVA_BEDTIME is in the future - Sat Oct 29 21:46:56 PDT 2016"
"2016-10-29 00:08:56 PDT","I","test2@match_com","MinuteService","Inside onDestroy"
"2016-10-29 00:08:56 PDT","I","test2@match_com","UploadManagerService","Inside onDestroy"
"2016-10-29 00:08:56 PDT","I","test2@match_com","SurveyManagerService","Inside onDestroy"
"2016-10-29 00:08:57 PDT","I","test2@match_com","Zipper","unzipFileWithEncryption"
"2016-10-29 00:08:57 PDT","I","test2@match_com","Zipper","Deleting File - /storage/emulated/0/.MATCH/data/2016-10-29/00-PDT/GPS.csv.zip"
"2016-10-29 00:08:57 PDT","I","test2@match_com","Zipper","zipFileWithEncryption - /storage/emulated/0/.MATCH/data/2016-10-29/00-PDT/GPS.csv"
"2016-10-29 00:08:57 PDT","I","test2@match_com","Zipper","Creating ZipFile - /storage/emulated/0/.MATCH/data/2016-10-29/00-PDT/GPS.csv.zip"
"2016-10-29 00:08:57 PDT","I","test2@match_com","Zipper","Deleting File - /storage/emulated/0/.MATCH/data/2016-10-29/00-PDT/GPS.csv"
"2016-10-29 00:09:00 PDT","I","test2@match_com","UploadManagerService","Inside onCreate"
"2016-10-29 00:09:00 PDT","I","test2@match_com","UploadManagerService","Processing Logs"
"2016-10-29 00:09:00 PDT","I","test2@match_com","UploadManagerService","Processing Logs for Date - /storage/emulated/0/.MATCH/logs/2016-10-26"
"2016-10-29 00:09:00 PDT","I","test2@match_com","UploadManagerService","Processing Logs for Date - /storage/emulated/0/.MATCH/logs/2016-10-27"
"2016-10-29 00:09:00 PDT","I","test2@match_com","UploadManagerService","Processing Logs for Date - /storage/emulated/0/.MATCH/logs/2016-10-28"
"2016-10-29 00:09:00 PDT","I","test2@match_com","UploadManagerService","Processing Logs for Date - /storage/emulated/0/.MATCH/logs/2016-10-29"
"2016-10-29 00:09:00 PDT","I","test2@match_com","UploadManagerService","Processing Surveys"
"2016-10-29 00:09:00 PDT","I","test2@match_com","UploadManagerService","Processing Data files"
"2016-10-29 00:09:01 PDT","I","test2@match_com","UploadManagerService","Processing data for date - /storage/emulated/0/.MATCH/data/2016-10-26"
"2016-10-29 00:09:01 PDT","I","test2@match_com","UploadManagerService","Processing data for hour /storage/emulated/0/.MATCH/data/2016-10-26/19-PDT.zip.uploaded"
"2016-10-29 00:09:01 PDT","I","test2@match_com","UploadManagerService","Processing data for hour /storage/emulated/0/.MATCH/data/2016-10-26/13-PDT.zip.uploaded"
"2016-10-29 00:09:01 PDT","I","test2@match_com","UploadManagerService","Processing data for hour /storage/emulated/0/.MATCH/data/2016-10-26/14-PDT.zip.uploaded"
"2016-10-29 00:09:01 PDT","I","test2@match_com","UploadManagerService","Processing data for hour /storage/emulated/0/.MATCH/data/2016-10-26/15-PDT.zip.uploaded"
"2016-10-29 00:09:01 PDT","I","test2@match_com","UploadManagerService","Processing data for hour /storage/emulated/0/.MATCH/data/2016-10-26/16-PDT.zip.uploaded"
"2016-10-29 00:09:01 PDT","I","test2@match_com","UploadManagerService","Processing data for hour /storage/emulated/0/.MATCH/data/2016-10-26/17-PDT.zip.uploaded"
"2016-10-29 00:09:01 PDT","I","test2@match_com","UploadManagerService","Processing data for hour /storage/emulated/0/.MATCH/data/2016-10-26/21-PDT.zip.uploaded"
"2016-10-29 00:09:01 PDT","I","test2@match_com","UploadManagerService","Processing data for hour /storage/emulated/0/.MATCH/data/2016-10-26/22-PDT.zip.uploaded"
"2016-10-29 00:09:01 PDT","I","test2@match_com","UploadManagerService","Processing data for hour /storage/emulated/0/.MATCH/data/2016-10-26/18-PDT.zip.uploaded"
"2016-10-29 00:09:01 PDT","I","test2@match_com","UploadManagerService","Processing data for hour /storage/emulated/0/.MATCH/data/2016-10-26/20-PDT.zip.uploaded"
"2016-10-29 00:09:01 PDT","I","test2@match_com","UploadManagerService","Processing data for hour /storage/emulated/0/.MATCH/data/2016-10-26/23-PDT.zip.uploaded"
"2016-10-29 00:09:01 PDT","I","test2@match_com","UploadManagerService","Processing data for date - /storage/emulated/0/.MATCH/data/2016-10-27"
"2016-10-29 00:09:01 PDT","I","test2@match_com","UploadManagerService","Processing data for hour /storage/emulated/0/.MATCH/data/2016-10-27/01-PDT.zip.uploaded"
"2016-10-29 00:09:01 PDT","I","test2@match_com","UploadManagerService","Processing data for hour /storage/emulated/0/.MATCH/data/2016-10-27/03-PDT.zip.uploaded"
"2016-10-29 00:09:01 PDT","I","test2@match_com","UploadManagerService","Processing data for hour /storage/emulated/0/.MATCH/data/2016-10-27/04-PDT.zip.uploaded"
"2016-10-29 00:09:01 PDT","I","test2@match_com","UploadManagerService","Processing data for hour /storage/emulated/0/.MATCH/data/2016-10-27/06-PDT.zip.uploaded"
"2016-10-29 00:09:01 PDT","I","test2@match_com","UploadManagerService","Processing data for hour /storage/emulated/0/.MATCH/data/2016-10-27/00-PDT.zip.uploaded"
"2016-10-29 00:09:01 PDT","I","test2@match_com","UploadManagerService","Processing data for hour /storage/emulated/0/.MATCH/data/2016-10-27/02-PDT.zip.uploaded"
"2016-10-29 00:09:01 PDT","I","test2@match_com","UploadManagerService","Processing data for hour /storage/emulated/0/.MATCH/data/2016-10-27/05-PDT.zip.uploaded"
"2016-10-29 00:09:01 PDT","I","test2@match_com","UploadManagerService","Processing data for date - /storage/emulated/0/.MATCH/data/2016-10-28"
"2016-10-29 00:09:01 PDT","I","test2@match_com","UploadManagerService","Processing data for hour /storage/emulated/0/.MATCH/data/2016-10-28/13-PDT.zip"
"2016-10-29 00:09:01 PDT","I","test2@match_com","UploadManagerService","Processing data for hour /storage/emulated/0/.MATCH/data/2016-10-28/14-PDT.zip"
"2016-10-29 00:09:01 PDT","I","test2@match_com","UploadManagerService","Processing data for hour /storage/emulated/0/.MATCH/data/2016-10-28/15-PDT.zip"
"2016-10-29 00:09:01 PDT","I","test2@match_com","UploadManagerService","Processing data for hour /storage/emulated/0/.MATCH/data/2016-10-28/16-PDT.zip"
"2016-10-29 00:09:01 PDT","I","test2@match_com","UploadManagerService","Processing data for hour /storage/emulated/0/.MATCH/data/2016-10-28/17-PDT.zip"
"2016-10-29 00:09:01 PDT","I","test2@match_com","UploadManagerService","Processing data for hour /storage/emulated/0/.MATCH/data/2016-10-28/18-PDT.zip"
"2016-10-29 00:09:01 PDT","I","test2@match_com","UploadManagerService","Processing data for hour /storage/emulated/0/.MATCH/data/2016-10-28/19-PDT.zip"
"2016-10-29 00:09:01 PDT","I","test2@match_com","UploadManagerService","Processing data for hour /storage/emulated/0/.MATCH/data/2016-10-28/20-PDT.zip"
"2016-10-29 00:09:01 PDT","I","test2@match_com","UploadManagerService","Processing data for hour /storage/emulated/0/.MATCH/data/2016-10-28/21-PDT.zip"
"2016-10-29 00:09:01 PDT","I","test2@match_com","UploadManagerService","Processing data for hour /storage/emulated/0/.MATCH/data/2016-10-28/22-PDT.zip"
"2016-10-29 00:09:01 PDT","I","test2@match_com","UploadManagerService","Processing data for hour /storage/emulated/0/.MATCH/data/2016-10-28/23-PDT.zip"
"2016-10-29 00:09:01 PDT","I","test2@match_com","UploadManagerService","Processing data for date - /storage/emulated/0/.MATCH/data/2016-10-29"
"2016-10-29 00:09:01 PDT","I","test2@match_com","UploadManagerService","Processing data for hour /storage/emulated/0/.MATCH/data/2016-10-29/00-PDT"
"2016-10-29 00:09:01 PDT","I","test2@match_com","UploadManagerService","Internet is not connected. Not trying to upload files."
"2016-10-29 00:09:01 PDT","I","test2@match_com","MinuteService","Inside onCreate"
"2016-10-29 00:09:01 PDT","I","test2@match_com","MinuteService","Minute Service Alarm was set by - MinuteService"
"2016-10-29 00:09:01 PDT","I","test2@match_com","MinuteService","Time since previous run - 5"
"2016-10-29 00:09:01 PDT","I","test2@match_com","MinuteService","Previous run within last 50 seconds, ignoring this run"
"2016-10-29 00:09:01 PDT","I","test2@match_com","UploadManagerService","Inside onDestroy"
"2016-10-29 00:09:01 PDT","I","test2@match_com","BackupMinuteService","Inside onCreate"
"2016-10-29 00:09:01 PDT","I","test2@match_com","Util","Inside setBackupMinuteServiceAlarm"
"2016-10-29 00:09:01 PDT","I","test2@match_com","Util","BackupMinuteService last run at - Sat Oct 29 00:09:01 PDT 2016"
"2016-10-29 00:09:01 PDT","I","test2@match_com","Util","BackupMinuteService next run at - Sat Oct 29 00:10:01 PDT 2016"
"2016-10-29 00:09:01 PDT","I","test2@match_com","MinuteService","Inside onDestroy"
"2016-10-29 00:09:01 PDT","I","test2@match_com","MinuteService","Inside onCreate"
"2016-10-29 00:09:01 PDT","I","test2@match_com","MinuteService","Minute Service Alarm was set by - MinuteService"
"2016-10-29 00:09:01 PDT","I","test2@match_com","MinuteService","Time since previous run - 5"
"2016-10-29 00:09:01 PDT","I","test2@match_com","MinuteService","Previous run within last 50 seconds, ignoring this run"
"2016-10-29 00:09:01 PDT","I","test2@match_com","BackupMinuteService","Inside onDestroy"
"2016-10-29 00:09:01 PDT","I","test2@match_com","MinuteService","Inside onDestroy"
"2016-10-29 00:09:01 PDT","I","test2@match_com","AlwaysOnService","Received Intent - android.intent.action.TIME_TICK"
"2016-10-29 00:09:23 PDT","I","test2@match_com","AlwaysOnService","Received Intent - android.intent.action.BATTERY_CHANGED"
"2016-10-29 00:09:51 PDT","I","test2@match_com","AlwaysOnService","Received Intent - android.intent.action.BATTERY_CHANGED"
"2016-10-29 00:09:56 PDT","I","test2@match_com","MinuteService","Inside onCreate"
"2016-10-29 00:09:56 PDT","I","test2@match_com","MinuteService","Minute Service Alarm was set by - MinuteService"
"2016-10-29 00:09:56 PDT","I","test2@match_com","MinuteService","Time since previous run - 60"
"2016-10-29 00:09:56 PDT","I","test2@match_com","MinuteService","Setting Minute Service Last Run"
"2016-10-29 00:09:56 PDT","I","test2@match_com","MinuteService","Setting Minute Service Alarm"
"2016-10-29 00:09:56 PDT","I","test2@match_com","Util","Inside setMinuteServiceAlarmFromMinuteService"
"2016-10-29 00:09:56 PDT","I","test2@match_com","Util","MinuteService last run at - Sat Oct 29 00:09:56 PDT 2016"
"2016-10-29 00:09:56 PDT","I","test2@match_com","Util","MinuteService next run at - Sat Oct 29 00:10:56 PDT 2016"
"2016-10-29 00:09:56 PDT","I","test2@match_com","MinuteService","Setting Minute Service Backup Alarm"
"2016-10-29 00:09:56 PDT","I","test2@match_com","Util","Inside setBackupMinuteServiceAlarm"
"2016-10-29 00:09:56 PDT","I","test2@match_com","Util","BackupMinuteService last run at - Sat Oct 29 00:09:01 PDT 2016"
"2016-10-29 00:09:56 PDT","I","test2@match_com","Util","BackupMinuteService next run at - Sat Oct 29 00:10:01 PDT 2016"
"2016-10-29 00:09:56 PDT","I","test2@match_com","MinuteService","Initializing MATCHConstants"
"2016-10-29 00:09:56 PDT","I","test2@match_com","MinuteService","Notifying user about minute service run"
"2016-10-29 00:09:56 PDT","I","test2@match_com","MinuteService","Writing status to Firebase Database"
"2016-10-29 00:09:56 PDT","I","test2@match_com","MinuteService","Logging Network Status"
"2016-10-29 00:09:56 PDT","I","test2@match_com","ConnectivityManager","isConnected - false - isWifi - false - isMobileInternet - false"
"2016-10-29 00:09:56 PDT","I","test2@match_com","MinuteService","Logging Battery Status"
"2016-10-29 00:09:56 PDT","I","test2@match_com","BatteryManager","Percentage - 79 - isCharging - true - isUSBCharging - false - isACCharging - true - isWirelessCharging - false"
"2016-10-29 00:09:56 PDT","I","test2@match_com","MinuteService","Logging Memory Status"
"2016-10-29 00:09:56 PDT","I","test2@match_com","MemoryManager","Total Memory,898,Available Memory,414,Threshold Memory,144,IsLowMemory,false"
"2016-10-29 00:09:56 PDT","I","test2@match_com","MinuteService","Logging Storage Status"
"2016-10-29 00:09:56 PDT","I","test2@match_com","StorageManager","Internal Total,2247,Internal Free,589,External Total,4637,External Free,3937"
"2016-10-29 00:09:56 PDT","I","test2@match_com","MinuteService","Logging Power Status"
"2016-10-29 00:09:56 PDT","I","test2@match_com","PowerManager","isDeviceIdleMode - false - isInteractive - false - isPowerSaveMode - false - isSustainedPerformanceModeSupported - false"
"2016-10-29 00:09:56 PDT","I","test2@match_com","MinuteService","Logging Notifications Status"
"2016-10-29 00:09:56 PDT","I","test2@match_com","NotificationManager","AreNotificationsEnabled - true - Importance - Unspecified"
"2016-10-29 00:09:56 PDT","I","test2@match_com","MinuteService","Logging Location"
"2016-10-29 00:09:56 PDT","I","test2@match_com","MinuteService","Fetching latest study data"
"2016-10-29 00:09:56 PDT","I","test2@match_com","MinuteService","Starting UploadManagerService"
"2016-10-29 00:09:56 PDT","I","test2@match_com","MinuteService","Starting SurveyManagerService"
"2016-10-29 00:09:56 PDT","I","test2@match_com","UploadManagerService","Inside onCreate"
"2016-10-29 00:09:56 PDT","I","test2@match_com","UploadManagerService","Processing Logs"
"2016-10-29 00:09:56 PDT","I","test2@match_com","UploadManagerService","Processing Logs for Date - /storage/emulated/0/.MATCH/logs/2016-10-26"
"2016-10-29 00:09:56 PDT","I","test2@match_com","UploadManagerService","Processing Logs for Date - /storage/emulated/0/.MATCH/logs/2016-10-27"
"2016-10-29 00:09:56 PDT","I","test2@match_com","UploadManagerService","Processing Logs for Date - /storage/emulated/0/.MATCH/logs/2016-10-28"
"2016-10-29 00:09:56 PDT","I","test2@match_com","UploadManagerService","Processing Logs for Date - /storage/emulated/0/.MATCH/logs/2016-10-29"
"2016-10-29 00:09:56 PDT","I","test2@match_com","UploadManagerService","Processing Surveys"
"2016-10-29 00:09:56 PDT","I","test2@match_com","UploadManagerService","Processing Data files"
"2016-10-29 00:09:56 PDT","I","test2@match_com","UploadManagerService","Processing data for date - /storage/emulated/0/.MATCH/data/2016-10-26"
"2016-10-29 00:09:56 PDT","I","test2@match_com","UploadManagerService","Processing data for hour /storage/emulated/0/.MATCH/data/2016-10-26/19-PDT.zip.uploaded"
"2016-10-29 00:09:56 PDT","I","test2@match_com","UploadManagerService","Processing data for hour /storage/emulated/0/.MATCH/data/2016-10-26/13-PDT.zip.uploaded"
"2016-10-29 00:09:56 PDT","I","test2@match_com","UploadManagerService","Processing data for hour /storage/emulated/0/.MATCH/data/2016-10-26/14-PDT.zip.uploaded"
"2016-10-29 00:09:56 PDT","I","test2@match_com","UploadManagerService","Processing data for hour /storage/emulated/0/.MATCH/data/2016-10-26/15-PDT.zip.uploaded"
"2016-10-29 00:09:56 PDT","I","test2@match_com","UploadManagerService","Processing data for hour /storage/emulated/0/.MATCH/data/2016-10-26/16-PDT.zip.uploaded"
"2016-10-29 00:09:56 PDT","I","test2@match_com","UploadManagerService","Processing data for hour /storage/emulated/0/.MATCH/data/2016-10-26/17-PDT.zip.uploaded"
"2016-10-29 00:09:56 PDT","I","test2@match_com","UploadManagerService","Processing data for hour /storage/emulated/0/.MATCH/data/2016-10-26/21-PDT.zip.uploaded"
"2016-10-29 00:09:56 PDT","I","test2@match_com","UploadManagerService","Processing data for hour /storage/emulated/0/.MATCH/data/2016-10-26/22-PDT.zip.uploaded"
"2016-10-29 00:09:56 PDT","I","test2@match_com","UploadManagerService","Processing data for hour /storage/emulated/0/.MATCH/data/2016-10-26/18-PDT.zip.uploaded"
"2016-10-29 00:09:56 PDT","I","test2@match_com","UploadManagerService","Processing data for hour /storage/emulated/0/.MATCH/data/2016-10-26/20-PDT.zip.uploaded"
"2016-10-29 00:09:56 PDT","I","test2@match_com","UploadManagerService","Processing data for hour /storage/emulated/0/.MATCH/data/2016-10-26/23-PDT.zip.uploaded"
"2016-10-29 00:09:56 PDT","I","test2@match_com","UploadManagerService","Processing data for date - /storage/emulated/0/.MATCH/data/2016-10-27"
"2016-10-29 00:09:56 PDT","I","test2@match_com","UploadManagerService","Processing data for hour /storage/emulated/0/.MATCH/data/2016-10-27/01-PDT.zip.uploaded"
"2016-10-29 00:09:56 PDT","I","test2@match_com","UploadManagerService","Processing data for hour /storage/emulated/0/.MATCH/data/2016-10-27/03-PDT.zip.uploaded"
"2016-10-29 00:09:56 PDT","I","test2@match_com","UploadManagerService","Processing data for hour /storage/emulated/0/.MATCH/data/2016-10-27/04-PDT.zip.uploaded"
"2016-10-29 00:09:56 PDT","I","test2@match_com","UploadManagerService","Processing data for hour /storage/emulated/0/.MATCH/data/2016-10-27/06-PDT.zip.uploaded"
"2016-10-29 00:09:56 PDT","I","test2@match_com","UploadManagerService","Processing data for hour /storage/emulated/0/.MATCH/data/2016-10-27/00-PDT.zip.uploaded"
"2016-10-29 00:09:56 PDT","I","test2@match_com","UploadManagerService","Processing data for hour /storage/emulated/0/.MATCH/data/2016-10-27/02-PDT.zip.uploaded"
"2016-10-29 00:09:56 PDT","I","test2@match_com","UploadManagerService","Processing data for hour /storage/emulated/0/.MATCH/data/2016-10-27/05-PDT.zip.uploaded"
"2016-10-29 00:09:56 PDT","I","test2@match_com","UploadManagerService","Processing data for date - /storage/emulated/0/.MATCH/data/2016-10-28"
"2016-10-29 00:09:56 PDT","I","test2@match_com","UploadManagerService","Processing data for hour /storage/emulated/0/.MATCH/data/2016-10-28/13-PDT.zip"
"2016-10-29 00:09:56 PDT","I","test2@match_com","UploadManagerService","Processing data for hour /storage/emulated/0/.MATCH/data/2016-10-28/14-PDT.zip"
"2016-10-29 00:09:56 PDT","I","test2@match_com","UploadManagerService","Processing data for hour /storage/emulated/0/.MATCH/data/2016-10-28/15-PDT.zip"
"2016-10-29 00:09:56 PDT","I","test2@match_com","UploadManagerService","Processing data for hour /storage/emulated/0/.MATCH/data/2016-10-28/16-PDT.zip"
"2016-10-29 00:09:56 PDT","I","test2@match_com","UploadManagerService","Processing data for hour /storage/emulated/0/.MATCH/data/2016-10-28/17-PDT.zip"
"2016-10-29 00:09:56 PDT","I","test2@match_com","UploadManagerService","Processing data for hour /storage/emulated/0/.MATCH/data/2016-10-28/18-PDT.zip"
"2016-10-29 00:09:56 PDT","I","test2@match_com","UploadManagerService","Processing data for hour /storage/emulated/0/.MATCH/data/2016-10-28/19-PDT.zip"
"2016-10-29 00:09:56 PDT","I","test2@match_com","UploadManagerService","Processing data for hour /storage/emulated/0/.MATCH/data/2016-10-28/20-PDT.zip"
"2016-10-29 00:09:56 PDT","I","test2@match_com","UploadManagerService","Processing data for hour /storage/emulated/0/.MATCH/data/2016-10-28/21-PDT.zip"
"2016-10-29 00:09:56 PDT","I","test2@match_com","UploadManagerService","Processing data for hour /storage/emulated/0/.MATCH/data/2016-10-28/22-PDT.zip"
"2016-10-29 00:09:56 PDT","I","test2@match_com","UploadManagerService","Processing data for hour /storage/emulated/0/.MATCH/data/2016-10-28/23-PDT.zip"
"2016-10-29 00:09:56 PDT","I","test2@match_com","UploadManagerService","Processing data for date - /storage/emulated/0/.MATCH/data/2016-10-29"
"2016-10-29 00:09:56 PDT","I","test2@match_com","UploadManagerService","Processing data for hour /storage/emulated/0/.MATCH/data/2016-10-29/00-PDT"
"2016-10-29 00:09:56 PDT","I","test2@match_com","UploadManagerService","Internet is not connected. Not trying to upload files."
"2016-10-29 00:09:56 PDT","I","test2@match_com","SurveyManagerService","Inside onCreate"
"2016-10-29 00:09:56 PDT","I","test2@match_com","SurveyManagerService","Current time is - Sat Oct 29 00:09:56 PDT 2016"
"2016-10-29 00:09:56 PDT","I","test2@match_com","SurveyManagerService","Start Date is - Tue Oct 25 19:00:00 PDT 2016"
"2016-10-29 00:09:56 PDT","I","test2@match_com","SurveyManagerService","End Date is - Tue Nov 01 16:00:00 PDT 2016"
"2016-10-29 00:09:56 PDT","I","test2@match_com","SurveyManagerService","Scheduling Survey for - KEY_EMA_0730TO0800_CHILD"
"2016-10-29 00:09:56 PDT","I","test2@match_com","SurveyManagerService","Survey KEY_EMA_0730TO0800_CHILD is already scheduled"
"2016-10-29 00:09:56 PDT","I","test2@match_com","SurveyManagerService","Scheduling Survey for - KEY_EMA_0930TO1000_CHILD"
"2016-10-29 00:09:56 PDT","I","test2@match_com","SurveyManagerService","Survey KEY_EMA_0930TO1000_CHILD is already scheduled"
"2016-10-29 00:09:56 PDT","I","test2@match_com","SurveyManagerService","Scheduling Survey for - KEY_EMA_1130TO1200_CHILD"
"2016-10-29 00:09:56 PDT","I","test2@match_com","SurveyManagerService","Survey KEY_EMA_1130TO1200_CHILD is already scheduled"
"2016-10-29 00:09:56 PDT","I","test2@match_com","SurveyManagerService","Scheduling Survey for - KEY_EMA_1330TO1400_CHILD"
"2016-10-29 00:09:56 PDT","I","test2@match_com","SurveyManagerService","Survey KEY_EMA_1330TO1400_CHILD is already scheduled"
"2016-10-29 00:09:56 PDT","I","test2@match_com","SurveyManagerService","Scheduling Survey for - KEY_EMA_1530TO1600_CHILD"
"2016-10-29 00:09:56 PDT","I","test2@match_com","SurveyManagerService","Survey KEY_EMA_1530TO1600_CHILD is already scheduled"
"2016-10-29 00:09:56 PDT","I","test2@match_com","SurveyManagerService","Scheduling Survey for - KEY_EMA_1730TO1800_CHILD"
"2016-10-29 00:09:56 PDT","I","test2@match_com","SurveyManagerService","Survey KEY_EMA_1730TO1800_CHILD is already scheduled"
"2016-10-29 00:09:56 PDT","I","test2@match_com","SurveyManagerService","Scheduling Survey for - KEY_EMA_1930TO2000_CHILD"
"2016-10-29 00:09:56 PDT","I","test2@match_com","SurveyManagerService","Survey KEY_EMA_1930TO2000_CHILD is already scheduled"
"2016-10-29 00:09:56 PDT","I","test2@match_com","SurveyManagerService","Saliva surveys are already scheduled"
"2016-10-29 00:09:56 PDT","I","test2@match_com","SurveyManagerService","Survey KEY_SALIVA_BEDTIME scheduled for Sat Oct 29 21:46:56 PDT 2016"
"2016-10-29 00:09:56 PDT","I","test2@match_com","SurveyManagerService","Survey Schedule for KEY_EMA_0730TO0800_CHILD is Sat Oct 29 07:47:17 PDT 2016"
"2016-10-29 00:09:56 PDT","I","test2@match_com","SurveyManagerService","Still not time to prompt the survey"
"2016-10-29 00:09:56 PDT","I","test2@match_com","SurveyManagerService","Survey Schedule for KEY_EMA_0930TO1000_CHILD is Sat Oct 29 09:57:24 PDT 2016"
"2016-10-29 00:09:56 PDT","I","test2@match_com","SurveyManagerService","Still not time to prompt the survey"
"2016-10-29 00:09:56 PDT","I","test2@match_com","SurveyManagerService","Survey Schedule for KEY_EMA_1130TO1200_CHILD is Sat Oct 29 11:45:10 PDT 2016"
"2016-10-29 00:09:56 PDT","I","test2@match_com","SurveyManagerService","Still not time to prompt the survey"
"2016-10-29 00:09:56 PDT","I","test2@match_com","SurveyManagerService","Survey Schedule for KEY_EMA_1330TO1400_CHILD is Sat Oct 29 13:44:02 PDT 2016"
"2016-10-29 00:09:56 PDT","I","test2@match_com","SurveyManagerService","Still not time to prompt the survey"
"2016-10-29 00:09:56 PDT","I","test2@match_com","SurveyManagerService","Survey Schedule for KEY_EMA_1530TO1600_CHILD is Sat Oct 29 15:33:41 PDT 2016"
"2016-10-29 00:09:56 PDT","I","test2@match_com","SurveyManagerService","Still not time to prompt the survey"
"2016-10-29 00:09:56 PDT","I","test2@match_com","SurveyManagerService","Survey Schedule for KEY_EMA_1730TO1800_CHILD is Sat Oct 29 17:47:43 PDT 2016"
"2016-10-29 00:09:56 PDT","I","test2@match_com","SurveyManagerService","Still not time to prompt the survey"
"2016-10-29 00:09:56 PDT","I","test2@match_com","SurveyManagerService","Survey Schedule for KEY_EMA_1930TO2000_CHILD is Sat Oct 29 19:36:11 PDT 2016"
"2016-10-29 00:09:56 PDT","I","test2@match_com","SurveyManagerService","Still not time to prompt the survey"
"2016-10-29 00:09:56 PDT","I","test2@match_com","SurveyManagerService","KEY_SALIVA_WAKING is scheduled for Sat Oct 29 06:46:56 PDT 2016"
"2016-10-29 00:09:56 PDT","I","test2@match_com","SurveyManagerService","Prompt KEY_SALIVA_WAKING is in the future - Sat Oct 29 06:46:56 PDT 2016"
"2016-10-29 00:09:56 PDT","I","test2@match_com","SurveyManagerService","KEY_SALIVA_WAKING_PLUS_30 is scheduled for Sat Oct 29 07:16:56 PDT 2016"
"2016-10-29 00:09:56 PDT","I","test2@match_com","SurveyManagerService","Prompt KEY_SALIVA_WAKING_PLUS_30 is in the future - Sat Oct 29 07:16:56 PDT 2016"
"2016-10-29 00:09:56 PDT","I","test2@match_com","SurveyManagerService","KEY_SALIVA_AFTERNOON_4TO430_CHILD is scheduled for Sat Oct 29 16:16:27 PDT 2016"
"2016-10-29 00:09:56 PDT","I","test2@match_com","SurveyManagerService","Prompt KEY_SALIVA_AFTERNOON_4TO430_CHILD is in the future - Sat Oct 29 16:16:27 PDT 2016"
"2016-10-29 00:09:56 PDT","I","test2@match_com","SurveyManagerService","KEY_SALIVA_BEDTIME is scheduled for Sat Oct 29 21:46:56 PDT 2016"
"2016-10-29 00:09:56 PDT","I","test2@match_com","SurveyManagerService","Prompt KEY_SALIVA_BEDTIME is in the future - Sat Oct 29 21:46:56 PDT 2016"
"2016-10-29 00:09:56 PDT","I","test2@match_com","MinuteService","Inside onDestroy"
"2016-10-29 00:09:56 PDT","I","test2@match_com","UploadManagerService","Inside onDestroy"
"2016-10-29 00:09:56 PDT","I","test2@match_com","SurveyManagerService","Inside onDestroy"
"2016-10-29 00:09:56 PDT","I","test2@match_com","Zipper","unzipFileWithEncryption"
"2016-10-29 00:09:57 PDT","I","test2@match_com","Zipper","Deleting File - /storage/emulated/0/.MATCH/data/2016-10-29/00-PDT/GPS.csv.zip"
"2016-10-29 00:09:57 PDT","I","test2@match_com","Zipper","zipFileWithEncryption - /storage/emulated/0/.MATCH/data/2016-10-29/00-PDT/GPS.csv"
"2016-10-29 00:09:57 PDT","I","test2@match_com","Zipper","Creating ZipFile - /storage/emulated/0/.MATCH/data/2016-10-29/00-PDT/GPS.csv.zip"
"2016-10-29 00:09:57 PDT","I","test2@match_com","Zipper","Deleting File - /storage/emulated/0/.MATCH/data/2016-10-29/00-PDT/GPS.csv"
"2016-10-29 00:10:00 PDT","I","test2@match_com","UploadManagerService","Inside onCreate"
"2016-10-29 00:10:00 PDT","I","test2@match_com","UploadManagerService","Processing Logs"
"2016-10-29 00:10:00 PDT","I","test2@match_com","UploadManagerService","Processing Logs for Date - /storage/emulated/0/.MATCH/logs/2016-10-26"
"2016-10-29 00:10:00 PDT","I","test2@match_com","UploadManagerService","Processing Logs for Date - /storage/emulated/0/.MATCH/logs/2016-10-27"
"2016-10-29 00:10:00 PDT","I","test2@match_com","UploadManagerService","Processing Logs for Date - /storage/emulated/0/.MATCH/logs/2016-10-28"
"2016-10-29 00:10:00 PDT","I","test2@match_com","UploadManagerService","Processing Logs for Date - /storage/emulated/0/.MATCH/logs/2016-10-29"
"2016-10-29 00:10:00 PDT","I","test2@match_com","UploadManagerService","Processing Surveys"
"2016-10-29 00:10:01 PDT","I","test2@match_com","UploadManagerService","Processing Data files"
"2016-10-29 00:10:01 PDT","I","test2@match_com","UploadManagerService","Processing data for date - /storage/emulated/0/.MATCH/data/2016-10-26"
"2016-10-29 00:10:01 PDT","I","test2@match_com","UploadManagerService","Processing data for hour /storage/emulated/0/.MATCH/data/2016-10-26/19-PDT.zip.uploaded"
"2016-10-29 00:10:01 PDT","I","test2@match_com","UploadManagerService","Processing data for hour /storage/emulated/0/.MATCH/data/2016-10-26/13-PDT.zip.uploaded"
"2016-10-29 00:10:01 PDT","I","test2@match_com","UploadManagerService","Processing data for hour /storage/emulated/0/.MATCH/data/2016-10-26/14-PDT.zip.uploaded"
"2016-10-29 00:10:01 PDT","I","test2@match_com","UploadManagerService","Processing data for hour /storage/emulated/0/.MATCH/data/2016-10-26/15-PDT.zip.uploaded"
"2016-10-29 00:10:01 PDT","I","test2@match_com","UploadManagerService","Processing data for hour /storage/emulated/0/.MATCH/data/2016-10-26/16-PDT.zip.uploaded"
"2016-10-29 00:10:01 PDT","I","test2@match_com","UploadManagerService","Processing data for hour /storage/emulated/0/.MATCH/data/2016-10-26/17-PDT.zip.uploaded"
"2016-10-29 00:10:01 PDT","I","test2@match_com","UploadManagerService","Processing data for hour /storage/emulated/0/.MATCH/data/2016-10-26/21-PDT.zip.uploaded"
"2016-10-29 00:10:01 PDT","I","test2@match_com","UploadManagerService","Processing data for hour /storage/emulated/0/.MATCH/data/2016-10-26/22-PDT.zip.uploaded"
"2016-10-29 00:10:01 PDT","I","test2@match_com","UploadManagerService","Processing data for hour /storage/emulated/0/.MATCH/data/2016-10-26/18-PDT.zip.uploaded"
"2016-10-29 00:10:01 PDT","I","test2@match_com","UploadManagerService","Processing data for hour /storage/emulated/0/.MATCH/data/2016-10-26/20-PDT.zip.uploaded"
"2016-10-29 00:10:01 PDT","I","test2@match_com","UploadManagerService","Processing data for hour /storage/emulated/0/.MATCH/data/2016-10-26/23-PDT.zip.uploaded"
"2016-10-29 00:10:01 PDT","I","test2@match_com","UploadManagerService","Processing data for date - /storage/emulated/0/.MATCH/data/2016-10-27"
"2016-10-29 00:10:01 PDT","I","test2@match_com","UploadManagerService","Processing data for hour /storage/emulated/0/.MATCH/data/2016-10-27/01-PDT.zip.uploaded"
"2016-10-29 00:10:01 PDT","I","test2@match_com","UploadManagerService","Processing data for hour /storage/emulated/0/.MATCH/data/2016-10-27/03-PDT.zip.uploaded"
"2016-10-29 00:10:01 PDT","I","test2@match_com","UploadManagerService","Processing data for hour /storage/emulated/0/.MATCH/data/2016-10-27/04-PDT.zip.uploaded"
"2016-10-29 00:10:01 PDT","I","test2@match_com","UploadManagerService","Processing data for hour /storage/emulated/0/.MATCH/data/2016-10-27/06-PDT.zip.uploaded"
"2016-10-29 00:10:01 PDT","I","test2@match_com","UploadManagerService","Processing data for hour /storage/emulated/0/.MATCH/data/2016-10-27/00-PDT.zip.uploaded"
"2016-10-29 00:10:01 PDT","I","test2@match_com","UploadManagerService","Processing data for hour /storage/emulated/0/.MATCH/data/2016-10-27/02-PDT.zip.uploaded"
"2016-10-29 00:10:01 PDT","I","test2@match_com","UploadManagerService","Processing data for hour /storage/emulated/0/.MATCH/data/2016-10-27/05-PDT.zip.uploaded"
"2016-10-29 00:10:01 PDT","I","test2@match_com","UploadManagerService","Processing data for date - /storage/emulated/0/.MATCH/data/2016-10-28"
"2016-10-29 00:10:01 PDT","I","test2@match_com","UploadManagerService","Processing data for hour /storage/emulated/0/.MATCH/data/2016-10-28/13-PDT.zip"
"2016-10-29 00:10:01 PDT","I","test2@match_com","UploadManagerService","Processing data for hour /storage/emulated/0/.MATCH/data/2016-10-28/14-PDT.zip"
"2016-10-29 00:10:01 PDT","I","test2@match_com","UploadManagerService","Processing data for hour /storage/emulated/0/.MATCH/data/2016-10-28/15-PDT.zip"
"2016-10-29 00:10:01 PDT","I","test2@match_com","UploadManagerService","Processing data for hour /storage/emulated/0/.MATCH/data/2016-10-28/16-PDT.zip"
"2016-10-29 00:10:01 PDT","I","test2@match_com","UploadManagerService","Processing data for hour /storage/emulated/0/.MATCH/data/2016-10-28/17-PDT.zip"
"2016-10-29 00:10:01 PDT","I","test2@match_com","UploadManagerService","Processing data for hour /storage/emulated/0/.MATCH/data/2016-10-28/18-PDT.zip"
"2016-10-29 00:10:01 PDT","I","test2@match_com","UploadManagerService","Processing data for hour /storage/emulated/0/.MATCH/data/2016-10-28/19-PDT.zip"
"2016-10-29 00:10:01 PDT","I","test2@match_com","UploadManagerService","Processing data for hour /storage/emulated/0/.MATCH/data/2016-10-28/20-PDT.zip"
"2016-10-29 00:10:01 PDT","I","test2@match_com","UploadManagerService","Processing data for hour /storage/emulated/0/.MATCH/data/2016-10-28/21-PDT.zip"
"2016-10-29 00:10:01 PDT","I","test2@match_com","UploadManagerService","Processing data for hour /storage/emulated/0/.MATCH/data/2016-10-28/22-PDT.zip"
"2016-10-29 00:10:01 PDT","I","test2@match_com","UploadManagerService","Processing data for hour /storage/emulated/0/.MATCH/data/2016-10-28/23-PDT.zip"
"2016-10-29 00:10:01 PDT","I","test2@match_com","UploadManagerService","Processing data for date - /storage/emulated/0/.MATCH/data/2016-10-29"
"2016-10-29 00:10:01 PDT","I","test2@match_com","UploadManagerService","Processing data for hour /storage/emulated/0/.MATCH/data/2016-10-29/00-PDT"
"2016-10-29 00:10:01 PDT","I","test2@match_com","UploadManagerService","Internet is not connected. Not trying to upload files."
"2016-10-29 00:10:01 PDT","I","test2@match_com","MinuteService","Inside onCreate"
"2016-10-29 00:10:01 PDT","I","test2@match_com","MinuteService","Minute Service Alarm was set by - MinuteService"
"2016-10-29 00:10:01 PDT","I","test2@match_com","MinuteService","Time since previous run - 5"
"2016-10-29 00:10:01 PDT","I","test2@match_com","MinuteService","Previous run within last 50 seconds, ignoring this run"
"2016-10-29 00:10:01 PDT","I","test2@match_com","UploadManagerService","Inside onDestroy"
"2016-10-29 00:10:01 PDT","I","test2@match_com","MinuteService","Inside onDestroy"
"2016-10-29 00:10:01 PDT","I","test2@match_com","BackupMinuteService","Inside onCreate"
"2016-10-29 00:10:01 PDT","I","test2@match_com","Util","Inside setBackupMinuteServiceAlarm"
"2016-10-29 00:10:01 PDT","I","test2@match_com","Util","BackupMinuteService last run at - Sat Oct 29 00:10:01 PDT 2016"
"2016-10-29 00:10:01 PDT","I","test2@match_com","Util","BackupMinuteService next run at - Sat Oct 29 00:11:01 PDT 2016"
"2016-10-29 00:10:01 PDT","I","test2@match_com","MinuteService","Inside onCreate"
"2016-10-29 00:10:01 PDT","I","test2@match_com","MinuteService","Minute Service Alarm was set by - MinuteService"
"2016-10-29 00:10:01 PDT","I","test2@match_com","MinuteService","Time since previous run - 5"
"2016-10-29 00:10:01 PDT","I","test2@match_com","MinuteService","Previous run within last 50 seconds, ignoring this run"
"2016-10-29 00:10:01 PDT","I","test2@match_com","BackupMinuteService","Inside onDestroy"
"2016-10-29 00:10:01 PDT","I","test2@match_com","MinuteService","Inside onDestroy"
"2016-10-29 00:10:01 PDT","I","test2@match_com","AlwaysOnService","Received Intent - android.intent.action.TIME_TICK"
"2016-10-29 00:10:23 PDT","I","test2@match_com","AlwaysOnService","Received Intent - android.intent.action.BATTERY_CHANGED"
"2016-10-29 00:10:45 PDT","I","test2@match_com","AlwaysOnService","Received Intent - android.intent.action.BATTERY_CHANGED"
"2016-10-29 00:10:56 PDT","I","test2@match_com","MinuteService","Inside onCreate"
"2016-10-29 00:10:56 PDT","I","test2@match_com","MinuteService","Minute Service Alarm was set by - MinuteService"
"2016-10-29 00:10:56 PDT","I","test2@match_com","MinuteService","Time since previous run - 60"
"2016-10-29 00:10:56 PDT","I","test2@match_com","MinuteService","Setting Minute Service Last Run"
"2016-10-29 00:10:56 PDT","I","test2@match_com","MinuteService","Setting Minute Service Alarm"
"2016-10-29 00:10:56 PDT","I","test2@match_com","Util","Inside setMinuteServiceAlarmFromMinuteService"
"2016-10-29 00:10:56 PDT","I","test2@match_com","Util","MinuteService last run at - Sat Oct 29 00:10:56 PDT 2016"
"2016-10-29 00:10:56 PDT","I","test2@match_com","Util","MinuteService next run at - Sat Oct 29 00:11:56 PDT 2016"
"2016-10-29 00:10:56 PDT","I","test2@match_com","MinuteService","Setting Minute Service Backup Alarm"
"2016-10-29 00:10:56 PDT","I","test2@match_com","Util","Inside setBackupMinuteServiceAlarm"
"2016-10-29 00:10:56 PDT","I","test2@match_com","Util","BackupMinuteService last run at - Sat Oct 29 00:10:01 PDT 2016"
"2016-10-29 00:10:56 PDT","I","test2@match_com","Util","BackupMinuteService next run at - Sat Oct 29 00:11:01 PDT 2016"
"2016-10-29 00:10:56 PDT","I","test2@match_com","MinuteService","Initializing MATCHConstants"
"2016-10-29 00:10:56 PDT","I","test2@match_com","MinuteService","Notifying user about minute service run"
"2016-10-29 00:10:56 PDT","I","test2@match_com","MinuteService","Writing status to Firebase Database"
"2016-10-29 00:10:56 PDT","I","test2@match_com","MinuteService","Logging Network Status"
"2016-10-29 00:10:56 PDT","I","test2@match_com","ConnectivityManager","isConnected - false - isWifi - false - isMobileInternet - false"
"2016-10-29 00:10:56 PDT","I","test2@match_com","MinuteService","Logging Battery Status"
"2016-10-29 00:10:56 PDT","I","test2@match_com","BatteryManager","Percentage - 80 - isCharging - true - isUSBCharging - false - isACCharging - true - isWirelessCharging - false"
"2016-10-29 00:10:56 PDT","I","test2@match_com","MinuteService","Logging Memory Status"
"2016-10-29 00:10:56 PDT","I","test2@match_com","MemoryManager","Total Memory,898,Available Memory,415,Threshold Memory,144,IsLowMemory,false"
"2016-10-29 00:10:56 PDT","I","test2@match_com","MinuteService","Logging Storage Status"
"2016-10-29 00:10:56 PDT","I","test2@match_com","StorageManager","Internal Total,2247,Internal Free,589,External Total,4637,External Free,3937"
"2016-10-29 00:10:56 PDT","I","test2@match_com","MinuteService","Logging Power Status"
"2016-10-29 00:10:56 PDT","I","test2@match_com","PowerManager","isDeviceIdleMode - false - isInteractive - false - isPowerSaveMode - false - isSustainedPerformanceModeSupported - false"
"2016-10-29 00:10:56 PDT","I","test2@match_com","MinuteService","Logging Notifications Status"
"2016-10-29 00:10:56 PDT","I","test2@match_com","NotificationManager","AreNotificationsEnabled - true - Importance - Unspecified"
"2016-10-29 00:10:56 PDT","I","test2@match_com","MinuteService","Logging Location"
"2016-10-29 00:10:56 PDT","I","test2@match_com","MinuteService","Fetching latest study data"
"2016-10-29 00:10:56 PDT","I","test2@match_com","MinuteService","Starting UploadManagerService"
"2016-10-29 00:10:56 PDT","I","test2@match_com","MinuteService","Starting SurveyManagerService"
"2016-10-29 00:10:56 PDT","I","test2@match_com","UploadManagerService","Inside onCreate"
"2016-10-29 00:10:56 PDT","I","test2@match_com","UploadManagerService","Processing Logs"
"2016-10-29 00:10:56 PDT","I","test2@match_com","UploadManagerService","Processing Logs for Date - /storage/emulated/0/.MATCH/logs/2016-10-26"
"2016-10-29 00:10:56 PDT","I","test2@match_com","UploadManagerService","Processing Logs for Date - /storage/emulated/0/.MATCH/logs/2016-10-27"
"2016-10-29 00:10:56 PDT","I","test2@match_com","UploadManagerService","Processing Logs for Date - /storage/emulated/0/.MATCH/logs/2016-10-28"
"2016-10-29 00:10:56 PDT","I","test2@match_com","UploadManagerService","Processing Logs for Date - /storage/emulated/0/.MATCH/logs/2016-10-29"
"2016-10-29 00:10:56 PDT","I","test2@match_com","UploadManagerService","Processing Surveys"
"2016-10-29 00:10:56 PDT","I","test2@match_com","UploadManagerService","Processing Data files"
"2016-10-29 00:10:56 PDT","I","test2@match_com","UploadManagerService","Processing data for date - /storage/emulated/0/.MATCH/data/2016-10-26"
"2016-10-29 00:10:56 PDT","I","test2@match_com","UploadManagerService","Processing data for hour /storage/emulated/0/.MATCH/data/2016-10-26/19-PDT.zip.uploaded"
"2016-10-29 00:10:56 PDT","I","test2@match_com","UploadManagerService","Processing data for hour /storage/emulated/0/.MATCH/data/2016-10-26/13-PDT.zip.uploaded"
"2016-10-29 00:10:56 PDT","I","test2@match_com","UploadManagerService","Processing data for hour /storage/emulated/0/.MATCH/data/2016-10-26/14-PDT.zip.uploaded"
"2016-10-29 00:10:56 PDT","I","test2@match_com","UploadManagerService","Processing data for hour /storage/emulated/0/.MATCH/data/2016-10-26/15-PDT.zip.uploaded"
"2016-10-29 00:10:56 PDT","I","test2@match_com","UploadManagerService","Processing data for hour /storage/emulated/0/.MATCH/data/2016-10-26/16-PDT.zip.uploaded"
"2016-10-29 00:10:56 PDT","I","test2@match_com","UploadManagerService","Processing data for hour /storage/emulated/0/.MATCH/data/2016-10-26/17-PDT.zip.uploaded"
"2016-10-29 00:10:56 PDT","I","test2@match_com","UploadManagerService","Processing data for hour /storage/emulated/0/.MATCH/data/2016-10-26/21-PDT.zip.uploaded"
"2016-10-29 00:10:56 PDT","I","test2@match_com","UploadManagerService","Processing data for hour /storage/emulated/0/.MATCH/data/2016-10-26/22-PDT.zip.uploaded"
"2016-10-29 00:10:56 PDT","I","test2@match_com","UploadManagerService","Processing data for hour /storage/emulated/0/.MATCH/data/2016-10-26/18-PDT.zip.uploaded"
"2016-10-29 00:10:56 PDT","I","test2@match_com","UploadManagerService","Processing data for hour /storage/emulated/0/.MATCH/data/2016-10-26/20-PDT.zip.uploaded"
"2016-10-29 00:10:56 PDT","I","test2@match_com","UploadManagerService","Processing data for hour /storage/emulated/0/.MATCH/data/2016-10-26/23-PDT.zip.uploaded"
"2016-10-29 00:10:56 PDT","I","test2@match_com","UploadManagerService","Processing data for date - /storage/emulated/0/.MATCH/data/2016-10-27"
"2016-10-29 00:10:56 PDT","I","test2@match_com","UploadManagerService","Processing data for hour /storage/emulated/0/.MATCH/data/2016-10-27/01-PDT.zip.uploaded"
"2016-10-29 00:10:56 PDT","I","test2@match_com","UploadManagerService","Processing data for hour /storage/emulated/0/.MATCH/data/2016-10-27/03-PDT.zip.uploaded"
"2016-10-29 00:10:56 PDT","I","test2@match_com","UploadManagerService","Processing data for hour /storage/emulated/0/.MATCH/data/2016-10-27/04-PDT.zip.uploaded"
"2016-10-29 00:10:56 PDT","I","test2@match_com","UploadManagerService","Processing data for hour /storage/emulated/0/.MATCH/data/2016-10-27/06-PDT.zip.uploaded"
"2016-10-29 00:10:56 PDT","I","test2@match_com","UploadManagerService","Processing data for hour /storage/emulated/0/.MATCH/data/2016-10-27/00-PDT.zip.uploaded"
"2016-10-29 00:10:56 PDT","I","test2@match_com","UploadManagerService","Processing data for hour /storage/emulated/0/.MATCH/data/2016-10-27/02-PDT.zip.uploaded"
"2016-10-29 00:10:56 PDT","I","test2@match_com","UploadManagerService","Processing data for hour /storage/emulated/0/.MATCH/data/2016-10-27/05-PDT.zip.uploaded"
"2016-10-29 00:10:56 PDT","I","test2@match_com","UploadManagerService","Processing data for date - /storage/emulated/0/.MATCH/data/2016-10-28"
"2016-10-29 00:10:56 PDT","I","test2@match_com","UploadManagerService","Processing data for hour /storage/emulated/0/.MATCH/data/2016-10-28/13-PDT.zip"
"2016-10-29 00:10:56 PDT","I","test2@match_com","UploadManagerService","Processing data for hour /storage/emulated/0/.MATCH/data/2016-10-28/14-PDT.zip"
"2016-10-29 00:10:56 PDT","I","test2@match_com","UploadManagerService","Processing data for hour /storage/emulated/0/.MATCH/data/2016-10-28/15-PDT.zip"
"2016-10-29 00:10:56 PDT","I","test2@match_com","UploadManagerService","Processing data for hour /storage/emulated/0/.MATCH/data/2016-10-28/16-PDT.zip"
"2016-10-29 00:10:56 PDT","I","test2@match_com","UploadManagerService","Processing data for hour /storage/emulated/0/.MATCH/data/2016-10-28/17-PDT.zip"
"2016-10-29 00:10:56 PDT","I","test2@match_com","UploadManagerService","Processing data for hour /storage/emulated/0/.MATCH/data/2016-10-28/18-PDT.zip"
"2016-10-29 00:10:56 PDT","I","test2@match_com","UploadManagerService","Processing data for hour /storage/emulated/0/.MATCH/data/2016-10-28/19-PDT.zip"
"2016-10-29 00:10:56 PDT","I","test2@match_com","UploadManagerService","Processing data for hour /storage/emulated/0/.MATCH/data/2016-10-28/20-PDT.zip"
"2016-10-29 00:10:56 PDT","I","test2@match_com","UploadManagerService","Processing data for hour /storage/emulated/0/.MATCH/data/2016-10-28/21-PDT.zip"
"2016-10-29 00:10:56 PDT","I","test2@match_com","UploadManagerService","Processing data for hour /storage/emulated/0/.MATCH/data/2016-10-28/22-PDT.zip"
"2016-10-29 00:10:56 PDT","I","test2@match_com","UploadManagerService","Processing data for hour /storage/emulated/0/.MATCH/data/2016-10-28/23-PDT.zip"
"2016-10-29 00:10:56 PDT","I","test2@match_com","UploadManagerService","Processing data for date - /storage/emulated/0/.MATCH/data/2016-10-29"
"2016-10-29 00:10:56 PDT","I","test2@match_com","UploadManagerService","Processing data for hour /storage/emulated/0/.MATCH/data/2016-10-29/00-PDT"
"2016-10-29 00:10:56 PDT","I","test2@match_com","UploadManagerService","Internet is not connected. Not trying to upload files."
"2016-10-29 00:10:56 PDT","I","test2@match_com","SurveyManagerService","Inside onCreate"
"2016-10-29 00:10:56 PDT","I","test2@match_com","SurveyManagerService","Current time is - Sat Oct 29 00:10:56 PDT 2016"
"2016-10-29 00:10:56 PDT","I","test2@match_com","SurveyManagerService","Start Date is - Tue Oct 25 19:00:00 PDT 2016"
"2016-10-29 00:10:56 PDT","I","test2@match_com","SurveyManagerService","End Date is - Tue Nov 01 16:00:00 PDT 2016"
"2016-10-29 00:10:56 PDT","I","test2@match_com","SurveyManagerService","Scheduling Survey for - KEY_EMA_0730TO0800_CHILD"
"2016-10-29 00:10:56 PDT","I","test2@match_com","SurveyManagerService","Survey KEY_EMA_0730TO0800_CHILD is already scheduled"
"2016-10-29 00:10:56 PDT","I","test2@match_com","SurveyManagerService","Scheduling Survey for - KEY_EMA_0930TO1000_CHILD"
"2016-10-29 00:10:56 PDT","I","test2@match_com","SurveyManagerService","Survey KEY_EMA_0930TO1000_CHILD is already scheduled"
"2016-10-29 00:10:56 PDT","I","test2@match_com","SurveyManagerService","Scheduling Survey for - KEY_EMA_1130TO1200_CHILD"
"2016-10-29 00:10:56 PDT","I","test2@match_com","SurveyManagerService","Survey KEY_EMA_1130TO1200_CHILD is already scheduled"
"2016-10-29 00:10:56 PDT","I","test2@match_com","SurveyManagerService","Scheduling Survey for - KEY_EMA_1330TO1400_CHILD"
"2016-10-29 00:10:56 PDT","I","test2@match_com","SurveyManagerService","Survey KEY_EMA_1330TO1400_CHILD is already scheduled"
"2016-10-29 00:10:56 PDT","I","test2@match_com","SurveyManagerService","Scheduling Survey for - KEY_EMA_1530TO1600_CHILD"
"2016-10-29 00:10:56 PDT","I","test2@match_com","SurveyManagerService","Survey KEY_EMA_1530TO1600_CHILD is already scheduled"
"2016-10-29 00:10:56 PDT","I","test2@match_com","SurveyManagerService","Scheduling Survey for - KEY_EMA_1730TO1800_CHILD"
"2016-10-29 00:10:56 PDT","I","test2@match_com","SurveyManagerService","Survey KEY_EMA_1730TO1800_CHILD is already scheduled"
"2016-10-29 00:10:56 PDT","I","test2@match_com","SurveyManagerService","Scheduling Survey for - KEY_EMA_1930TO2000_CHILD"
"2016-10-29 00:10:56 PDT","I","test2@match_com","SurveyManagerService","Survey KEY_EMA_1930TO2000_CHILD is already scheduled"
"2016-10-29 00:10:56 PDT","I","test2@match_com","SurveyManagerService","Saliva surveys are already scheduled"
"2016-10-29 00:10:56 PDT","I","test2@match_com","SurveyManagerService","Survey KEY_SALIVA_BEDTIME scheduled for Sat Oct 29 21:46:56 PDT 2016"
"2016-10-29 00:10:56 PDT","I","test2@match_com","SurveyManagerService","Survey Schedule for KEY_EMA_0730TO0800_CHILD is Sat Oct 29 07:47:17 PDT 2016"
"2016-10-29 00:10:56 PDT","I","test2@match_com","SurveyManagerService","Still not time to prompt the survey"
"2016-10-29 00:10:56 PDT","I","test2@match_com","SurveyManagerService","Survey Schedule for KEY_EMA_0930TO1000_CHILD is Sat Oct 29 09:57:24 PDT 2016"
"2016-10-29 00:10:56 PDT","I","test2@match_com","SurveyManagerService","Still not time to prompt the survey"
"2016-10-29 00:10:56 PDT","I","test2@match_com","SurveyManagerService","Survey Schedule for KEY_EMA_1130TO1200_CHILD is Sat Oct 29 11:45:10 PDT 2016"
"2016-10-29 00:10:56 PDT","I","test2@match_com","SurveyManagerService","Still not time to prompt the survey"
"2016-10-29 00:10:56 PDT","I","test2@match_com","SurveyManagerService","Survey Schedule for KEY_EMA_1330TO1400_CHILD is Sat Oct 29 13:44:02 PDT 2016"
"2016-10-29 00:10:56 PDT","I","test2@match_com","SurveyManagerService","Still not time to prompt the survey"
"2016-10-29 00:10:56 PDT","I","test2@match_com","SurveyManagerService","Survey Schedule for KEY_EMA_1530TO1600_CHILD is Sat Oct 29 15:33:41 PDT 2016"
"2016-10-29 00:10:56 PDT","I","test2@match_com","SurveyManagerService","Still not time to prompt the survey"
"2016-10-29 00:10:56 PDT","I","test2@match_com","SurveyManagerService","Survey Schedule for KEY_EMA_1730TO1800_CHILD is Sat Oct 29 17:47:43 PDT 2016"
"2016-10-29 00:10:56 PDT","I","test2@match_com","SurveyManagerService","Still not time to prompt the survey"
"2016-10-29 00:10:56 PDT","I","test2@match_com","SurveyManagerService","Survey Schedule for KEY_EMA_1930TO2000_CHILD is Sat Oct 29 19:36:11 PDT 2016"
"2016-10-29 00:10:56 PDT","I","test2@match_com","SurveyManagerService","Still not time to prompt the survey"
"2016-10-29 00:10:56 PDT","I","test2@match_com","SurveyManagerService","KEY_SALIVA_WAKING is scheduled for Sat Oct 29 06:46:56 PDT 2016"
"2016-10-29 00:10:56 PDT","I","test2@match_com","SurveyManagerService","Prompt KEY_SALIVA_WAKING is in the future - Sat Oct 29 06:46:56 PDT 2016"
"2016-10-29 00:10:56 PDT","I","test2@match_com","SurveyManagerService","KEY_SALIVA_WAKING_PLUS_30 is scheduled for Sat Oct 29 07:16:56 PDT 2016"
"2016-10-29 00:10:56 PDT","I","test2@match_com","SurveyManagerService","Prompt KEY_SALIVA_WAKING_PLUS_30 is in the future - Sat Oct 29 07:16:56 PDT 2016"
"2016-10-29 00:10:57 PDT","I","test2@match_com","SurveyManagerService","KEY_SALIVA_AFTERNOON_4TO430_CHILD is scheduled for Sat Oct 29 16:16:27 PDT 2016"
"2016-10-29 00:10:57 PDT","I","test2@match_com","SurveyManagerService","Prompt KEY_SALIVA_AFTERNOON_4TO430_CHILD is in the future - Sat Oct 29 16:16:27 PDT 2016"
"2016-10-29 00:10:57 PDT","I","test2@match_com","SurveyManagerService","KEY_SALIVA_BEDTIME is scheduled for Sat Oct 29 21:46:56 PDT 2016"
"2016-10-29 00:10:57 PDT","I","test2@match_com","SurveyManagerService","Prompt KEY_SALIVA_BEDTIME is in the future - Sat Oct 29 21:46:56 PDT 2016"
"2016-10-29 00:10:57 PDT","I","test2@match_com","MinuteService","Inside onDestroy"
"2016-10-29 00:10:57 PDT","I","test2@match_com","UploadManagerService","Inside onDestroy"
"2016-10-29 00:10:57 PDT","I","test2@match_com","SurveyManagerService","Inside onDestroy"
"2016-10-29 00:10:57 PDT","I","test2@match_com","Zipper","unzipFileWithEncryption"
"2016-10-29 00:10:57 PDT","I","test2@match_com","Zipper","Deleting File - /storage/emulated/0/.MATCH/data/2016-10-29/00-PDT/GPS.csv.zip"
"2016-10-29 00:10:57 PDT","I","test2@match_com","Zipper","zipFileWithEncryption - /storage/emulated/0/.MATCH/data/2016-10-29/00-PDT/GPS.csv"
"2016-10-29 00:10:57 PDT","I","test2@match_com","Zipper","Creating ZipFile - /storage/emulated/0/.MATCH/data/2016-10-29/00-PDT/GPS.csv.zip"
"2016-10-29 00:10:57 PDT","I","test2@match_com","Zipper","Deleting File - /storage/emulated/0/.MATCH/data/2016-10-29/00-PDT/GPS.csv"
"2016-10-29 00:11:00 PDT","I","test2@match_com","UploadManagerService","Inside onCreate"
"2016-10-29 00:11:00 PDT","I","test2@match_com","UploadManagerService","Processing Logs"
"2016-10-29 00:11:00 PDT","I","test2@match_com","UploadManagerService","Processing Logs for Date - /storage/emulated/0/.MATCH/logs/2016-10-26"
"2016-10-29 00:11:00 PDT","I","test2@match_com","UploadManagerService","Processing Logs for Date - /storage/emulated/0/.MATCH/logs/2016-10-27"
"2016-10-29 00:11:00 PDT","I","test2@match_com","UploadManagerService","Processing Logs for Date - /storage/emulated/0/.MATCH/logs/2016-10-28"
"2016-10-29 00:11:01 PDT","I","test2@match_com","UploadManagerService","Processing Logs for Date - /storage/emulated/0/.MATCH/logs/2016-10-29"
"2016-10-29 00:11:01 PDT","I","test2@match_com","UploadManagerService","Processing Surveys"
"2016-10-29 00:11:01 PDT","I","test2@match_com","UploadManagerService","Processing Data files"
"2016-10-29 00:11:01 PDT","I","test2@match_com","UploadManagerService","Processing data for date - /storage/emulated/0/.MATCH/data/2016-10-26"
"2016-10-29 00:11:01 PDT","I","test2@match_com","UploadManagerService","Processing data for hour /storage/emulated/0/.MATCH/data/2016-10-26/19-PDT.zip.uploaded"
"2016-10-29 00:11:01 PDT","I","test2@match_com","UploadManagerService","Processing data for hour /storage/emulated/0/.MATCH/data/2016-10-26/13-PDT.zip.uploaded"
"2016-10-29 00:11:01 PDT","I","test2@match_com","UploadManagerService","Processing data for hour /storage/emulated/0/.MATCH/data/2016-10-26/14-PDT.zip.uploaded"
"2016-10-29 00:11:01 PDT","I","test2@match_com","UploadManagerService","Processing data for hour /storage/emulated/0/.MATCH/data/2016-10-26/15-PDT.zip.uploaded"
"2016-10-29 00:11:01 PDT","I","test2@match_com","UploadManagerService","Processing data for hour /storage/emulated/0/.MATCH/data/2016-10-26/16-PDT.zip.uploaded"
"2016-10-29 00:11:01 PDT","I","test2@match_com","UploadManagerService","Processing data for hour /storage/emulated/0/.MATCH/data/2016-10-26/17-PDT.zip.uploaded"
"2016-10-29 00:11:01 PDT","I","test2@match_com","UploadManagerService","Processing data for hour /storage/emulated/0/.MATCH/data/2016-10-26/21-PDT.zip.uploaded"
"2016-10-29 00:11:01 PDT","I","test2@match_com","UploadManagerService","Processing data for hour /storage/emulated/0/.MATCH/data/2016-10-26/22-PDT.zip.uploaded"
"2016-10-29 00:11:01 PDT","I","test2@match_com","UploadManagerService","Processing data for hour /storage/emulated/0/.MATCH/data/2016-10-26/18-PDT.zip.uploaded"
"2016-10-29 00:11:01 PDT","I","test2@match_com","UploadManagerService","Processing data for hour /storage/emulated/0/.MATCH/data/2016-10-26/20-PDT.zip.uploaded"
"2016-10-29 00:11:01 PDT","I","test2@match_com","UploadManagerService","Processing data for hour /storage/emulated/0/.MATCH/data/2016-10-26/23-PDT.zip.uploaded"
"2016-10-29 00:11:01 PDT","I","test2@match_com","UploadManagerService","Processing data for date - /storage/emulated/0/.MATCH/data/2016-10-27"
"2016-10-29 00:11:01 PDT","I","test2@match_com","UploadManagerService","Processing data for hour /storage/emulated/0/.MATCH/data/2016-10-27/01-PDT.zip.uploaded"
"2016-10-29 00:11:01 PDT","I","test2@match_com","UploadManagerService","Processing data for hour /storage/emulated/0/.MATCH/data/2016-10-27/03-PDT.zip.uploaded"
"2016-10-29 00:11:01 PDT","I","test2@match_com","UploadManagerService","Processing data for hour /storage/emulated/0/.MATCH/data/2016-10-27/04-PDT.zip.uploaded"
"2016-10-29 00:11:01 PDT","I","test2@match_com","UploadManagerService","Processing data for hour /storage/emulated/0/.MATCH/data/2016-10-27/06-PDT.zip.uploaded"
"2016-10-29 00:11:01 PDT","I","test2@match_com","UploadManagerService","Processing data for hour /storage/emulated/0/.MATCH/data/2016-10-27/00-PDT.zip.uploaded"
"2016-10-29 00:11:01 PDT","I","test2@match_com","UploadManagerService","Processing data for hour /storage/emulated/0/.MATCH/data/2016-10-27/02-PDT.zip.uploaded"
"2016-10-29 00:11:01 PDT","I","test2@match_com","UploadManagerService","Processing data for hour /storage/emulated/0/.MATCH/data/2016-10-27/05-PDT.zip.uploaded"
"2016-10-29 00:11:01 PDT","I","test2@match_com","UploadManagerService","Processing data for date - /storage/emulated/0/.MATCH/data/2016-10-28"
"2016-10-29 00:11:01 PDT","I","test2@match_com","UploadManagerService","Processing data for hour /storage/emulated/0/.MATCH/data/2016-10-28/13-PDT.zip"
"2016-10-29 00:11:01 PDT","I","test2@match_com","UploadManagerService","Processing data for hour /storage/emulated/0/.MATCH/data/2016-10-28/14-PDT.zip"
"2016-10-29 00:11:01 PDT","I","test2@match_com","UploadManagerService","Processing data for hour /storage/emulated/0/.MATCH/data/2016-10-28/15-PDT.zip"
"2016-10-29 00:11:01 PDT","I","test2@match_com","UploadManagerService","Processing data for hour /storage/emulated/0/.MATCH/data/2016-10-28/16-PDT.zip"
"2016-10-29 00:11:01 PDT","I","test2@match_com","UploadManagerService","Processing data for hour /storage/emulated/0/.MATCH/data/2016-10-28/17-PDT.zip"
"2016-10-29 00:11:01 PDT","I","test2@match_com","UploadManagerService","Processing data for hour /storage/emulated/0/.MATCH/data/2016-10-28/18-PDT.zip"
"2016-10-29 00:11:01 PDT","I","test2@match_com","UploadManagerService","Processing data for hour /storage/emulated/0/.MATCH/data/2016-10-28/19-PDT.zip"
"2016-10-29 00:11:01 PDT","I","test2@match_com","UploadManagerService","Processing data for hour /storage/emulated/0/.MATCH/data/2016-10-28/20-PDT.zip"
"2016-10-29 00:11:01 PDT","I","test2@match_com","UploadManagerService","Processing data for hour /storage/emulated/0/.MATCH/data/2016-10-28/21-PDT.zip"
"2016-10-29 00:11:01 PDT","I","test2@match_com","UploadManagerService","Processing data for hour /storage/emulated/0/.MATCH/data/2016-10-28/22-PDT.zip"
"2016-10-29 00:11:01 PDT","I","test2@match_com","UploadManagerService","Processing data for hour /storage/emulated/0/.MATCH/data/2016-10-28/23-PDT.zip"
"2016-10-29 00:11:01 PDT","I","test2@match_com","UploadManagerService","Processing data for date - /storage/emulated/0/.MATCH/data/2016-10-29"
"2016-10-29 00:11:01 PDT","I","test2@match_com","UploadManagerService","Processing data for hour /storage/emulated/0/.MATCH/data/2016-10-29/00-PDT"
"2016-10-29 00:11:01 PDT","I","test2@match_com","UploadManagerService","Internet is not connected. Not trying to upload files."
"2016-10-29 00:11:01 PDT","I","test2@match_com","MinuteService","Inside onCreate"
"2016-10-29 00:11:01 PDT","I","test2@match_com","MinuteService","Minute Service Alarm was set by - MinuteService"
"2016-10-29 00:11:01 PDT","I","test2@match_com","MinuteService","Time since previous run - 5"
"2016-10-29 00:11:01 PDT","I","test2@match_com","MinuteService","Previous run within last 50 seconds, ignoring this run"
"2016-10-29 00:11:01 PDT","I","test2@match_com","UploadManagerService","Inside onDestroy"
"2016-10-29 00:11:01 PDT","I","test2@match_com","MinuteService","Inside onDestroy"
"2016-10-29 00:11:01 PDT","I","test2@match_com","BackupMinuteService","Inside onCreate"
"2016-10-29 00:11:01 PDT","I","test2@match_com","Util","Inside setBackupMinuteServiceAlarm"
"2016-10-29 00:11:01 PDT","I","test2@match_com","Util","BackupMinuteService last run at - Sat Oct 29 00:11:01 PDT 2016"
"2016-10-29 00:11:01 PDT","I","test2@match_com","Util","BackupMinuteService next run at - Sat Oct 29 00:12:01 PDT 2016"
"2016-10-29 00:11:01 PDT","I","test2@match_com","MinuteService","Inside onCreate"
"2016-10-29 00:11:01 PDT","I","test2@match_com","MinuteService","Minute Service Alarm was set by - MinuteService"
"2016-10-29 00:11:01 PDT","I","test2@match_com","MinuteService","Time since previous run - 5"
"2016-10-29 00:11:01 PDT","I","test2@match_com","MinuteService","Previous run within last 50 seconds, ignoring this run"
"2016-10-29 00:11:01 PDT","I","test2@match_com","BackupMinuteService","Inside onDestroy"
"2016-10-29 00:11:01 PDT","I","test2@match_com","MinuteService","Inside onDestroy"
"2016-10-29 00:11:01 PDT","I","test2@match_com","AlwaysOnService","Received Intent - android.intent.action.TIME_TICK"
"2016-10-29 00:11:23 PDT","I","test2@match_com","AlwaysOnService","Received Intent - android.intent.action.BATTERY_CHANGED"
"2016-10-29 00:11:46 PDT","I","test2@match_com","AlwaysOnService","Received Intent - android.intent.action.BATTERY_CHANGED"
"2016-10-29 00:11:56 PDT","I","test2@match_com","MinuteService","Inside onCreate"
"2016-10-29 00:11:56 PDT","I","test2@match_com","MinuteService","Minute Service Alarm was set by - MinuteService"
"2016-10-29 00:11:56 PDT","I","test2@match_com","MinuteService","Time since previous run - 60"
"2016-10-29 00:11:56 PDT","I","test2@match_com","MinuteService","Setting Minute Service Last Run"
"2016-10-29 00:11:56 PDT","I","test2@match_com","MinuteService","Setting Minute Service Alarm"
"2016-10-29 00:11:56 PDT","I","test2@match_com","Util","Inside setMinuteServiceAlarmFromMinuteService"
"2016-10-29 00:11:56 PDT","I","test2@match_com","Util","MinuteService last run at - Sat Oct 29 00:11:56 PDT 2016"
"2016-10-29 00:11:56 PDT","I","test2@match_com","Util","MinuteService next run at - Sat Oct 29 00:12:56 PDT 2016"
"2016-10-29 00:11:56 PDT","I","test2@match_com","MinuteService","Setting Minute Service Backup Alarm"
"2016-10-29 00:11:56 PDT","I","test2@match_com","Util","Inside setBackupMinuteServiceAlarm"
"2016-10-29 00:11:56 PDT","I","test2@match_com","Util","BackupMinuteService last run at - Sat Oct 29 00:11:01 PDT 2016"
"2016-10-29 00:11:56 PDT","I","test2@match_com","Util","BackupMinuteService next run at - Sat Oct 29 00:12:01 PDT 2016"
"2016-10-29 00:11:56 PDT","I","test2@match_com","MinuteService","Initializing MATCHConstants"
"2016-10-29 00:11:56 PDT","I","test2@match_com","MinuteService","Notifying user about minute service run"
"2016-10-29 00:11:56 PDT","I","test2@match_com","MinuteService","Writing status to Firebase Database"
"2016-10-29 00:11:56 PDT","I","test2@match_com","MinuteService","Logging Network Status"
"2016-10-29 00:11:56 PDT","I","test2@match_com","ConnectivityManager","isConnected - false - isWifi - false - isMobileInternet - false"
"2016-10-29 00:11:56 PDT","I","test2@match_com","MinuteService","Logging Battery Status"
"2016-10-29 00:11:56 PDT","I","test2@match_com","BatteryManager","Percentage - 80 - isCharging - true - isUSBCharging - false - isACCharging - true - isWirelessCharging - false"
"2016-10-29 00:11:56 PDT","I","test2@match_com","MinuteService","Logging Memory Status"
"2016-10-29 00:11:56 PDT","I","test2@match_com","MemoryManager","Total Memory,898,Available Memory,413,Threshold Memory,144,IsLowMemory,false"
"2016-10-29 00:11:56 PDT","I","test2@match_com","MinuteService","Logging Storage Status"
"2016-10-29 00:11:56 PDT","I","test2@match_com","StorageManager","Internal Total,2247,Internal Free,589,External Total,4637,External Free,3937"
"2016-10-29 00:11:56 PDT","I","test2@match_com","MinuteService","Logging Power Status"
"2016-10-29 00:11:56 PDT","I","test2@match_com","PowerManager","isDeviceIdleMode - false - isInteractive - false - isPowerSaveMode - false - isSustainedPerformanceModeSupported - false"
"2016-10-29 00:11:56 PDT","I","test2@match_com","MinuteService","Logging Notifications Status"
"2016-10-29 00:11:56 PDT","I","test2@match_com","NotificationManager","AreNotificationsEnabled - true - Importance - Unspecified"
"2016-10-29 00:11:56 PDT","I","test2@match_com","MinuteService","Logging Location"
"2016-10-29 00:11:56 PDT","I","test2@match_com","MinuteService","Fetching latest study data"
"2016-10-29 00:11:56 PDT","I","test2@match_com","MinuteService","Starting UploadManagerService"
"2016-10-29 00:11:56 PDT","I","test2@match_com","MinuteService","Starting SurveyManagerService"
"2016-10-29 00:11:56 PDT","I","test2@match_com","UploadManagerService","Inside onCreate"
"2016-10-29 00:11:56 PDT","I","test2@match_com","UploadManagerService","Processing Logs"
"2016-10-29 00:11:56 PDT","I","test2@match_com","UploadManagerService","Processing Logs for Date - /storage/emulated/0/.MATCH/logs/2016-10-26"
"2016-10-29 00:11:56 PDT","I","test2@match_com","UploadManagerService","Processing Logs for Date - /storage/emulated/0/.MATCH/logs/2016-10-27"
"2016-10-29 00:11:56 PDT","I","test2@match_com","UploadManagerService","Processing Logs for Date - /storage/emulated/0/.MATCH/logs/2016-10-28"
"2016-10-29 00:11:56 PDT","I","test2@match_com","UploadManagerService","Processing Logs for Date - /storage/emulated/0/.MATCH/logs/2016-10-29"
"2016-10-29 00:11:56 PDT","I","test2@match_com","UploadManagerService","Processing Surveys"
"2016-10-29 00:11:56 PDT","I","test2@match_com","UploadManagerService","Processing Data files"
"2016-10-29 00:11:56 PDT","I","test2@match_com","UploadManagerService","Processing data for date - /storage/emulated/0/.MATCH/data/2016-10-26"
"2016-10-29 00:11:56 PDT","I","test2@match_com","UploadManagerService","Processing data for hour /storage/emulated/0/.MATCH/data/2016-10-26/19-PDT.zip.uploaded"
"2016-10-29 00:11:56 PDT","I","test2@match_com","UploadManagerService","Processing data for hour /storage/emulated/0/.MATCH/data/2016-10-26/13-PDT.zip.uploaded"
"2016-10-29 00:11:56 PDT","I","test2@match_com","UploadManagerService","Processing data for hour /storage/emulated/0/.MATCH/data/2016-10-26/14-PDT.zip.uploaded"
"2016-10-29 00:11:56 PDT","I","test2@match_com","UploadManagerService","Processing data for hour /storage/emulated/0/.MATCH/data/2016-10-26/15-PDT.zip.uploaded"
"2016-10-29 00:11:56 PDT","I","test2@match_com","UploadManagerService","Processing data for hour /storage/emulated/0/.MATCH/data/2016-10-26/16-PDT.zip.uploaded"
"2016-10-29 00:11:56 PDT","I","test2@match_com","UploadManagerService","Processing data for hour /storage/emulated/0/.MATCH/data/2016-10-26/17-PDT.zip.uploaded"
"2016-10-29 00:11:56 PDT","I","test2@match_com","UploadManagerService","Processing data for hour /storage/emulated/0/.MATCH/data/2016-10-26/21-PDT.zip.uploaded"
"2016-10-29 00:11:56 PDT","I","test2@match_com","UploadManagerService","Processing data for hour /storage/emulated/0/.MATCH/data/2016-10-26/22-PDT.zip.uploaded"
"2016-10-29 00:11:56 PDT","I","test2@match_com","UploadManagerService","Processing data for hour /storage/emulated/0/.MATCH/data/2016-10-26/18-PDT.zip.uploaded"
"2016-10-29 00:11:56 PDT","I","test2@match_com","UploadManagerService","Processing data for hour /storage/emulated/0/.MATCH/data/2016-10-26/20-PDT.zip.uploaded"
"2016-10-29 00:11:56 PDT","I","test2@match_com","UploadManagerService","Processing data for hour /storage/emulated/0/.MATCH/data/2016-10-26/23-PDT.zip.uploaded"
"2016-10-29 00:11:56 PDT","I","test2@match_com","UploadManagerService","Processing data for date - /storage/emulated/0/.MATCH/data/2016-10-27"
"2016-10-29 00:11:56 PDT","I","test2@match_com","UploadManagerService","Processing data for hour /storage/emulated/0/.MATCH/data/2016-10-27/01-PDT.zip.uploaded"
"2016-10-29 00:11:56 PDT","I","test2@match_com","UploadManagerService","Processing data for hour /storage/emulated/0/.MATCH/data/2016-10-27/03-PDT.zip.uploaded"
"2016-10-29 00:11:56 PDT","I","test2@match_com","UploadManagerService","Processing data for hour /storage/emulated/0/.MATCH/data/2016-10-27/04-PDT.zip.uploaded"
"2016-10-29 00:11:56 PDT","I","test2@match_com","UploadManagerService","Processing data for hour /storage/emulated/0/.MATCH/data/2016-10-27/06-PDT.zip.uploaded"
"2016-10-29 00:11:56 PDT","I","test2@match_com","UploadManagerService","Processing data for hour /storage/emulated/0/.MATCH/data/2016-10-27/00-PDT.zip.uploaded"
"2016-10-29 00:11:56 PDT","I","test2@match_com","UploadManagerService","Processing data for hour /storage/emulated/0/.MATCH/data/2016-10-27/02-PDT.zip.uploaded"
"2016-10-29 00:11:56 PDT","I","test2@match_com","UploadManagerService","Processing data for hour /storage/emulated/0/.MATCH/data/2016-10-27/05-PDT.zip.uploaded"
"2016-10-29 00:11:56 PDT","I","test2@match_com","UploadManagerService","Processing data for date - /storage/emulated/0/.MATCH/data/2016-10-28"
"2016-10-29 00:11:56 PDT","I","test2@match_com","UploadManagerService","Processing data for hour /storage/emulated/0/.MATCH/data/2016-10-28/13-PDT.zip"
"2016-10-29 00:11:56 PDT","I","test2@match_com","UploadManagerService","Processing data for hour /storage/emulated/0/.MATCH/data/2016-10-28/14-PDT.zip"
"2016-10-29 00:11:56 PDT","I","test2@match_com","UploadManagerService","Processing data for hour /storage/emulated/0/.MATCH/data/2016-10-28/15-PDT.zip"
"2016-10-29 00:11:56 PDT","I","test2@match_com","UploadManagerService","Processing data for hour /storage/emulated/0/.MATCH/data/2016-10-28/16-PDT.zip"
"2016-10-29 00:11:56 PDT","I","test2@match_com","UploadManagerService","Processing data for hour /storage/emulated/0/.MATCH/data/2016-10-28/17-PDT.zip"
"2016-10-29 00:11:56 PDT","I","test2@match_com","UploadManagerService","Processing data for hour /storage/emulated/0/.MATCH/data/2016-10-28/18-PDT.zip"
"2016-10-29 00:11:56 PDT","I","test2@match_com","UploadManagerService","Processing data for hour /storage/emulated/0/.MATCH/data/2016-10-28/19-PDT.zip"
"2016-10-29 00:11:56 PDT","I","test2@match_com","UploadManagerService","Processing data for hour /storage/emulated/0/.MATCH/data/2016-10-28/20-PDT.zip"
"2016-10-29 00:11:56 PDT","I","test2@match_com","UploadManagerService","Processing data for hour /storage/emulated/0/.MATCH/data/2016-10-28/21-PDT.zip"
"2016-10-29 00:11:56 PDT","I","test2@match_com","UploadManagerService","Processing data for hour /storage/emulated/0/.MATCH/data/2016-10-28/22-PDT.zip"
"2016-10-29 00:11:56 PDT","I","test2@match_com","UploadManagerService","Processing data for hour /storage/emulated/0/.MATCH/data/2016-10-28/23-PDT.zip"
"2016-10-29 00:11:56 PDT","I","test2@match_com","UploadManagerService","Processing data for date - /storage/emulated/0/.MATCH/data/2016-10-29"
"2016-10-29 00:11:56 PDT","I","test2@match_com","UploadManagerService","Processing data for hour /storage/emulated/0/.MATCH/data/2016-10-29/00-PDT"
"2016-10-29 00:11:56 PDT","I","test2@match_com","UploadManagerService","Internet is not connected. Not trying to upload files."
"2016-10-29 00:11:56 PDT","I","test2@match_com","SurveyManagerService","Inside onCreate"
"2016-10-29 00:11:56 PDT","I","test2@match_com","SurveyManagerService","Current time is - Sat Oct 29 00:11:56 PDT 2016"
"2016-10-29 00:11:56 PDT","I","test2@match_com","SurveyManagerService","Start Date is - Tue Oct 25 19:00:00 PDT 2016"
"2016-10-29 00:11:56 PDT","I","test2@match_com","SurveyManagerService","End Date is - Tue Nov 01 16:00:00 PDT 2016"
"2016-10-29 00:11:56 PDT","I","test2@match_com","SurveyManagerService","Scheduling Survey for - KEY_EMA_0730TO0800_CHILD"
"2016-10-29 00:11:56 PDT","I","test2@match_com","SurveyManagerService","Survey KEY_EMA_0730TO0800_CHILD is already scheduled"
"2016-10-29 00:11:56 PDT","I","test2@match_com","SurveyManagerService","Scheduling Survey for - KEY_EMA_0930TO1000_CHILD"
"2016-10-29 00:11:56 PDT","I","test2@match_com","SurveyManagerService","Survey KEY_EMA_0930TO1000_CHILD is already scheduled"
"2016-10-29 00:11:56 PDT","I","test2@match_com","SurveyManagerService","Scheduling Survey for - KEY_EMA_1130TO1200_CHILD"
"2016-10-29 00:11:56 PDT","I","test2@match_com","SurveyManagerService","Survey KEY_EMA_1130TO1200_CHILD is already scheduled"
"2016-10-29 00:11:56 PDT","I","test2@match_com","SurveyManagerService","Scheduling Survey for - KEY_EMA_1330TO1400_CHILD"
"2016-10-29 00:11:56 PDT","I","test2@match_com","SurveyManagerService","Survey KEY_EMA_1330TO1400_CHILD is already scheduled"
"2016-10-29 00:11:56 PDT","I","test2@match_com","SurveyManagerService","Scheduling Survey for - KEY_EMA_1530TO1600_CHILD"
"2016-10-29 00:11:56 PDT","I","test2@match_com","SurveyManagerService","Survey KEY_EMA_1530TO1600_CHILD is already scheduled"
"2016-10-29 00:11:56 PDT","I","test2@match_com","SurveyManagerService","Scheduling Survey for - KEY_EMA_1730TO1800_CHILD"
"2016-10-29 00:11:56 PDT","I","test2@match_com","SurveyManagerService","Survey KEY_EMA_1730TO1800_CHILD is already scheduled"
"2016-10-29 00:11:56 PDT","I","test2@match_com","SurveyManagerService","Scheduling Survey for - KEY_EMA_1930TO2000_CHILD"
"2016-10-29 00:11:56 PDT","I","test2@match_com","SurveyManagerService","Survey KEY_EMA_1930TO2000_CHILD is already scheduled"
"2016-10-29 00:11:56 PDT","I","test2@match_com","SurveyManagerService","Saliva surveys are already scheduled"
"2016-10-29 00:11:56 PDT","I","test2@match_com","SurveyManagerService","Survey KEY_SALIVA_BEDTIME scheduled for Sat Oct 29 21:46:56 PDT 2016"
"2016-10-29 00:11:56 PDT","I","test2@match_com","SurveyManagerService","Survey Schedule for KEY_EMA_0730TO0800_CHILD is Sat Oct 29 07:47:17 PDT 2016"
"2016-10-29 00:11:56 PDT","I","test2@match_com","SurveyManagerService","Still not time to prompt the survey"
"2016-10-29 00:11:56 PDT","I","test2@match_com","SurveyManagerService","Survey Schedule for KEY_EMA_0930TO1000_CHILD is Sat Oct 29 09:57:24 PDT 2016"
"2016-10-29 00:11:56 PDT","I","test2@match_com","SurveyManagerService","Still not time to prompt the survey"
"2016-10-29 00:11:56 PDT","I","test2@match_com","SurveyManagerService","Survey Schedule for KEY_EMA_1130TO1200_CHILD is Sat Oct 29 11:45:10 PDT 2016"
"2016-10-29 00:11:56 PDT","I","test2@match_com","SurveyManagerService","Still not time to prompt the survey"
"2016-10-29 00:11:56 PDT","I","test2@match_com","SurveyManagerService","Survey Schedule for KEY_EMA_1330TO1400_CHILD is Sat Oct 29 13:44:02 PDT 2016"
"2016-10-29 00:11:57 PDT","I","test2@match_com","SurveyManagerService","Still not time to prompt the survey"
"2016-10-29 00:11:57 PDT","I","test2@match_com","SurveyManagerService","Survey Schedule for KEY_EMA_1530TO1600_CHILD is Sat Oct 29 15:33:41 PDT 2016"
"2016-10-29 00:11:57 PDT","I","test2@match_com","SurveyManagerService","Still not time to prompt the survey"
"2016-10-29 00:11:57 PDT","I","test2@match_com","SurveyManagerService","Survey Schedule for KEY_EMA_1730TO1800_CHILD is Sat Oct 29 17:47:43 PDT 2016"
"2016-10-29 00:11:57 PDT","I","test2@match_com","SurveyManagerService","Still not time to prompt the survey"
"2016-10-29 00:11:57 PDT","I","test2@match_com","SurveyManagerService","Survey Schedule for KEY_EMA_1930TO2000_CHILD is Sat Oct 29 19:36:11 PDT 2016"
"2016-10-29 00:11:57 PDT","I","test2@match_com","SurveyManagerService","Still not time to prompt the survey"
"2016-10-29 00:11:57 PDT","I","test2@match_com","SurveyManagerService","KEY_SALIVA_WAKING is scheduled for Sat Oct 29 06:46:56 PDT 2016"
"2016-10-29 00:11:57 PDT","I","test2@match_com","SurveyManagerService","Prompt KEY_SALIVA_WAKING is in the future - Sat Oct 29 06:46:56 PDT 2016"
"2016-10-29 00:11:57 PDT","I","test2@match_com","SurveyManagerService","KEY_SALIVA_WAKING_PLUS_30 is scheduled for Sat Oct 29 07:16:56 PDT 2016"
"2016-10-29 00:11:57 PDT","I","test2@match_com","SurveyManagerService","Prompt KEY_SALIVA_WAKING_PLUS_30 is in the future - Sat Oct 29 07:16:56 PDT 2016"
"2016-10-29 00:11:57 PDT","I","test2@match_com","SurveyManagerService","KEY_SALIVA_AFTERNOON_4TO430_CHILD is scheduled for Sat Oct 29 16:16:27 PDT 2016"
"2016-10-29 00:11:57 PDT","I","test2@match_com","SurveyManagerService","Prompt KEY_SALIVA_AFTERNOON_4TO430_CHILD is in the future - Sat Oct 29 16:16:27 PDT 2016"
"2016-10-29 00:11:57 PDT","I","test2@match_com","SurveyManagerService","KEY_SALIVA_BEDTIME is scheduled for Sat Oct 29 21:46:56 PDT 2016"
"2016-10-29 00:11:57 PDT","I","test2@match_com","SurveyManagerService","Prompt KEY_SALIVA_BEDTIME is in the future - Sat Oct 29 21:46:56 PDT 2016"
"2016-10-29 00:11:57 PDT","I","test2@match_com","MinuteService","Inside onDestroy"
"2016-10-29 00:11:57 PDT","I","test2@match_com","UploadManagerService","Inside onDestroy"
"2016-10-29 00:11:57 PDT","I","test2@match_com","SurveyManagerService","Inside onDestroy"
"2016-10-29 00:11:57 PDT","I","test2@match_com","Zipper","unzipFileWithEncryption"
"2016-10-29 00:11:57 PDT","I","test2@match_com","Zipper","Deleting File - /storage/emulated/0/.MATCH/data/2016-10-29/00-PDT/GPS.csv.zip"
"2016-10-29 00:11:57 PDT","I","test2@match_com","Zipper","zipFileWithEncryption - /storage/emulated/0/.MATCH/data/2016-10-29/00-PDT/GPS.csv"
"2016-10-29 00:11:57 PDT","I","test2@match_com","Zipper","Creating ZipFile - /storage/emulated/0/.MATCH/data/2016-10-29/00-PDT/GPS.csv.zip"
"2016-10-29 00:11:57 PDT","I","test2@match_com","Zipper","Deleting File - /storage/emulated/0/.MATCH/data/2016-10-29/00-PDT/GPS.csv"
"2016-10-29 00:12:00 PDT","I","test2@match_com","UploadManagerService","Inside onCreate"
"2016-10-29 00:12:00 PDT","I","test2@match_com","UploadManagerService","Processing Logs"
"2016-10-29 00:12:00 PDT","I","test2@match_com","UploadManagerService","Processing Logs for Date - /storage/emulated/0/.MATCH/logs/2016-10-26"
"2016-10-29 00:12:00 PDT","I","test2@match_com","UploadManagerService","Processing Logs for Date - /storage/emulated/0/.MATCH/logs/2016-10-27"
"2016-10-29 00:12:01 PDT","I","test2@match_com","UploadManagerService","Processing Logs for Date - /storage/emulated/0/.MATCH/logs/2016-10-28"
"2016-10-29 00:12:01 PDT","I","test2@match_com","UploadManagerService","Processing Logs for Date - /storage/emulated/0/.MATCH/logs/2016-10-29"
"2016-10-29 00:12:01 PDT","I","test2@match_com","UploadManagerService","Processing Surveys"
"2016-10-29 00:12:01 PDT","I","test2@match_com","UploadManagerService","Processing Data files"
"2016-10-29 00:12:01 PDT","I","test2@match_com","UploadManagerService","Processing data for date - /storage/emulated/0/.MATCH/data/2016-10-26"
"2016-10-29 00:12:01 PDT","I","test2@match_com","UploadManagerService","Processing data for hour /storage/emulated/0/.MATCH/data/2016-10-26/19-PDT.zip.uploaded"
"2016-10-29 00:12:01 PDT","I","test2@match_com","UploadManagerService","Processing data for hour /storage/emulated/0/.MATCH/data/2016-10-26/13-PDT.zip.uploaded"
"2016-10-29 00:12:01 PDT","I","test2@match_com","UploadManagerService","Processing data for hour /storage/emulated/0/.MATCH/data/2016-10-26/14-PDT.zip.uploaded"
"2016-10-29 00:12:01 PDT","I","test2@match_com","UploadManagerService","Processing data for hour /storage/emulated/0/.MATCH/data/2016-10-26/15-PDT.zip.uploaded"
"2016-10-29 00:12:01 PDT","I","test2@match_com","UploadManagerService","Processing data for hour /storage/emulated/0/.MATCH/data/2016-10-26/16-PDT.zip.uploaded"
"2016-10-29 00:12:01 PDT","I","test2@match_com","UploadManagerService","Processing data for hour /storage/emulated/0/.MATCH/data/2016-10-26/17-PDT.zip.uploaded"
"2016-10-29 00:12:01 PDT","I","test2@match_com","UploadManagerService","Processing data for hour /storage/emulated/0/.MATCH/data/2016-10-26/21-PDT.zip.uploaded"
"2016-10-29 00:12:01 PDT","I","test2@match_com","UploadManagerService","Processing data for hour /storage/emulated/0/.MATCH/data/2016-10-26/22-PDT.zip.uploaded"
"2016-10-29 00:12:01 PDT","I","test2@match_com","UploadManagerService","Processing data for hour /storage/emulated/0/.MATCH/data/2016-10-26/18-PDT.zip.uploaded"
"2016-10-29 00:12:01 PDT","I","test2@match_com","UploadManagerService","Processing data for hour /storage/emulated/0/.MATCH/data/2016-10-26/20-PDT.zip.uploaded"
"2016-10-29 00:12:01 PDT","I","test2@match_com","UploadManagerService","Processing data for hour /storage/emulated/0/.MATCH/data/2016-10-26/23-PDT.zip.uploaded"
"2016-10-29 00:12:01 PDT","I","test2@match_com","UploadManagerService","Processing data for date - /storage/emulated/0/.MATCH/data/2016-10-27"
"2016-10-29 00:12:01 PDT","I","test2@match_com","UploadManagerService","Processing data for hour /storage/emulated/0/.MATCH/data/2016-10-27/01-PDT.zip.uploaded"
"2016-10-29 00:12:01 PDT","I","test2@match_com","UploadManagerService","Processing data for hour /storage/emulated/0/.MATCH/data/2016-10-27/03-PDT.zip.uploaded"
"2016-10-29 00:12:01 PDT","I","test2@match_com","UploadManagerService","Processing data for hour /storage/emulated/0/.MATCH/data/2016-10-27/04-PDT.zip.uploaded"
"2016-10-29 00:12:01 PDT","I","test2@match_com","UploadManagerService","Processing data for hour /storage/emulated/0/.MATCH/data/2016-10-27/06-PDT.zip.uploaded"
"2016-10-29 00:12:01 PDT","I","test2@match_com","UploadManagerService","Processing data for hour /storage/emulated/0/.MATCH/data/2016-10-27/00-PDT.zip.uploaded"
"2016-10-29 00:12:01 PDT","I","test2@match_com","UploadManagerService","Processing data for hour /storage/emulated/0/.MATCH/data/2016-10-27/02-PDT.zip.uploaded"
"2016-10-29 00:12:01 PDT","I","test2@match_com","UploadManagerService","Processing data for hour /storage/emulated/0/.MATCH/data/2016-10-27/05-PDT.zip.uploaded"
"2016-10-29 00:12:01 PDT","I","test2@match_com","UploadManagerService","Processing data for date - /storage/emulated/0/.MATCH/data/2016-10-28"
"2016-10-29 00:12:01 PDT","I","test2@match_com","UploadManagerService","Processing data for hour /storage/emulated/0/.MATCH/data/2016-10-28/13-PDT.zip"
"2016-10-29 00:12:01 PDT","I","test2@match_com","UploadManagerService","Processing data for hour /storage/emulated/0/.MATCH/data/2016-10-28/14-PDT.zip"
"2016-10-29 00:12:01 PDT","I","test2@match_com","UploadManagerService","Processing data for hour /storage/emulated/0/.MATCH/data/2016-10-28/15-PDT.zip"
"2016-10-29 00:12:01 PDT","I","test2@match_com","UploadManagerService","Processing data for hour /storage/emulated/0/.MATCH/data/2016-10-28/16-PDT.zip"
"2016-10-29 00:12:01 PDT","I","test2@match_com","UploadManagerService","Processing data for hour /storage/emulated/0/.MATCH/data/2016-10-28/17-PDT.zip"
"2016-10-29 00:12:01 PDT","I","test2@match_com","UploadManagerService","Processing data for hour /storage/emulated/0/.MATCH/data/2016-10-28/18-PDT.zip"
"2016-10-29 00:12:01 PDT","I","test2@match_com","UploadManagerService","Processing data for hour /storage/emulated/0/.MATCH/data/2016-10-28/19-PDT.zip"
"2016-10-29 00:12:01 PDT","I","test2@match_com","UploadManagerService","Processing data for hour /storage/emulated/0/.MATCH/data/2016-10-28/20-PDT.zip"
"2016-10-29 00:12:01 PDT","I","test2@match_com","UploadManagerService","Processing data for hour /storage/emulated/0/.MATCH/data/2016-10-28/21-PDT.zip"
"2016-10-29 00:12:01 PDT","I","test2@match_com","UploadManagerService","Processing data for hour /storage/emulated/0/.MATCH/data/2016-10-28/22-PDT.zip"
"2016-10-29 00:12:01 PDT","I","test2@match_com","UploadManagerService","Processing data for hour /storage/emulated/0/.MATCH/data/2016-10-28/23-PDT.zip"
"2016-10-29 00:12:01 PDT","I","test2@match_com","UploadManagerService","Processing data for date - /storage/emulated/0/.MATCH/data/2016-10-29"
"2016-10-29 00:12:01 PDT","I","test2@match_com","UploadManagerService","Processing data for hour /storage/emulated/0/.MATCH/data/2016-10-29/00-PDT"
"2016-10-29 00:12:01 PDT","I","test2@match_com","UploadManagerService","Internet is not connected. Not trying to upload files."
"2016-10-29 00:12:01 PDT","I","test2@match_com","MinuteService","Inside onCreate"
"2016-10-29 00:12:01 PDT","I","test2@match_com","MinuteService","Minute Service Alarm was set by - MinuteService"
"2016-10-29 00:12:01 PDT","I","test2@match_com","MinuteService","Time since previous run - 5"
"2016-10-29 00:12:01 PDT","I","test2@match_com","MinuteService","Previous run within last 50 seconds, ignoring this run"
"2016-10-29 00:12:01 PDT","I","test2@match_com","UploadManagerService","Inside onDestroy"
"2016-10-29 00:12:01 PDT","I","test2@match_com","MinuteService","Inside onDestroy"
"2016-10-29 00:12:01 PDT","I","test2@match_com","BackupMinuteService","Inside onCreate"
"2016-10-29 00:12:01 PDT","I","test2@match_com","Util","Inside setBackupMinuteServiceAlarm"
"2016-10-29 00:12:01 PDT","I","test2@match_com","Util","BackupMinuteService last run at - Sat Oct 29 00:12:01 PDT 2016"
"2016-10-29 00:12:01 PDT","I","test2@match_com","Util","BackupMinuteService next run at - Sat Oct 29 00:13:01 PDT 2016"
"2016-10-29 00:12:01 PDT","I","test2@match_com","MinuteService","Inside onCreate"
"2016-10-29 00:12:01 PDT","I","test2@match_com","MinuteService","Minute Service Alarm was set by - MinuteService"
"2016-10-29 00:12:01 PDT","I","test2@match_com","MinuteService","Time since previous run - 5"
"2016-10-29 00:12:01 PDT","I","test2@match_com","MinuteService","Previous run within last 50 seconds, ignoring this run"
"2016-10-29 00:12:01 PDT","I","test2@match_com","BackupMinuteService","Inside onDestroy"
"2016-10-29 00:12:01 PDT","I","test2@match_com","MinuteService","Inside onDestroy"
"2016-10-29 00:12:01 PDT","I","test2@match_com","AlwaysOnService","Received Intent - android.intent.action.TIME_TICK"
"2016-10-29 00:12:23 PDT","I","test2@match_com","AlwaysOnService","Received Intent - android.intent.action.BATTERY_CHANGED"
"2016-10-29 00:12:46 PDT","I","test2@match_com","AlwaysOnService","Received Intent - android.intent.action.BATTERY_CHANGED"
"2016-10-29 00:12:56 PDT","I","test2@match_com","MinuteService","Inside onCreate"
"2016-10-29 00:12:56 PDT","I","test2@match_com","MinuteService","Minute Service Alarm was set by - MinuteService"
"2016-10-29 00:12:56 PDT","I","test2@match_com","MinuteService","Time since previous run - 60"
"2016-10-29 00:12:56 PDT","I","test2@match_com","MinuteService","Setting Minute Service Last Run"
"2016-10-29 00:12:56 PDT","I","test2@match_com","MinuteService","Setting Minute Service Alarm"
"2016-10-29 00:12:56 PDT","I","test2@match_com","Util","Inside setMinuteServiceAlarmFromMinuteService"
"2016-10-29 00:12:56 PDT","I","test2@match_com","Util","MinuteService last run at - Sat Oct 29 00:12:56 PDT 2016"
"2016-10-29 00:12:56 PDT","I","test2@match_com","Util","MinuteService next run at - Sat Oct 29 00:13:56 PDT 2016"
"2016-10-29 00:12:56 PDT","I","test2@match_com","MinuteService","Setting Minute Service Backup Alarm"
"2016-10-29 00:12:56 PDT","I","test2@match_com","Util","Inside setBackupMinuteServiceAlarm"
"2016-10-29 00:12:56 PDT","I","test2@match_com","Util","BackupMinuteService last run at - Sat Oct 29 00:12:01 PDT 2016"
"2016-10-29 00:12:56 PDT","I","test2@match_com","Util","BackupMinuteService next run at - Sat Oct 29 00:13:01 PDT 2016"
"2016-10-29 00:12:56 PDT","I","test2@match_com","MinuteService","Initializing MATCHConstants"
"2016-10-29 00:12:56 PDT","I","test2@match_com","MinuteService","Notifying user about minute service run"
"2016-10-29 00:12:56 PDT","I","test2@match_com","MinuteService","Writing status to Firebase Database"
"2016-10-29 00:12:56 PDT","I","test2@match_com","MinuteService","Logging Network Status"
"2016-10-29 00:12:56 PDT","I","test2@match_com","ConnectivityManager","isConnected - false - isWifi - false - isMobileInternet - false"
"2016-10-29 00:12:56 PDT","I","test2@match_com","MinuteService","Logging Battery Status"
"2016-10-29 00:12:56 PDT","I","test2@match_com","BatteryManager","Percentage - 80 - isCharging - true - isUSBCharging - false - isACCharging - true - isWirelessCharging - false"
"2016-10-29 00:12:56 PDT","I","test2@match_com","MinuteService","Logging Memory Status"
"2016-10-29 00:12:56 PDT","I","test2@match_com","MemoryManager","Total Memory,898,Available Memory,414,Threshold Memory,144,IsLowMemory,false"
"2016-10-29 00:12:56 PDT","I","test2@match_com","MinuteService","Logging Storage Status"
"2016-10-29 00:12:56 PDT","I","test2@match_com","StorageManager","Internal Total,2247,Internal Free,589,External Total,4637,External Free,3937"
"2016-10-29 00:12:56 PDT","I","test2@match_com","MinuteService","Logging Power Status"
"2016-10-29 00:12:56 PDT","I","test2@match_com","PowerManager","isDeviceIdleMode - false - isInteractive - false - isPowerSaveMode - false - isSustainedPerformanceModeSupported - false"
"2016-10-29 00:12:56 PDT","I","test2@match_com","MinuteService","Logging Notifications Status"
"2016-10-29 00:12:56 PDT","I","test2@match_com","NotificationManager","AreNotificationsEnabled - true - Importance - Unspecified"
"2016-10-29 00:12:56 PDT","I","test2@match_com","MinuteService","Logging Location"
"2016-10-29 00:12:56 PDT","I","test2@match_com","MinuteService","Fetching latest study data"
"2016-10-29 00:12:56 PDT","I","test2@match_com","MinuteService","Starting UploadManagerService"
"2016-10-29 00:12:56 PDT","I","test2@match_com","MinuteService","Starting SurveyManagerService"
"2016-10-29 00:12:56 PDT","I","test2@match_com","UploadManagerService","Inside onCreate"
"2016-10-29 00:12:56 PDT","I","test2@match_com","UploadManagerService","Processing Logs"
"2016-10-29 00:12:56 PDT","I","test2@match_com","UploadManagerService","Processing Logs for Date - /storage/emulated/0/.MATCH/logs/2016-10-26"
"2016-10-29 00:12:56 PDT","I","test2@match_com","UploadManagerService","Processing Logs for Date - /storage/emulated/0/.MATCH/logs/2016-10-27"
"2016-10-29 00:12:56 PDT","I","test2@match_com","UploadManagerService","Processing Logs for Date - /storage/emulated/0/.MATCH/logs/2016-10-28"
"2016-10-29 00:12:56 PDT","I","test2@match_com","UploadManagerService","Processing Logs for Date - /storage/emulated/0/.MATCH/logs/2016-10-29"
"2016-10-29 00:12:56 PDT","I","test2@match_com","UploadManagerService","Processing Surveys"
"2016-10-29 00:12:56 PDT","I","test2@match_com","UploadManagerService","Processing Data files"
"2016-10-29 00:12:56 PDT","I","test2@match_com","UploadManagerService","Processing data for date - /storage/emulated/0/.MATCH/data/2016-10-26"
"2016-10-29 00:12:56 PDT","I","test2@match_com","UploadManagerService","Processing data for hour /storage/emulated/0/.MATCH/data/2016-10-26/19-PDT.zip.uploaded"
"2016-10-29 00:12:56 PDT","I","test2@match_com","UploadManagerService","Processing data for hour /storage/emulated/0/.MATCH/data/2016-10-26/13-PDT.zip.uploaded"
"2016-10-29 00:12:56 PDT","I","test2@match_com","UploadManagerService","Processing data for hour /storage/emulated/0/.MATCH/data/2016-10-26/14-PDT.zip.uploaded"
"2016-10-29 00:12:56 PDT","I","test2@match_com","UploadManagerService","Processing data for hour /storage/emulated/0/.MATCH/data/2016-10-26/15-PDT.zip.uploaded"
"2016-10-29 00:12:56 PDT","I","test2@match_com","UploadManagerService","Processing data for hour /storage/emulated/0/.MATCH/data/2016-10-26/16-PDT.zip.uploaded"
"2016-10-29 00:12:56 PDT","I","test2@match_com","UploadManagerService","Processing data for hour /storage/emulated/0/.MATCH/data/2016-10-26/17-PDT.zip.uploaded"
"2016-10-29 00:12:56 PDT","I","test2@match_com","UploadManagerService","Processing data for hour /storage/emulated/0/.MATCH/data/2016-10-26/21-PDT.zip.uploaded"
"2016-10-29 00:12:56 PDT","I","test2@match_com","UploadManagerService","Processing data for hour /storage/emulated/0/.MATCH/data/2016-10-26/22-PDT.zip.uploaded"
"2016-10-29 00:12:56 PDT","I","test2@match_com","UploadManagerService","Processing data for hour /storage/emulated/0/.MATCH/data/2016-10-26/18-PDT.zip.uploaded"
"2016-10-29 00:12:56 PDT","I","test2@match_com","UploadManagerService","Processing data for hour /storage/emulated/0/.MATCH/data/2016-10-26/20-PDT.zip.uploaded"
"2016-10-29 00:12:56 PDT","I","test2@match_com","UploadManagerService","Processing data for hour /storage/emulated/0/.MATCH/data/2016-10-26/23-PDT.zip.uploaded"
"2016-10-29 00:12:56 PDT","I","test2@match_com","UploadManagerService","Processing data for date - /storage/emulated/0/.MATCH/data/2016-10-27"
"2016-10-29 00:12:56 PDT","I","test2@match_com","UploadManagerService","Processing data for hour /storage/emulated/0/.MATCH/data/2016-10-27/01-PDT.zip.uploaded"
"2016-10-29 00:12:56 PDT","I","test2@match_com","UploadManagerService","Processing data for hour /storage/emulated/0/.MATCH/data/2016-10-27/03-PDT.zip.uploaded"
"2016-10-29 00:12:56 PDT","I","test2@match_com","UploadManagerService","Processing data for hour /storage/emulated/0/.MATCH/data/2016-10-27/04-PDT.zip.uploaded"
"2016-10-29 00:12:56 PDT","I","test2@match_com","UploadManagerService","Processing data for hour /storage/emulated/0/.MATCH/data/2016-10-27/06-PDT.zip.uploaded"
"2016-10-29 00:12:56 PDT","I","test2@match_com","UploadManagerService","Processing data for hour /storage/emulated/0/.MATCH/data/2016-10-27/00-PDT.zip.uploaded"
"2016-10-29 00:12:56 PDT","I","test2@match_com","UploadManagerService","Processing data for hour /storage/emulated/0/.MATCH/data/2016-10-27/02-PDT.zip.uploaded"
"2016-10-29 00:12:56 PDT","I","test2@match_com","UploadManagerService","Processing data for hour /storage/emulated/0/.MATCH/data/2016-10-27/05-PDT.zip.uploaded"
"2016-10-29 00:12:56 PDT","I","test2@match_com","UploadManagerService","Processing data for date - /storage/emulated/0/.MATCH/data/2016-10-28"
"2016-10-29 00:12:56 PDT","I","test2@match_com","UploadManagerService","Processing data for hour /storage/emulated/0/.MATCH/data/2016-10-28/13-PDT.zip"
"2016-10-29 00:12:56 PDT","I","test2@match_com","UploadManagerService","Processing data for hour /storage/emulated/0/.MATCH/data/2016-10-28/14-PDT.zip"
"2016-10-29 00:12:56 PDT","I","test2@match_com","UploadManagerService","Processing data for hour /storage/emulated/0/.MATCH/data/2016-10-28/15-PDT.zip"
"2016-10-29 00:12:56 PDT","I","test2@match_com","UploadManagerService","Processing data for hour /storage/emulated/0/.MATCH/data/2016-10-28/16-PDT.zip"
"2016-10-29 00:12:56 PDT","I","test2@match_com","UploadManagerService","Processing data for hour /storage/emulated/0/.MATCH/data/2016-10-28/17-PDT.zip"
"2016-10-29 00:12:56 PDT","I","test2@match_com","UploadManagerService","Processing data for hour /storage/emulated/0/.MATCH/data/2016-10-28/18-PDT.zip"
"2016-10-29 00:12:56 PDT","I","test2@match_com","UploadManagerService","Processing data for hour /storage/emulated/0/.MATCH/data/2016-10-28/19-PDT.zip"
"2016-10-29 00:12:56 PDT","I","test2@match_com","UploadManagerService","Processing data for hour /storage/emulated/0/.MATCH/data/2016-10-28/20-PDT.zip"
"2016-10-29 00:12:56 PDT","I","test2@match_com","UploadManagerService","Processing data for hour /storage/emulated/0/.MATCH/data/2016-10-28/21-PDT.zip"
"2016-10-29 00:12:56 PDT","I","test2@match_com","UploadManagerService","Processing data for hour /storage/emulated/0/.MATCH/data/2016-10-28/22-PDT.zip"
"2016-10-29 00:12:56 PDT","I","test2@match_com","UploadManagerService","Processing data for hour /storage/emulated/0/.MATCH/data/2016-10-28/23-PDT.zip"
"2016-10-29 00:12:56 PDT","I","test2@match_com","UploadManagerService","Processing data for date - /storage/emulated/0/.MATCH/data/2016-10-29"
"2016-10-29 00:12:56 PDT","I","test2@match_com","UploadManagerService","Processing data for hour /storage/emulated/0/.MATCH/data/2016-10-29/00-PDT"
"2016-10-29 00:12:56 PDT","I","test2@match_com","UploadManagerService","Internet is not connected. Not trying to upload files."
"2016-10-29 00:12:56 PDT","I","test2@match_com","SurveyManagerService","Inside onCreate"
"2016-10-29 00:12:56 PDT","I","test2@match_com","SurveyManagerService","Current time is - Sat Oct 29 00:12:56 PDT 2016"
"2016-10-29 00:12:56 PDT","I","test2@match_com","SurveyManagerService","Start Date is - Tue Oct 25 19:00:00 PDT 2016"
"2016-10-29 00:12:56 PDT","I","test2@match_com","SurveyManagerService","End Date is - Tue Nov 01 16:00:00 PDT 2016"
"2016-10-29 00:12:56 PDT","I","test2@match_com","SurveyManagerService","Scheduling Survey for - KEY_EMA_0730TO0800_CHILD"
"2016-10-29 00:12:56 PDT","I","test2@match_com","SurveyManagerService","Survey KEY_EMA_0730TO0800_CHILD is already scheduled"
"2016-10-29 00:12:56 PDT","I","test2@match_com","SurveyManagerService","Scheduling Survey for - KEY_EMA_0930TO1000_CHILD"
"2016-10-29 00:12:56 PDT","I","test2@match_com","SurveyManagerService","Survey KEY_EMA_0930TO1000_CHILD is already scheduled"
"2016-10-29 00:12:56 PDT","I","test2@match_com","SurveyManagerService","Scheduling Survey for - KEY_EMA_1130TO1200_CHILD"
"2016-10-29 00:12:56 PDT","I","test2@match_com","SurveyManagerService","Survey KEY_EMA_1130TO1200_CHILD is already scheduled"
"2016-10-29 00:12:56 PDT","I","test2@match_com","SurveyManagerService","Scheduling Survey for - KEY_EMA_1330TO1400_CHILD"
"2016-10-29 00:12:56 PDT","I","test2@match_com","SurveyManagerService","Survey KEY_EMA_1330TO1400_CHILD is already scheduled"
"2016-10-29 00:12:56 PDT","I","test2@match_com","SurveyManagerService","Scheduling Survey for - KEY_EMA_1530TO1600_CHILD"
"2016-10-29 00:12:56 PDT","I","test2@match_com","SurveyManagerService","Survey KEY_EMA_1530TO1600_CHILD is already scheduled"
"2016-10-29 00:12:56 PDT","I","test2@match_com","SurveyManagerService","Scheduling Survey for - KEY_EMA_1730TO1800_CHILD"
"2016-10-29 00:12:56 PDT","I","test2@match_com","SurveyManagerService","Survey KEY_EMA_1730TO1800_CHILD is already scheduled"
"2016-10-29 00:12:56 PDT","I","test2@match_com","SurveyManagerService","Scheduling Survey for - KEY_EMA_1930TO2000_CHILD"
"2016-10-29 00:12:56 PDT","I","test2@match_com","SurveyManagerService","Survey KEY_EMA_1930TO2000_CHILD is already scheduled"
"2016-10-29 00:12:56 PDT","I","test2@match_com","SurveyManagerService","Saliva surveys are already scheduled"
"2016-10-29 00:12:56 PDT","I","test2@match_com","SurveyManagerService","Survey KEY_SALIVA_BEDTIME scheduled for Sat Oct 29 21:46:56 PDT 2016"
"2016-10-29 00:12:56 PDT","I","test2@match_com","SurveyManagerService","Survey Schedule for KEY_EMA_0730TO0800_CHILD is Sat Oct 29 07:47:17 PDT 2016"
"2016-10-29 00:12:56 PDT","I","test2@match_com","SurveyManagerService","Still not time to prompt the survey"
"2016-10-29 00:12:56 PDT","I","test2@match_com","SurveyManagerService","Survey Schedule for KEY_EMA_0930TO1000_CHILD is Sat Oct 29 09:57:24 PDT 2016"
"2016-10-29 00:12:56 PDT","I","test2@match_com","SurveyManagerService","Still not time to prompt the survey"
"2016-10-29 00:12:56 PDT","I","test2@match_com","SurveyManagerService","Survey Schedule for KEY_EMA_1130TO1200_CHILD is Sat Oct 29 11:45:10 PDT 2016"
"2016-10-29 00:12:56 PDT","I","test2@match_com","SurveyManagerService","Still not time to prompt the survey"
"2016-10-29 00:12:56 PDT","I","test2@match_com","SurveyManagerService","Survey Schedule for KEY_EMA_1330TO1400_CHILD is Sat Oct 29 13:44:02 PDT 2016"
"2016-10-29 00:12:56 PDT","I","test2@match_com","SurveyManagerService","Still not time to prompt the survey"
"2016-10-29 00:12:56 PDT","I","test2@match_com","SurveyManagerService","Survey Schedule for KEY_EMA_1530TO1600_CHILD is Sat Oct 29 15:33:41 PDT 2016"
"2016-10-29 00:12:56 PDT","I","test2@match_com","SurveyManagerService","Still not time to prompt the survey"
"2016-10-29 00:12:56 PDT","I","test2@match_com","SurveyManagerService","Survey Schedule for KEY_EMA_1730TO1800_CHILD is Sat Oct 29 17:47:43 PDT 2016"
"2016-10-29 00:12:56 PDT","I","test2@match_com","SurveyManagerService","Still not time to prompt the survey"
"2016-10-29 00:12:56 PDT","I","test2@match_com","SurveyManagerService","Survey Schedule for KEY_EMA_1930TO2000_CHILD is Sat Oct 29 19:36:11 PDT 2016"
"2016-10-29 00:12:56 PDT","I","test2@match_com","SurveyManagerService","Still not time to prompt the survey"
"2016-10-29 00:12:56 PDT","I","test2@match_com","SurveyManagerService","KEY_SALIVA_WAKING is scheduled for Sat Oct 29 06:46:56 PDT 2016"
"2016-10-29 00:12:56 PDT","I","test2@match_com","SurveyManagerService","Prompt KEY_SALIVA_WAKING is in the future - Sat Oct 29 06:46:56 PDT 2016"
"2016-10-29 00:12:57 PDT","I","test2@match_com","SurveyManagerService","KEY_SALIVA_WAKING_PLUS_30 is scheduled for Sat Oct 29 07:16:56 PDT 2016"
"2016-10-29 00:12:57 PDT","I","test2@match_com","SurveyManagerService","Prompt KEY_SALIVA_WAKING_PLUS_30 is in the future - Sat Oct 29 07:16:56 PDT 2016"
"2016-10-29 00:12:57 PDT","I","test2@match_com","SurveyManagerService","KEY_SALIVA_AFTERNOON_4TO430_CHILD is scheduled for Sat Oct 29 16:16:27 PDT 2016"
"2016-10-29 00:12:57 PDT","I","test2@match_com","SurveyManagerService","Prompt KEY_SALIVA_AFTERNOON_4TO430_CHILD is in the future - Sat Oct 29 16:16:27 PDT 2016"
"2016-10-29 00:12:57 PDT","I","test2@match_com","SurveyManagerService","KEY_SALIVA_BEDTIME is scheduled for Sat Oct 29 21:46:56 PDT 2016"
"2016-10-29 00:12:57 PDT","I","test2@match_com","SurveyManagerService","Prompt KEY_SALIVA_BEDTIME is in the future - Sat Oct 29 21:46:56 PDT 2016"
"2016-10-29 00:12:57 PDT","I","test2@match_com","MinuteService","Inside onDestroy"
"2016-10-29 00:12:57 PDT","I","test2@match_com","UploadManagerService","Inside onDestroy"
"2016-10-29 00:12:57 PDT","I","test2@match_com","SurveyManagerService","Inside onDestroy"
"2016-10-29 00:12:57 PDT","I","test2@match_com","Zipper","unzipFileWithEncryption"
"2016-10-29 00:12:57 PDT","I","test2@match_com","Zipper","Deleting File - /storage/emulated/0/.MATCH/data/2016-10-29/00-PDT/GPS.csv.zip"
"2016-10-29 00:12:57 PDT","I","test2@match_com","Zipper","zipFileWithEncryption - /storage/emulated/0/.MATCH/data/2016-10-29/00-PDT/GPS.csv"
"2016-10-29 00:12:57 PDT","I","test2@match_com","Zipper","Creating ZipFile - /storage/emulated/0/.MATCH/data/2016-10-29/00-PDT/GPS.csv.zip"
"2016-10-29 00:12:57 PDT","I","test2@match_com","Zipper","Deleting File - /storage/emulated/0/.MATCH/data/2016-10-29/00-PDT/GPS.csv"
"2016-10-29 00:13:00 PDT","I","test2@match_com","UploadManagerService","Inside onCreate"
"2016-10-29 00:13:00 PDT","I","test2@match_com","UploadManagerService","Processing Logs"
"2016-10-29 00:13:01 PDT","I","test2@match_com","UploadManagerService","Processing Logs for Date - /storage/emulated/0/.MATCH/logs/2016-10-26"
"2016-10-29 00:13:01 PDT","I","test2@match_com","UploadManagerService","Processing Logs for Date - /storage/emulated/0/.MATCH/logs/2016-10-27"
"2016-10-29 00:13:01 PDT","I","test2@match_com","UploadManagerService","Processing Logs for Date - /storage/emulated/0/.MATCH/logs/2016-10-28"
"2016-10-29 00:13:01 PDT","I","test2@match_com","UploadManagerService","Processing Logs for Date - /storage/emulated/0/.MATCH/logs/2016-10-29"
"2016-10-29 00:13:01 PDT","I","test2@match_com","UploadManagerService","Processing Surveys"
"2016-10-29 00:13:01 PDT","I","test2@match_com","UploadManagerService","Processing Data files"
"2016-10-29 00:13:01 PDT","I","test2@match_com","UploadManagerService","Processing data for date - /storage/emulated/0/.MATCH/data/2016-10-26"
"2016-10-29 00:13:01 PDT","I","test2@match_com","UploadManagerService","Processing data for hour /storage/emulated/0/.MATCH/data/2016-10-26/19-PDT.zip.uploaded"
"2016-10-29 00:13:01 PDT","I","test2@match_com","UploadManagerService","Processing data for hour /storage/emulated/0/.MATCH/data/2016-10-26/13-PDT.zip.uploaded"
"2016-10-29 00:13:01 PDT","I","test2@match_com","UploadManagerService","Processing data for hour /storage/emulated/0/.MATCH/data/2016-10-26/14-PDT.zip.uploaded"
"2016-10-29 00:13:01 PDT","I","test2@match_com","UploadManagerService","Processing data for hour /storage/emulated/0/.MATCH/data/2016-10-26/15-PDT.zip.uploaded"
"2016-10-29 00:13:01 PDT","I","test2@match_com","UploadManagerService","Processing data for hour /storage/emulated/0/.MATCH/data/2016-10-26/16-PDT.zip.uploaded"
"2016-10-29 00:13:01 PDT","I","test2@match_com","UploadManagerService","Processing data for hour /storage/emulated/0/.MATCH/data/2016-10-26/17-PDT.zip.uploaded"
"2016-10-29 00:13:01 PDT","I","test2@match_com","UploadManagerService","Processing data for hour /storage/emulated/0/.MATCH/data/2016-10-26/21-PDT.zip.uploaded"
"2016-10-29 00:13:01 PDT","I","test2@match_com","UploadManagerService","Processing data for hour /storage/emulated/0/.MATCH/data/2016-10-26/22-PDT.zip.uploaded"
"2016-10-29 00:13:01 PDT","I","test2@match_com","UploadManagerService","Processing data for hour /storage/emulated/0/.MATCH/data/2016-10-26/18-PDT.zip.uploaded"
"2016-10-29 00:13:01 PDT","I","test2@match_com","UploadManagerService","Processing data for hour /storage/emulated/0/.MATCH/data/2016-10-26/20-PDT.zip.uploaded"
"2016-10-29 00:13:01 PDT","I","test2@match_com","UploadManagerService","Processing data for hour /storage/emulated/0/.MATCH/data/2016-10-26/23-PDT.zip.uploaded"
"2016-10-29 00:13:01 PDT","I","test2@match_com","UploadManagerService","Processing data for date - /storage/emulated/0/.MATCH/data/2016-10-27"
"2016-10-29 00:13:01 PDT","I","test2@match_com","UploadManagerService","Processing data for hour /storage/emulated/0/.MATCH/data/2016-10-27/01-PDT.zip.uploaded"
"2016-10-29 00:13:01 PDT","I","test2@match_com","UploadManagerService","Processing data for hour /storage/emulated/0/.MATCH/data/2016-10-27/03-PDT.zip.uploaded"
"2016-10-29 00:13:01 PDT","I","test2@match_com","UploadManagerService","Processing data for hour /storage/emulated/0/.MATCH/data/2016-10-27/04-PDT.zip.uploaded"
"2016-10-29 00:13:01 PDT","I","test2@match_com","UploadManagerService","Processing data for hour /storage/emulated/0/.MATCH/data/2016-10-27/06-PDT.zip.uploaded"
"2016-10-29 00:13:01 PDT","I","test2@match_com","UploadManagerService","Processing data for hour /storage/emulated/0/.MATCH/data/2016-10-27/00-PDT.zip.uploaded"
"2016-10-29 00:13:01 PDT","I","test2@match_com","UploadManagerService","Processing data for hour /storage/emulated/0/.MATCH/data/2016-10-27/02-PDT.zip.uploaded"
"2016-10-29 00:13:01 PDT","I","test2@match_com","UploadManagerService","Processing data for hour /storage/emulated/0/.MATCH/data/2016-10-27/05-PDT.zip.uploaded"
"2016-10-29 00:13:01 PDT","I","test2@match_com","UploadManagerService","Processing data for date - /storage/emulated/0/.MATCH/data/2016-10-28"
"2016-10-29 00:13:01 PDT","I","test2@match_com","UploadManagerService","Processing data for hour /storage/emulated/0/.MATCH/data/2016-10-28/13-PDT.zip"
"2016-10-29 00:13:01 PDT","I","test2@match_com","UploadManagerService","Processing data for hour /storage/emulated/0/.MATCH/data/2016-10-28/14-PDT.zip"
"2016-10-29 00:13:01 PDT","I","test2@match_com","UploadManagerService","Processing data for hour /storage/emulated/0/.MATCH/data/2016-10-28/15-PDT.zip"
"2016-10-29 00:13:01 PDT","I","test2@match_com","UploadManagerService","Processing data for hour /storage/emulated/0/.MATCH/data/2016-10-28/16-PDT.zip"
"2016-10-29 00:13:01 PDT","I","test2@match_com","UploadManagerService","Processing data for hour /storage/emulated/0/.MATCH/data/2016-10-28/17-PDT.zip"
"2016-10-29 00:13:01 PDT","I","test2@match_com","UploadManagerService","Processing data for hour /storage/emulated/0/.MATCH/data/2016-10-28/18-PDT.zip"
"2016-10-29 00:13:01 PDT","I","test2@match_com","UploadManagerService","Processing data for hour /storage/emulated/0/.MATCH/data/2016-10-28/19-PDT.zip"
"2016-10-29 00:13:01 PDT","I","test2@match_com","UploadManagerService","Processing data for hour /storage/emulated/0/.MATCH/data/2016-10-28/20-PDT.zip"
"2016-10-29 00:13:01 PDT","I","test2@match_com","UploadManagerService","Processing data for hour /storage/emulated/0/.MATCH/data/2016-10-28/21-PDT.zip"
"2016-10-29 00:13:01 PDT","I","test2@match_com","UploadManagerService","Processing data for hour /storage/emulated/0/.MATCH/data/2016-10-28/22-PDT.zip"
"2016-10-29 00:13:01 PDT","I","test2@match_com","UploadManagerService","Processing data for hour /storage/emulated/0/.MATCH/data/2016-10-28/23-PDT.zip"
"2016-10-29 00:13:01 PDT","I","test2@match_com","UploadManagerService","Processing data for date - /storage/emulated/0/.MATCH/data/2016-10-29"
"2016-10-29 00:13:01 PDT","I","test2@match_com","UploadManagerService","Processing data for hour /storage/emulated/0/.MATCH/data/2016-10-29/00-PDT"
"2016-10-29 00:13:01 PDT","I","test2@match_com","UploadManagerService","Internet is not connected. Not trying to upload files."
"2016-10-29 00:13:01 PDT","I","test2@match_com","MinuteService","Inside onCreate"
"2016-10-29 00:13:01 PDT","I","test2@match_com","MinuteService","Minute Service Alarm was set by - MinuteService"
"2016-10-29 00:13:01 PDT","I","test2@match_com","MinuteService","Time since previous run - 5"
"2016-10-29 00:13:01 PDT","I","test2@match_com","MinuteService","Previous run within last 50 seconds, ignoring this run"
"2016-10-29 00:13:01 PDT","I","test2@match_com","UploadManagerService","Inside onDestroy"
"2016-10-29 00:13:01 PDT","I","test2@match_com","MinuteService","Inside onDestroy"
"2016-10-29 00:13:01 PDT","I","test2@match_com","BackupMinuteService","Inside onCreate"
"2016-10-29 00:13:01 PDT","I","test2@match_com","Util","Inside setBackupMinuteServiceAlarm"
"2016-10-29 00:13:01 PDT","I","test2@match_com","Util","BackupMinuteService last run at - Sat Oct 29 00:13:01 PDT 2016"
"2016-10-29 00:13:01 PDT","I","test2@match_com","Util","BackupMinuteService next run at - Sat Oct 29 00:14:01 PDT 2016"
"2016-10-29 00:13:01 PDT","I","test2@match_com","MinuteService","Inside onCreate"
"2016-10-29 00:13:01 PDT","I","test2@match_com","MinuteService","Minute Service Alarm was set by - MinuteService"
"2016-10-29 00:13:01 PDT","I","test2@match_com","MinuteService","Time since previous run - 5"
"2016-10-29 00:13:01 PDT","I","test2@match_com","MinuteService","Previous run within last 50 seconds, ignoring this run"
"2016-10-29 00:13:01 PDT","I","test2@match_com","BackupMinuteService","Inside onDestroy"
"2016-10-29 00:13:01 PDT","I","test2@match_com","MinuteService","Inside onDestroy"
"2016-10-29 00:13:01 PDT","I","test2@match_com","AlwaysOnService","Received Intent - android.intent.action.TIME_TICK"
"2016-10-29 00:13:23 PDT","I","test2@match_com","AlwaysOnService","Received Intent - android.intent.action.BATTERY_CHANGED"
"2016-10-29 00:13:41 PDT","I","test2@match_com","AlwaysOnService","Received Intent - android.intent.action.BATTERY_CHANGED"
"2016-10-29 00:13:56 PDT","I","test2@match_com","MinuteService","Inside onCreate"
"2016-10-29 00:13:56 PDT","I","test2@match_com","MinuteService","Minute Service Alarm was set by - MinuteService"
"2016-10-29 00:13:56 PDT","I","test2@match_com","MinuteService","Time since previous run - 60"
"2016-10-29 00:13:56 PDT","I","test2@match_com","MinuteService","Setting Minute Service Last Run"
"2016-10-29 00:13:56 PDT","I","test2@match_com","MinuteService","Setting Minute Service Alarm"
"2016-10-29 00:13:56 PDT","I","test2@match_com","Util","Inside setMinuteServiceAlarmFromMinuteService"
"2016-10-29 00:13:56 PDT","I","test2@match_com","Util","MinuteService last run at - Sat Oct 29 00:13:56 PDT 2016"
"2016-10-29 00:13:56 PDT","I","test2@match_com","Util","MinuteService next run at - Sat Oct 29 00:14:56 PDT 2016"
"2016-10-29 00:13:56 PDT","I","test2@match_com","MinuteService","Setting Minute Service Backup Alarm"
"2016-10-29 00:13:56 PDT","I","test2@match_com","Util","Inside setBackupMinuteServiceAlarm"
"2016-10-29 00:13:56 PDT","I","test2@match_com","Util","BackupMinuteService last run at - Sat Oct 29 00:13:01 PDT 2016"
"2016-10-29 00:13:56 PDT","I","test2@match_com","Util","BackupMinuteService next run at - Sat Oct 29 00:14:01 PDT 2016"
"2016-10-29 00:13:56 PDT","I","test2@match_com","MinuteService","Initializing MATCHConstants"
"2016-10-29 00:13:56 PDT","I","test2@match_com","MinuteService","Notifying user about minute service run"
"2016-10-29 00:13:56 PDT","I","test2@match_com","MinuteService","Writing status to Firebase Database"
"2016-10-29 00:13:56 PDT","I","test2@match_com","MinuteService","Logging Network Status"
"2016-10-29 00:13:56 PDT","I","test2@match_com","ConnectivityManager","isConnected - false - isWifi - false - isMobileInternet - false"
"2016-10-29 00:13:56 PDT","I","test2@match_com","MinuteService","Logging Battery Status"
"2016-10-29 00:13:56 PDT","I","test2@match_com","BatteryManager","Percentage - 81 - isCharging - true - isUSBCharging - false - isACCharging - true - isWirelessCharging - false"
"2016-10-29 00:13:56 PDT","I","test2@match_com","MinuteService","Logging Memory Status"
"2016-10-29 00:13:56 PDT","I","test2@match_com","MemoryManager","Total Memory,898,Available Memory,413,Threshold Memory,144,IsLowMemory,false"
"2016-10-29 00:13:56 PDT","I","test2@match_com","MinuteService","Logging Storage Status"
"2016-10-29 00:13:56 PDT","I","test2@match_com","StorageManager","Internal Total,2247,Internal Free,589,External Total,4637,External Free,3937"
"2016-10-29 00:13:56 PDT","I","test2@match_com","MinuteService","Logging Power Status"
"2016-10-29 00:13:56 PDT","I","test2@match_com","PowerManager","isDeviceIdleMode - false - isInteractive - false - isPowerSaveMode - false - isSustainedPerformanceModeSupported - false"
"2016-10-29 00:13:56 PDT","I","test2@match_com","MinuteService","Logging Notifications Status"
"2016-10-29 00:13:56 PDT","I","test2@match_com","NotificationManager","AreNotificationsEnabled - true - Importance - Unspecified"
"2016-10-29 00:13:56 PDT","I","test2@match_com","MinuteService","Logging Location"
"2016-10-29 00:13:56 PDT","I","test2@match_com","MinuteService","Fetching latest study data"
"2016-10-29 00:13:56 PDT","I","test2@match_com","MinuteService","Starting UploadManagerService"
"2016-10-29 00:13:56 PDT","I","test2@match_com","MinuteService","Starting SurveyManagerService"
"2016-10-29 00:13:56 PDT","I","test2@match_com","UploadManagerService","Inside onCreate"
"2016-10-29 00:13:56 PDT","I","test2@match_com","UploadManagerService","Processing Logs"
"2016-10-29 00:13:56 PDT","I","test2@match_com","UploadManagerService","Processing Logs for Date - /storage/emulated/0/.MATCH/logs/2016-10-26"
"2016-10-29 00:13:56 PDT","I","test2@match_com","UploadManagerService","Processing Logs for Date - /storage/emulated/0/.MATCH/logs/2016-10-27"
"2016-10-29 00:13:56 PDT","I","test2@match_com","UploadManagerService","Processing Logs for Date - /storage/emulated/0/.MATCH/logs/2016-10-28"
"2016-10-29 00:13:56 PDT","I","test2@match_com","UploadManagerService","Processing Logs for Date - /storage/emulated/0/.MATCH/logs/2016-10-29"
"2016-10-29 00:13:56 PDT","I","test2@match_com","UploadManagerService","Processing Surveys"
"2016-10-29 00:13:56 PDT","I","test2@match_com","UploadManagerService","Processing Data files"
"2016-10-29 00:13:56 PDT","I","test2@match_com","UploadManagerService","Processing data for date - /storage/emulated/0/.MATCH/data/2016-10-26"
"2016-10-29 00:13:56 PDT","I","test2@match_com","UploadManagerService","Processing data for hour /storage/emulated/0/.MATCH/data/2016-10-26/19-PDT.zip.uploaded"
"2016-10-29 00:13:56 PDT","I","test2@match_com","UploadManagerService","Processing data for hour /storage/emulated/0/.MATCH/data/2016-10-26/13-PDT.zip.uploaded"
"2016-10-29 00:13:56 PDT","I","test2@match_com","UploadManagerService","Processing data for hour /storage/emulated/0/.MATCH/data/2016-10-26/14-PDT.zip.uploaded"
"2016-10-29 00:13:56 PDT","I","test2@match_com","UploadManagerService","Processing data for hour /storage/emulated/0/.MATCH/data/2016-10-26/15-PDT.zip.uploaded"
"2016-10-29 00:13:56 PDT","I","test2@match_com","UploadManagerService","Processing data for hour /storage/emulated/0/.MATCH/data/2016-10-26/16-PDT.zip.uploaded"
"2016-10-29 00:13:56 PDT","I","test2@match_com","UploadManagerService","Processing data for hour /storage/emulated/0/.MATCH/data/2016-10-26/17-PDT.zip.uploaded"
"2016-10-29 00:13:56 PDT","I","test2@match_com","UploadManagerService","Processing data for hour /storage/emulated/0/.MATCH/data/2016-10-26/21-PDT.zip.uploaded"
"2016-10-29 00:13:56 PDT","I","test2@match_com","UploadManagerService","Processing data for hour /storage/emulated/0/.MATCH/data/2016-10-26/22-PDT.zip.uploaded"
"2016-10-29 00:13:56 PDT","I","test2@match_com","UploadManagerService","Processing data for hour /storage/emulated/0/.MATCH/data/2016-10-26/18-PDT.zip.uploaded"
"2016-10-29 00:13:56 PDT","I","test2@match_com","UploadManagerService","Processing data for hour /storage/emulated/0/.MATCH/data/2016-10-26/20-PDT.zip.uploaded"
"2016-10-29 00:13:56 PDT","I","test2@match_com","UploadManagerService","Processing data for hour /storage/emulated/0/.MATCH/data/2016-10-26/23-PDT.zip.uploaded"
"2016-10-29 00:13:56 PDT","I","test2@match_com","UploadManagerService","Processing data for date - /storage/emulated/0/.MATCH/data/2016-10-27"
"2016-10-29 00:13:56 PDT","I","test2@match_com","UploadManagerService","Processing data for hour /storage/emulated/0/.MATCH/data/2016-10-27/01-PDT.zip.uploaded"
"2016-10-29 00:13:56 PDT","I","test2@match_com","UploadManagerService","Processing data for hour /storage/emulated/0/.MATCH/data/2016-10-27/03-PDT.zip.uploaded"
"2016-10-29 00:13:56 PDT","I","test2@match_com","UploadManagerService","Processing data for hour /storage/emulated/0/.MATCH/data/2016-10-27/04-PDT.zip.uploaded"
"2016-10-29 00:13:56 PDT","I","test2@match_com","UploadManagerService","Processing data for hour /storage/emulated/0/.MATCH/data/2016-10-27/06-PDT.zip.uploaded"
"2016-10-29 00:13:56 PDT","I","test2@match_com","UploadManagerService","Processing data for hour /storage/emulated/0/.MATCH/data/2016-10-27/00-PDT.zip.uploaded"
"2016-10-29 00:13:56 PDT","I","test2@match_com","UploadManagerService","Processing data for hour /storage/emulated/0/.MATCH/data/2016-10-27/02-PDT.zip.uploaded"
"2016-10-29 00:13:56 PDT","I","test2@match_com","UploadManagerService","Processing data for hour /storage/emulated/0/.MATCH/data/2016-10-27/05-PDT.zip.uploaded"
"2016-10-29 00:13:56 PDT","I","test2@match_com","UploadManagerService","Processing data for date - /storage/emulated/0/.MATCH/data/2016-10-28"
"2016-10-29 00:13:56 PDT","I","test2@match_com","UploadManagerService","Processing data for hour /storage/emulated/0/.MATCH/data/2016-10-28/13-PDT.zip"
"2016-10-29 00:13:56 PDT","I","test2@match_com","UploadManagerService","Processing data for hour /storage/emulated/0/.MATCH/data/2016-10-28/14-PDT.zip"
"2016-10-29 00:13:56 PDT","I","test2@match_com","UploadManagerService","Processing data for hour /storage/emulated/0/.MATCH/data/2016-10-28/15-PDT.zip"
"2016-10-29 00:13:56 PDT","I","test2@match_com","UploadManagerService","Processing data for hour /storage/emulated/0/.MATCH/data/2016-10-28/16-PDT.zip"
"2016-10-29 00:13:56 PDT","I","test2@match_com","UploadManagerService","Processing data for hour /storage/emulated/0/.MATCH/data/2016-10-28/17-PDT.zip"
"2016-10-29 00:13:56 PDT","I","test2@match_com","UploadManagerService","Processing data for hour /storage/emulated/0/.MATCH/data/2016-10-28/18-PDT.zip"
"2016-10-29 00:13:56 PDT","I","test2@match_com","UploadManagerService","Processing data for hour /storage/emulated/0/.MATCH/data/2016-10-28/19-PDT.zip"
"2016-10-29 00:13:56 PDT","I","test2@match_com","UploadManagerService","Processing data for hour /storage/emulated/0/.MATCH/data/2016-10-28/20-PDT.zip"
"2016-10-29 00:13:56 PDT","I","test2@match_com","UploadManagerService","Processing data for hour /storage/emulated/0/.MATCH/data/2016-10-28/21-PDT.zip"
"2016-10-29 00:13:56 PDT","I","test2@match_com","UploadManagerService","Processing data for hour /storage/emulated/0/.MATCH/data/2016-10-28/22-PDT.zip"
"2016-10-29 00:13:56 PDT","I","test2@match_com","UploadManagerService","Processing data for hour /storage/emulated/0/.MATCH/data/2016-10-28/23-PDT.zip"
"2016-10-29 00:13:56 PDT","I","test2@match_com","UploadManagerService","Processing data for date - /storage/emulated/0/.MATCH/data/2016-10-29"
"2016-10-29 00:13:56 PDT","I","test2@match_com","UploadManagerService","Processing data for hour /storage/emulated/0/.MATCH/data/2016-10-29/00-PDT"
"2016-10-29 00:13:56 PDT","I","test2@match_com","UploadManagerService","Internet is not connected. Not trying to upload files."
"2016-10-29 00:13:56 PDT","I","test2@match_com","SurveyManagerService","Inside onCreate"
"2016-10-29 00:13:56 PDT","I","test2@match_com","SurveyManagerService","Current time is - Sat Oct 29 00:13:56 PDT 2016"
"2016-10-29 00:13:56 PDT","I","test2@match_com","SurveyManagerService","Start Date is - Tue Oct 25 19:00:00 PDT 2016"
"2016-10-29 00:13:56 PDT","I","test2@match_com","SurveyManagerService","End Date is - Tue Nov 01 16:00:00 PDT 2016"
"2016-10-29 00:13:56 PDT","I","test2@match_com","SurveyManagerService","Scheduling Survey for - KEY_EMA_0730TO0800_CHILD"
"2016-10-29 00:13:56 PDT","I","test2@match_com","SurveyManagerService","Survey KEY_EMA_0730TO0800_CHILD is already scheduled"
"2016-10-29 00:13:56 PDT","I","test2@match_com","SurveyManagerService","Scheduling Survey for - KEY_EMA_0930TO1000_CHILD"
"2016-10-29 00:13:56 PDT","I","test2@match_com","SurveyManagerService","Survey KEY_EMA_0930TO1000_CHILD is already scheduled"
"2016-10-29 00:13:56 PDT","I","test2@match_com","SurveyManagerService","Scheduling Survey for - KEY_EMA_1130TO1200_CHILD"
"2016-10-29 00:13:56 PDT","I","test2@match_com","SurveyManagerService","Survey KEY_EMA_1130TO1200_CHILD is already scheduled"
"2016-10-29 00:13:56 PDT","I","test2@match_com","SurveyManagerService","Scheduling Survey for - KEY_EMA_1330TO1400_CHILD"
"2016-10-29 00:13:56 PDT","I","test2@match_com","SurveyManagerService","Survey KEY_EMA_1330TO1400_CHILD is already scheduled"
"2016-10-29 00:13:56 PDT","I","test2@match_com","SurveyManagerService","Scheduling Survey for - KEY_EMA_1530TO1600_CHILD"
"2016-10-29 00:13:56 PDT","I","test2@match_com","SurveyManagerService","Survey KEY_EMA_1530TO1600_CHILD is already scheduled"
"2016-10-29 00:13:56 PDT","I","test2@match_com","SurveyManagerService","Scheduling Survey for - KEY_EMA_1730TO1800_CHILD"
"2016-10-29 00:13:56 PDT","I","test2@match_com","SurveyManagerService","Survey KEY_EMA_1730TO1800_CHILD is already scheduled"
"2016-10-29 00:13:57 PDT","I","test2@match_com","SurveyManagerService","Scheduling Survey for - KEY_EMA_1930TO2000_CHILD"
"2016-10-29 00:13:57 PDT","I","test2@match_com","SurveyManagerService","Survey KEY_EMA_1930TO2000_CHILD is already scheduled"
"2016-10-29 00:13:57 PDT","I","test2@match_com","SurveyManagerService","Saliva surveys are already scheduled"
"2016-10-29 00:13:57 PDT","I","test2@match_com","SurveyManagerService","Survey KEY_SALIVA_BEDTIME scheduled for Sat Oct 29 21:46:57 PDT 2016"
"2016-10-29 00:13:57 PDT","I","test2@match_com","SurveyManagerService","Survey Schedule for KEY_EMA_0730TO0800_CHILD is Sat Oct 29 07:47:17 PDT 2016"
"2016-10-29 00:13:57 PDT","I","test2@match_com","SurveyManagerService","Still not time to prompt the survey"
"2016-10-29 00:13:57 PDT","I","test2@match_com","SurveyManagerService","Survey Schedule for KEY_EMA_0930TO1000_CHILD is Sat Oct 29 09:57:24 PDT 2016"
"2016-10-29 00:13:57 PDT","I","test2@match_com","SurveyManagerService","Still not time to prompt the survey"
"2016-10-29 00:13:57 PDT","I","test2@match_com","SurveyManagerService","Survey Schedule for KEY_EMA_1130TO1200_CHILD is Sat Oct 29 11:45:10 PDT 2016"
"2016-10-29 00:13:57 PDT","I","test2@match_com","SurveyManagerService","Still not time to prompt the survey"
"2016-10-29 00:13:57 PDT","I","test2@match_com","SurveyManagerService","Survey Schedule for KEY_EMA_1330TO1400_CHILD is Sat Oct 29 13:44:02 PDT 2016"
"2016-10-29 00:13:57 PDT","I","test2@match_com","SurveyManagerService","Still not time to prompt the survey"
"2016-10-29 00:13:57 PDT","I","test2@match_com","SurveyManagerService","Survey Schedule for KEY_EMA_1530TO1600_CHILD is Sat Oct 29 15:33:41 PDT 2016"
"2016-10-29 00:13:57 PDT","I","test2@match_com","SurveyManagerService","Still not time to prompt the survey"
"2016-10-29 00:13:57 PDT","I","test2@match_com","SurveyManagerService","Survey Schedule for KEY_EMA_1730TO1800_CHILD is Sat Oct 29 17:47:43 PDT 2016"
"2016-10-29 00:13:57 PDT","I","test2@match_com","SurveyManagerService","Still not time to prompt the survey"
"2016-10-29 00:13:57 PDT","I","test2@match_com","SurveyManagerService","Survey Schedule for KEY_EMA_1930TO2000_CHILD is Sat Oct 29 19:36:11 PDT 2016"
"2016-10-29 00:13:57 PDT","I","test2@match_com","SurveyManagerService","Still not time to prompt the survey"
"2016-10-29 00:13:57 PDT","I","test2@match_com","SurveyManagerService","KEY_SALIVA_WAKING is scheduled for Sat Oct 29 06:46:56 PDT 2016"
"2016-10-29 00:13:57 PDT","I","test2@match_com","SurveyManagerService","Prompt KEY_SALIVA_WAKING is in the future - Sat Oct 29 06:46:56 PDT 2016"
"2016-10-29 00:13:57 PDT","I","test2@match_com","SurveyManagerService","KEY_SALIVA_WAKING_PLUS_30 is scheduled for Sat Oct 29 07:16:56 PDT 2016"
"2016-10-29 00:13:57 PDT","I","test2@match_com","SurveyManagerService","Prompt KEY_SALIVA_WAKING_PLUS_30 is in the future - Sat Oct 29 07:16:56 PDT 2016"
"2016-10-29 00:13:57 PDT","I","test2@match_com","SurveyManagerService","KEY_SALIVA_AFTERNOON_4TO430_CHILD is scheduled for Sat Oct 29 16:16:27 PDT 2016"
"2016-10-29 00:13:57 PDT","I","test2@match_com","SurveyManagerService","Prompt KEY_SALIVA_AFTERNOON_4TO430_CHILD is in the future - Sat Oct 29 16:16:27 PDT 2016"
"2016-10-29 00:13:57 PDT","I","test2@match_com","SurveyManagerService","KEY_SALIVA_BEDTIME is scheduled for Sat Oct 29 21:46:57 PDT 2016"
"2016-10-29 00:13:57 PDT","I","test2@match_com","SurveyManagerService","Prompt KEY_SALIVA_BEDTIME is in the future - Sat Oct 29 21:46:57 PDT 2016"
"2016-10-29 00:13:57 PDT","I","test2@match_com","MinuteService","Inside onDestroy"
"2016-10-29 00:13:57 PDT","I","test2@match_com","UploadManagerService","Inside onDestroy"
"2016-10-29 00:13:57 PDT","I","test2@match_com","SurveyManagerService","Inside onDestroy"
"2016-10-29 00:13:57 PDT","I","test2@match_com","Zipper","unzipFileWithEncryption"
"2016-10-29 00:13:57 PDT","I","test2@match_com","Zipper","Deleting File - /storage/emulated/0/.MATCH/data/2016-10-29/00-PDT/GPS.csv.zip"
"2016-10-29 00:13:57 PDT","I","test2@match_com","Zipper","zipFileWithEncryption - /storage/emulated/0/.MATCH/data/2016-10-29/00-PDT/GPS.csv"
"2016-10-29 00:13:57 PDT","I","test2@match_com","Zipper","Creating ZipFile - /storage/emulated/0/.MATCH/data/2016-10-29/00-PDT/GPS.csv.zip"
"2016-10-29 00:13:57 PDT","I","test2@match_com","Zipper","Deleting File - /storage/emulated/0/.MATCH/data/2016-10-29/00-PDT/GPS.csv"
"2016-10-29 00:14:00 PDT","I","test2@match_com","UploadManagerService","Inside onCreate"
"2016-10-29 00:14:01 PDT","I","test2@match_com","UploadManagerService","Processing Logs"
"2016-10-29 00:14:01 PDT","I","test2@match_com","UploadManagerService","Processing Logs for Date - /storage/emulated/0/.MATCH/logs/2016-10-26"
"2016-10-29 00:14:01 PDT","I","test2@match_com","UploadManagerService","Processing Logs for Date - /storage/emulated/0/.MATCH/logs/2016-10-27"
"2016-10-29 00:14:01 PDT","I","test2@match_com","UploadManagerService","Processing Logs for Date - /storage/emulated/0/.MATCH/logs/2016-10-28"
"2016-10-29 00:14:01 PDT","I","test2@match_com","UploadManagerService","Processing Logs for Date - /storage/emulated/0/.MATCH/logs/2016-10-29"
"2016-10-29 00:14:01 PDT","I","test2@match_com","UploadManagerService","Processing Surveys"
"2016-10-29 00:14:01 PDT","I","test2@match_com","UploadManagerService","Processing Data files"
"2016-10-29 00:14:01 PDT","I","test2@match_com","UploadManagerService","Processing data for date - /storage/emulated/0/.MATCH/data/2016-10-26"
"2016-10-29 00:14:01 PDT","I","test2@match_com","UploadManagerService","Processing data for hour /storage/emulated/0/.MATCH/data/2016-10-26/19-PDT.zip.uploaded"
"2016-10-29 00:14:01 PDT","I","test2@match_com","UploadManagerService","Processing data for hour /storage/emulated/0/.MATCH/data/2016-10-26/13-PDT.zip.uploaded"
"2016-10-29 00:14:01 PDT","I","test2@match_com","UploadManagerService","Processing data for hour /storage/emulated/0/.MATCH/data/2016-10-26/14-PDT.zip.uploaded"
"2016-10-29 00:14:01 PDT","I","test2@match_com","UploadManagerService","Processing data for hour /storage/emulated/0/.MATCH/data/2016-10-26/15-PDT.zip.uploaded"
"2016-10-29 00:14:01 PDT","I","test2@match_com","UploadManagerService","Processing data for hour /storage/emulated/0/.MATCH/data/2016-10-26/16-PDT.zip.uploaded"
"2016-10-29 00:14:01 PDT","I","test2@match_com","UploadManagerService","Processing data for hour /storage/emulated/0/.MATCH/data/2016-10-26/17-PDT.zip.uploaded"
"2016-10-29 00:14:01 PDT","I","test2@match_com","UploadManagerService","Processing data for hour /storage/emulated/0/.MATCH/data/2016-10-26/21-PDT.zip.uploaded"
"2016-10-29 00:14:01 PDT","I","test2@match_com","UploadManagerService","Processing data for hour /storage/emulated/0/.MATCH/data/2016-10-26/22-PDT.zip.uploaded"
"2016-10-29 00:14:01 PDT","I","test2@match_com","UploadManagerService","Processing data for hour /storage/emulated/0/.MATCH/data/2016-10-26/18-PDT.zip.uploaded"
"2016-10-29 00:14:01 PDT","I","test2@match_com","UploadManagerService","Processing data for hour /storage/emulated/0/.MATCH/data/2016-10-26/20-PDT.zip.uploaded"
"2016-10-29 00:14:01 PDT","I","test2@match_com","UploadManagerService","Processing data for hour /storage/emulated/0/.MATCH/data/2016-10-26/23-PDT.zip.uploaded"
"2016-10-29 00:14:01 PDT","I","test2@match_com","UploadManagerService","Processing data for date - /storage/emulated/0/.MATCH/data/2016-10-27"
"2016-10-29 00:14:01 PDT","I","test2@match_com","UploadManagerService","Processing data for hour /storage/emulated/0/.MATCH/data/2016-10-27/01-PDT.zip.uploaded"
"2016-10-29 00:14:01 PDT","I","test2@match_com","UploadManagerService","Processing data for hour /storage/emulated/0/.MATCH/data/2016-10-27/03-PDT.zip.uploaded"
"2016-10-29 00:14:01 PDT","I","test2@match_com","UploadManagerService","Processing data for hour /storage/emulated/0/.MATCH/data/2016-10-27/04-PDT.zip.uploaded"
"2016-10-29 00:14:01 PDT","I","test2@match_com","UploadManagerService","Processing data for hour /storage/emulated/0/.MATCH/data/2016-10-27/06-PDT.zip.uploaded"
"2016-10-29 00:14:01 PDT","I","test2@match_com","UploadManagerService","Processing data for hour /storage/emulated/0/.MATCH/data/2016-10-27/00-PDT.zip.uploaded"
"2016-10-29 00:14:01 PDT","I","test2@match_com","UploadManagerService","Processing data for hour /storage/emulated/0/.MATCH/data/2016-10-27/02-PDT.zip.uploaded"
"2016-10-29 00:14:01 PDT","I","test2@match_com","UploadManagerService","Processing data for hour /storage/emulated/0/.MATCH/data/2016-10-27/05-PDT.zip.uploaded"
"2016-10-29 00:14:01 PDT","I","test2@match_com","UploadManagerService","Processing data for date - /storage/emulated/0/.MATCH/data/2016-10-28"
"2016-10-29 00:14:01 PDT","I","test2@match_com","UploadManagerService","Processing data for hour /storage/emulated/0/.MATCH/data/2016-10-28/13-PDT.zip"
"2016-10-29 00:14:01 PDT","I","test2@match_com","UploadManagerService","Processing data for hour /storage/emulated/0/.MATCH/data/2016-10-28/14-PDT.zip"
"2016-10-29 00:14:01 PDT","I","test2@match_com","UploadManagerService","Processing data for hour /storage/emulated/0/.MATCH/data/2016-10-28/15-PDT.zip"
"2016-10-29 00:14:01 PDT","I","test2@match_com","UploadManagerService","Processing data for hour /storage/emulated/0/.MATCH/data/2016-10-28/16-PDT.zip"
"2016-10-29 00:14:01 PDT","I","test2@match_com","UploadManagerService","Processing data for hour /storage/emulated/0/.MATCH/data/2016-10-28/17-PDT.zip"
"2016-10-29 00:14:01 PDT","I","test2@match_com","UploadManagerService","Processing data for hour /storage/emulated/0/.MATCH/data/2016-10-28/18-PDT.zip"
"2016-10-29 00:14:01 PDT","I","test2@match_com","UploadManagerService","Processing data for hour /storage/emulated/0/.MATCH/data/2016-10-28/19-PDT.zip"
"2016-10-29 00:14:01 PDT","I","test2@match_com","UploadManagerService","Processing data for hour /storage/emulated/0/.MATCH/data/2016-10-28/20-PDT.zip"
"2016-10-29 00:14:01 PDT","I","test2@match_com","UploadManagerService","Processing data for hour /storage/emulated/0/.MATCH/data/2016-10-28/21-PDT.zip"
"2016-10-29 00:14:01 PDT","I","test2@match_com","UploadManagerService","Processing data for hour /storage/emulated/0/.MATCH/data/2016-10-28/22-PDT.zip"
"2016-10-29 00:14:01 PDT","I","test2@match_com","UploadManagerService","Processing data for hour /storage/emulated/0/.MATCH/data/2016-10-28/23-PDT.zip"
"2016-10-29 00:14:01 PDT","I","test2@match_com","UploadManagerService","Processing data for date - /storage/emulated/0/.MATCH/data/2016-10-29"
"2016-10-29 00:14:01 PDT","I","test2@match_com","UploadManagerService","Processing data for hour /storage/emulated/0/.MATCH/data/2016-10-29/00-PDT"
"2016-10-29 00:14:01 PDT","I","test2@match_com","UploadManagerService","Internet is not connected. Not trying to upload files."
"2016-10-29 00:14:01 PDT","I","test2@match_com","MinuteService","Inside onCreate"
"2016-10-29 00:14:01 PDT","I","test2@match_com","MinuteService","Minute Service Alarm was set by - MinuteService"
"2016-10-29 00:14:01 PDT","I","test2@match_com","MinuteService","Time since previous run - 5"
"2016-10-29 00:14:01 PDT","I","test2@match_com","MinuteService","Previous run within last 50 seconds, ignoring this run"
"2016-10-29 00:14:01 PDT","I","test2@match_com","UploadManagerService","Inside onDestroy"
"2016-10-29 00:14:01 PDT","I","test2@match_com","MinuteService","Inside onDestroy"
"2016-10-29 00:14:01 PDT","I","test2@match_com","BackupMinuteService","Inside onCreate"
"2016-10-29 00:14:01 PDT","I","test2@match_com","Util","Inside setBackupMinuteServiceAlarm"
"2016-10-29 00:14:01 PDT","I","test2@match_com","Util","BackupMinuteService last run at - Sat Oct 29 00:14:01 PDT 2016"
"2016-10-29 00:14:01 PDT","I","test2@match_com","Util","BackupMinuteService next run at - Sat Oct 29 00:15:01 PDT 2016"
"2016-10-29 00:14:01 PDT","I","test2@match_com","MinuteService","Inside onCreate"
"2016-10-29 00:14:01 PDT","I","test2@match_com","MinuteService","Minute Service Alarm was set by - MinuteService"
"2016-10-29 00:14:01 PDT","I","test2@match_com","MinuteService","Time since previous run - 5"
"2016-10-29 00:14:01 PDT","I","test2@match_com","MinuteService","Previous run within last 50 seconds, ignoring this run"
"2016-10-29 00:14:01 PDT","I","test2@match_com","BackupMinuteService","Inside onDestroy"
"2016-10-29 00:14:01 PDT","I","test2@match_com","MinuteService","Inside onDestroy"
"2016-10-29 00:14:01 PDT","I","test2@match_com","AlwaysOnService","Received Intent - android.intent.action.TIME_TICK"
"2016-10-29 00:14:41 PDT","I","test2@match_com","AlwaysOnService","Received Intent - android.intent.action.BATTERY_CHANGED"
"2016-10-29 00:14:56 PDT","I","test2@match_com","MinuteService","Inside onCreate"
"2016-10-29 00:14:56 PDT","I","test2@match_com","MinuteService","Minute Service Alarm was set by - MinuteService"
"2016-10-29 00:14:56 PDT","I","test2@match_com","MinuteService","Time since previous run - 60"
"2016-10-29 00:14:56 PDT","I","test2@match_com","MinuteService","Setting Minute Service Last Run"
"2016-10-29 00:14:56 PDT","I","test2@match_com","MinuteService","Setting Minute Service Alarm"
"2016-10-29 00:14:56 PDT","I","test2@match_com","Util","Inside setMinuteServiceAlarmFromMinuteService"
"2016-10-29 00:14:56 PDT","I","test2@match_com","Util","MinuteService last run at - Sat Oct 29 00:14:56 PDT 2016"
"2016-10-29 00:14:56 PDT","I","test2@match_com","Util","MinuteService next run at - Sat Oct 29 00:15:56 PDT 2016"
"2016-10-29 00:14:56 PDT","I","test2@match_com","MinuteService","Setting Minute Service Backup Alarm"
"2016-10-29 00:14:56 PDT","I","test2@match_com","Util","Inside setBackupMinuteServiceAlarm"
"2016-10-29 00:14:56 PDT","I","test2@match_com","Util","BackupMinuteService last run at - Sat Oct 29 00:14:01 PDT 2016"
"2016-10-29 00:14:56 PDT","I","test2@match_com","Util","BackupMinuteService next run at - Sat Oct 29 00:15:01 PDT 2016"
"2016-10-29 00:14:56 PDT","I","test2@match_com","MinuteService","Initializing MATCHConstants"
"2016-10-29 00:14:56 PDT","I","test2@match_com","MinuteService","Notifying user about minute service run"
"2016-10-29 00:14:56 PDT","I","test2@match_com","MinuteService","Writing status to Firebase Database"
"2016-10-29 00:14:56 PDT","I","test2@match_com","MinuteService","Logging Network Status"
"2016-10-29 00:14:56 PDT","I","test2@match_com","ConnectivityManager","isConnected - false - isWifi - false - isMobileInternet - false"
"2016-10-29 00:14:56 PDT","I","test2@match_com","MinuteService","Logging Battery Status"
"2016-10-29 00:14:56 PDT","I","test2@match_com","BatteryManager","Percentage - 81 - isCharging - true - isUSBCharging - false - isACCharging - true - isWirelessCharging - false"
"2016-10-29 00:14:56 PDT","I","test2@match_com","MinuteService","Logging Memory Status"
"2016-10-29 00:14:56 PDT","I","test2@match_com","MemoryManager","Total Memory,898,Available Memory,414,Threshold Memory,144,IsLowMemory,false"
"2016-10-29 00:14:56 PDT","I","test2@match_com","MinuteService","Logging Storage Status"
"2016-10-29 00:14:56 PDT","I","test2@match_com","StorageManager","Internal Total,2247,Internal Free,589,External Total,4637,External Free,3937"
"2016-10-29 00:14:56 PDT","I","test2@match_com","MinuteService","Logging Power Status"
"2016-10-29 00:14:56 PDT","I","test2@match_com","PowerManager","isDeviceIdleMode - false - isInteractive - false - isPowerSaveMode - false - isSustainedPerformanceModeSupported - false"
"2016-10-29 00:14:56 PDT","I","test2@match_com","MinuteService","Logging Notifications Status"
"2016-10-29 00:14:56 PDT","I","test2@match_com","NotificationManager","AreNotificationsEnabled - true - Importance - Unspecified"
"2016-10-29 00:14:56 PDT","I","test2@match_com","MinuteService","Logging Location"
"2016-10-29 00:14:56 PDT","I","test2@match_com","MinuteService","Fetching latest study data"
"2016-10-29 00:14:56 PDT","I","test2@match_com","MinuteService","Starting UploadManagerService"
"2016-10-29 00:14:56 PDT","I","test2@match_com","MinuteService","Starting SurveyManagerService"
"2016-10-29 00:14:56 PDT","I","test2@match_com","UploadManagerService","Inside onCreate"
"2016-10-29 00:14:56 PDT","I","test2@match_com","UploadManagerService","Processing Logs"
"2016-10-29 00:14:56 PDT","I","test2@match_com","UploadManagerService","Processing Logs for Date - /storage/emulated/0/.MATCH/logs/2016-10-26"
"2016-10-29 00:14:56 PDT","I","test2@match_com","UploadManagerService","Processing Logs for Date - /storage/emulated/0/.MATCH/logs/2016-10-27"
"2016-10-29 00:14:56 PDT","I","test2@match_com","UploadManagerService","Processing Logs for Date - /storage/emulated/0/.MATCH/logs/2016-10-28"
"2016-10-29 00:14:56 PDT","I","test2@match_com","UploadManagerService","Processing Logs for Date - /storage/emulated/0/.MATCH/logs/2016-10-29"
"2016-10-29 00:14:56 PDT","I","test2@match_com","UploadManagerService","Processing Surveys"
"2016-10-29 00:14:56 PDT","I","test2@match_com","UploadManagerService","Processing Data files"
"2016-10-29 00:14:56 PDT","I","test2@match_com","UploadManagerService","Processing data for date - /storage/emulated/0/.MATCH/data/2016-10-26"
"2016-10-29 00:14:56 PDT","I","test2@match_com","UploadManagerService","Processing data for hour /storage/emulated/0/.MATCH/data/2016-10-26/19-PDT.zip.uploaded"
"2016-10-29 00:14:56 PDT","I","test2@match_com","UploadManagerService","Processing data for hour /storage/emulated/0/.MATCH/data/2016-10-26/13-PDT.zip.uploaded"
"2016-10-29 00:14:56 PDT","I","test2@match_com","UploadManagerService","Processing data for hour /storage/emulated/0/.MATCH/data/2016-10-26/14-PDT.zip.uploaded"
"2016-10-29 00:14:56 PDT","I","test2@match_com","UploadManagerService","Processing data for hour /storage/emulated/0/.MATCH/data/2016-10-26/15-PDT.zip.uploaded"
"2016-10-29 00:14:56 PDT","I","test2@match_com","UploadManagerService","Processing data for hour /storage/emulated/0/.MATCH/data/2016-10-26/16-PDT.zip.uploaded"
"2016-10-29 00:14:56 PDT","I","test2@match_com","UploadManagerService","Processing data for hour /storage/emulated/0/.MATCH/data/2016-10-26/17-PDT.zip.uploaded"
"2016-10-29 00:14:56 PDT","I","test2@match_com","UploadManagerService","Processing data for hour /storage/emulated/0/.MATCH/data/2016-10-26/21-PDT.zip.uploaded"
"2016-10-29 00:14:56 PDT","I","test2@match_com","UploadManagerService","Processing data for hour /storage/emulated/0/.MATCH/data/2016-10-26/22-PDT.zip.uploaded"
"2016-10-29 00:14:56 PDT","I","test2@match_com","UploadManagerService","Processing data for hour /storage/emulated/0/.MATCH/data/2016-10-26/18-PDT.zip.uploaded"
"2016-10-29 00:14:56 PDT","I","test2@match_com","UploadManagerService","Processing data for hour /storage/emulated/0/.MATCH/data/2016-10-26/20-PDT.zip.uploaded"
"2016-10-29 00:14:56 PDT","I","test2@match_com","UploadManagerService","Processing data for hour /storage/emulated/0/.MATCH/data/2016-10-26/23-PDT.zip.uploaded"
"2016-10-29 00:14:56 PDT","I","test2@match_com","UploadManagerService","Processing data for date - /storage/emulated/0/.MATCH/data/2016-10-27"
"2016-10-29 00:14:56 PDT","I","test2@match_com","UploadManagerService","Processing data for hour /storage/emulated/0/.MATCH/data/2016-10-27/01-PDT.zip.uploaded"
"2016-10-29 00:14:56 PDT","I","test2@match_com","UploadManagerService","Processing data for hour /storage/emulated/0/.MATCH/data/2016-10-27/03-PDT.zip.uploaded"
"2016-10-29 00:14:56 PDT","I","test2@match_com","UploadManagerService","Processing data for hour /storage/emulated/0/.MATCH/data/2016-10-27/04-PDT.zip.uploaded"
"2016-10-29 00:14:56 PDT","I","test2@match_com","UploadManagerService","Processing data for hour /storage/emulated/0/.MATCH/data/2016-10-27/06-PDT.zip.uploaded"
"2016-10-29 00:14:56 PDT","I","test2@match_com","UploadManagerService","Processing data for hour /storage/emulated/0/.MATCH/data/2016-10-27/00-PDT.zip.uploaded"
"2016-10-29 00:14:56 PDT","I","test2@match_com","UploadManagerService","Processing data for hour /storage/emulated/0/.MATCH/data/2016-10-27/02-PDT.zip.uploaded"
"2016-10-29 00:14:56 PDT","I","test2@match_com","UploadManagerService","Processing data for hour /storage/emulated/0/.MATCH/data/2016-10-27/05-PDT.zip.uploaded"
"2016-10-29 00:14:56 PDT","I","test2@match_com","UploadManagerService","Processing data for date - /storage/emulated/0/.MATCH/data/2016-10-28"
"2016-10-29 00:14:56 PDT","I","test2@match_com","UploadManagerService","Processing data for hour /storage/emulated/0/.MATCH/data/2016-10-28/13-PDT.zip"
"2016-10-29 00:14:56 PDT","I","test2@match_com","UploadManagerService","Processing data for hour /storage/emulated/0/.MATCH/data/2016-10-28/14-PDT.zip"
"2016-10-29 00:14:56 PDT","I","test2@match_com","UploadManagerService","Processing data for hour /storage/emulated/0/.MATCH/data/2016-10-28/15-PDT.zip"
"2016-10-29 00:14:56 PDT","I","test2@match_com","UploadManagerService","Processing data for hour /storage/emulated/0/.MATCH/data/2016-10-28/16-PDT.zip"
"2016-10-29 00:14:56 PDT","I","test2@match_com","UploadManagerService","Processing data for hour /storage/emulated/0/.MATCH/data/2016-10-28/17-PDT.zip"
"2016-10-29 00:14:56 PDT","I","test2@match_com","UploadManagerService","Processing data for hour /storage/emulated/0/.MATCH/data/2016-10-28/18-PDT.zip"
"2016-10-29 00:14:56 PDT","I","test2@match_com","UploadManagerService","Processing data for hour /storage/emulated/0/.MATCH/data/2016-10-28/19-PDT.zip"
"2016-10-29 00:14:56 PDT","I","test2@match_com","UploadManagerService","Processing data for hour /storage/emulated/0/.MATCH/data/2016-10-28/20-PDT.zip"
"2016-10-29 00:14:56 PDT","I","test2@match_com","UploadManagerService","Processing data for hour /storage/emulated/0/.MATCH/data/2016-10-28/21-PDT.zip"
"2016-10-29 00:14:56 PDT","I","test2@match_com","UploadManagerService","Processing data for hour /storage/emulated/0/.MATCH/data/2016-10-28/22-PDT.zip"
"2016-10-29 00:14:56 PDT","I","test2@match_com","UploadManagerService","Processing data for hour /storage/emulated/0/.MATCH/data/2016-10-28/23-PDT.zip"
"2016-10-29 00:14:56 PDT","I","test2@match_com","UploadManagerService","Processing data for date - /storage/emulated/0/.MATCH/data/2016-10-29"
"2016-10-29 00:14:56 PDT","I","test2@match_com","UploadManagerService","Processing data for hour /storage/emulated/0/.MATCH/data/2016-10-29/00-PDT"
"2016-10-29 00:14:56 PDT","I","test2@match_com","UploadManagerService","Internet is not connected. Not trying to upload files."
"2016-10-29 00:14:56 PDT","I","test2@match_com","SurveyManagerService","Inside onCreate"
"2016-10-29 00:14:56 PDT","I","test2@match_com","SurveyManagerService","Current time is - Sat Oct 29 00:14:56 PDT 2016"
"2016-10-29 00:14:56 PDT","I","test2@match_com","SurveyManagerService","Start Date is - Tue Oct 25 19:00:00 PDT 2016"
"2016-10-29 00:14:56 PDT","I","test2@match_com","SurveyManagerService","End Date is - Tue Nov 01 16:00:00 PDT 2016"
"2016-10-29 00:14:56 PDT","I","test2@match_com","SurveyManagerService","Scheduling Survey for - KEY_EMA_0730TO0800_CHILD"
"2016-10-29 00:14:56 PDT","I","test2@match_com","SurveyManagerService","Survey KEY_EMA_0730TO0800_CHILD is already scheduled"
"2016-10-29 00:14:56 PDT","I","test2@match_com","SurveyManagerService","Scheduling Survey for - KEY_EMA_0930TO1000_CHILD"
"2016-10-29 00:14:56 PDT","I","test2@match_com","SurveyManagerService","Survey KEY_EMA_0930TO1000_CHILD is already scheduled"
"2016-10-29 00:14:56 PDT","I","test2@match_com","SurveyManagerService","Scheduling Survey for - KEY_EMA_1130TO1200_CHILD"
"2016-10-29 00:14:56 PDT","I","test2@match_com","SurveyManagerService","Survey KEY_EMA_1130TO1200_CHILD is already scheduled"
"2016-10-29 00:14:56 PDT","I","test2@match_com","SurveyManagerService","Scheduling Survey for - KEY_EMA_1330TO1400_CHILD"
"2016-10-29 00:14:56 PDT","I","test2@match_com","SurveyManagerService","Survey KEY_EMA_1330TO1400_CHILD is already scheduled"
"2016-10-29 00:14:56 PDT","I","test2@match_com","SurveyManagerService","Scheduling Survey for - KEY_EMA_1530TO1600_CHILD"
"2016-10-29 00:14:56 PDT","I","test2@match_com","SurveyManagerService","Survey KEY_EMA_1530TO1600_CHILD is already scheduled"
"2016-10-29 00:14:57 PDT","I","test2@match_com","SurveyManagerService","Scheduling Survey for - KEY_EMA_1730TO1800_CHILD"
"2016-10-29 00:14:57 PDT","I","test2@match_com","SurveyManagerService","Survey KEY_EMA_1730TO1800_CHILD is already scheduled"
"2016-10-29 00:14:57 PDT","I","test2@match_com","SurveyManagerService","Scheduling Survey for - KEY_EMA_1930TO2000_CHILD"
"2016-10-29 00:14:57 PDT","I","test2@match_com","SurveyManagerService","Survey KEY_EMA_1930TO2000_CHILD is already scheduled"
"2016-10-29 00:14:57 PDT","I","test2@match_com","SurveyManagerService","Saliva surveys are already scheduled"
"2016-10-29 00:14:57 PDT","I","test2@match_com","SurveyManagerService","Survey KEY_SALIVA_BEDTIME scheduled for Sat Oct 29 21:46:57 PDT 2016"
"2016-10-29 00:14:57 PDT","I","test2@match_com","SurveyManagerService","Survey Schedule for KEY_EMA_0730TO0800_CHILD is Sat Oct 29 07:47:17 PDT 2016"
"2016-10-29 00:14:57 PDT","I","test2@match_com","SurveyManagerService","Still not time to prompt the survey"
"2016-10-29 00:14:57 PDT","I","test2@match_com","SurveyManagerService","Survey Schedule for KEY_EMA_0930TO1000_CHILD is Sat Oct 29 09:57:24 PDT 2016"
"2016-10-29 00:14:57 PDT","I","test2@match_com","SurveyManagerService","Still not time to prompt the survey"
"2016-10-29 00:14:57 PDT","I","test2@match_com","SurveyManagerService","Survey Schedule for KEY_EMA_1130TO1200_CHILD is Sat Oct 29 11:45:10 PDT 2016"
"2016-10-29 00:14:57 PDT","I","test2@match_com","SurveyManagerService","Still not time to prompt the survey"
"2016-10-29 00:14:57 PDT","I","test2@match_com","SurveyManagerService","Survey Schedule for KEY_EMA_1330TO1400_CHILD is Sat Oct 29 13:44:02 PDT 2016"
"2016-10-29 00:14:57 PDT","I","test2@match_com","SurveyManagerService","Still not time to prompt the survey"
"2016-10-29 00:14:57 PDT","I","test2@match_com","SurveyManagerService","Survey Schedule for KEY_EMA_1530TO1600_CHILD is Sat Oct 29 15:33:41 PDT 2016"
"2016-10-29 00:14:57 PDT","I","test2@match_com","SurveyManagerService","Still not time to prompt the survey"
"2016-10-29 00:14:57 PDT","I","test2@match_com","SurveyManagerService","Survey Schedule for KEY_EMA_1730TO1800_CHILD is Sat Oct 29 17:47:43 PDT 2016"
"2016-10-29 00:14:57 PDT","I","test2@match_com","SurveyManagerService","Still not time to prompt the survey"
"2016-10-29 00:14:57 PDT","I","test2@match_com","SurveyManagerService","Survey Schedule for KEY_EMA_1930TO2000_CHILD is Sat Oct 29 19:36:11 PDT 2016"
"2016-10-29 00:14:57 PDT","I","test2@match_com","SurveyManagerService","Still not time to prompt the survey"
"2016-10-29 00:14:57 PDT","I","test2@match_com","SurveyManagerService","KEY_SALIVA_WAKING is scheduled for Sat Oct 29 06:46:56 PDT 2016"
"2016-10-29 00:14:57 PDT","I","test2@match_com","SurveyManagerService","Prompt KEY_SALIVA_WAKING is in the future - Sat Oct 29 06:46:56 PDT 2016"
"2016-10-29 00:14:57 PDT","I","test2@match_com","SurveyManagerService","KEY_SALIVA_WAKING_PLUS_30 is scheduled for Sat Oct 29 07:16:56 PDT 2016"
"2016-10-29 00:14:57 PDT","I","test2@match_com","SurveyManagerService","Prompt KEY_SALIVA_WAKING_PLUS_30 is in the future - Sat Oct 29 07:16:56 PDT 2016"
"2016-10-29 00:14:57 PDT","I","test2@match_com","SurveyManagerService","KEY_SALIVA_AFTERNOON_4TO430_CHILD is scheduled for Sat Oct 29 16:16:27 PDT 2016"
"2016-10-29 00:14:57 PDT","I","test2@match_com","SurveyManagerService","Prompt KEY_SALIVA_AFTERNOON_4TO430_CHILD is in the future - Sat Oct 29 16:16:27 PDT 2016"
"2016-10-29 00:14:57 PDT","I","test2@match_com","SurveyManagerService","KEY_SALIVA_BEDTIME is scheduled for Sat Oct 29 21:46:57 PDT 2016"
"2016-10-29 00:14:57 PDT","I","test2@match_com","SurveyManagerService","Prompt KEY_SALIVA_BEDTIME is in the future - Sat Oct 29 21:46:57 PDT 2016"
"2016-10-29 00:14:57 PDT","I","test2@match_com","MinuteService","Inside onDestroy"
"2016-10-29 00:14:57 PDT","I","test2@match_com","UploadManagerService","Inside onDestroy"
"2016-10-29 00:14:57 PDT","I","test2@match_com","SurveyManagerService","Inside onDestroy"
"2016-10-29 00:14:57 PDT","I","test2@match_com","Zipper","unzipFileWithEncryption"
"2016-10-29 00:14:57 PDT","I","test2@match_com","Zipper","Deleting File - /storage/emulated/0/.MATCH/data/2016-10-29/00-PDT/GPS.csv.zip"
"2016-10-29 00:14:57 PDT","I","test2@match_com","Zipper","zipFileWithEncryption - /storage/emulated/0/.MATCH/data/2016-10-29/00-PDT/GPS.csv"
"2016-10-29 00:14:57 PDT","I","test2@match_com","Zipper","Creating ZipFile - /storage/emulated/0/.MATCH/data/2016-10-29/00-PDT/GPS.csv.zip"
"2016-10-29 00:14:57 PDT","I","test2@match_com","Zipper","Deleting File - /storage/emulated/0/.MATCH/data/2016-10-29/00-PDT/GPS.csv"
"2016-10-29 00:15:01 PDT","I","test2@match_com","UploadManagerService","Inside onCreate"
"2016-10-29 00:15:01 PDT","I","test2@match_com","UploadManagerService","Processing Logs"
"2016-10-29 00:15:01 PDT","I","test2@match_com","UploadManagerService","Processing Logs for Date - /storage/emulated/0/.MATCH/logs/2016-10-26"
"2016-10-29 00:15:01 PDT","I","test2@match_com","UploadManagerService","Processing Logs for Date - /storage/emulated/0/.MATCH/logs/2016-10-27"
"2016-10-29 00:15:01 PDT","I","test2@match_com","UploadManagerService","Processing Logs for Date - /storage/emulated/0/.MATCH/logs/2016-10-28"
"2016-10-29 00:15:01 PDT","I","test2@match_com","UploadManagerService","Processing Logs for Date - /storage/emulated/0/.MATCH/logs/2016-10-29"
"2016-10-29 00:15:01 PDT","I","test2@match_com","UploadManagerService","Processing Surveys"
"2016-10-29 00:15:01 PDT","I","test2@match_com","UploadManagerService","Processing Data files"
"2016-10-29 00:15:01 PDT","I","test2@match_com","UploadManagerService","Processing data for date - /storage/emulated/0/.MATCH/data/2016-10-26"
"2016-10-29 00:15:01 PDT","I","test2@match_com","UploadManagerService","Processing data for hour /storage/emulated/0/.MATCH/data/2016-10-26/19-PDT.zip.uploaded"
"2016-10-29 00:15:01 PDT","I","test2@match_com","UploadManagerService","Processing data for hour /storage/emulated/0/.MATCH/data/2016-10-26/13-PDT.zip.uploaded"
"2016-10-29 00:15:01 PDT","I","test2@match_com","UploadManagerService","Processing data for hour /storage/emulated/0/.MATCH/data/2016-10-26/14-PDT.zip.uploaded"
"2016-10-29 00:15:01 PDT","I","test2@match_com","UploadManagerService","Processing data for hour /storage/emulated/0/.MATCH/data/2016-10-26/15-PDT.zip.uploaded"
"2016-10-29 00:15:01 PDT","I","test2@match_com","UploadManagerService","Processing data for hour /storage/emulated/0/.MATCH/data/2016-10-26/16-PDT.zip.uploaded"
"2016-10-29 00:15:01 PDT","I","test2@match_com","UploadManagerService","Processing data for hour /storage/emulated/0/.MATCH/data/2016-10-26/17-PDT.zip.uploaded"
"2016-10-29 00:15:01 PDT","I","test2@match_com","UploadManagerService","Processing data for hour /storage/emulated/0/.MATCH/data/2016-10-26/21-PDT.zip.uploaded"
"2016-10-29 00:15:01 PDT","I","test2@match_com","UploadManagerService","Processing data for hour /storage/emulated/0/.MATCH/data/2016-10-26/22-PDT.zip.uploaded"
"2016-10-29 00:15:01 PDT","I","test2@match_com","UploadManagerService","Processing data for hour /storage/emulated/0/.MATCH/data/2016-10-26/18-PDT.zip.uploaded"
"2016-10-29 00:15:01 PDT","I","test2@match_com","UploadManagerService","Processing data for hour /storage/emulated/0/.MATCH/data/2016-10-26/20-PDT.zip.uploaded"
"2016-10-29 00:15:01 PDT","I","test2@match_com","UploadManagerService","Processing data for hour /storage/emulated/0/.MATCH/data/2016-10-26/23-PDT.zip.uploaded"
"2016-10-29 00:15:01 PDT","I","test2@match_com","UploadManagerService","Processing data for date - /storage/emulated/0/.MATCH/data/2016-10-27"
"2016-10-29 00:15:01 PDT","I","test2@match_com","UploadManagerService","Processing data for hour /storage/emulated/0/.MATCH/data/2016-10-27/01-PDT.zip.uploaded"
"2016-10-29 00:15:01 PDT","I","test2@match_com","UploadManagerService","Processing data for hour /storage/emulated/0/.MATCH/data/2016-10-27/03-PDT.zip.uploaded"
"2016-10-29 00:15:01 PDT","I","test2@match_com","UploadManagerService","Processing data for hour /storage/emulated/0/.MATCH/data/2016-10-27/04-PDT.zip.uploaded"
"2016-10-29 00:15:01 PDT","I","test2@match_com","UploadManagerService","Processing data for hour /storage/emulated/0/.MATCH/data/2016-10-27/06-PDT.zip.uploaded"
"2016-10-29 00:15:01 PDT","I","test2@match_com","UploadManagerService","Processing data for hour /storage/emulated/0/.MATCH/data/2016-10-27/00-PDT.zip.uploaded"
"2016-10-29 00:15:01 PDT","I","test2@match_com","UploadManagerService","Processing data for hour /storage/emulated/0/.MATCH/data/2016-10-27/02-PDT.zip.uploaded"
"2016-10-29 00:15:01 PDT","I","test2@match_com","UploadManagerService","Processing data for hour /storage/emulated/0/.MATCH/data/2016-10-27/05-PDT.zip.uploaded"
"2016-10-29 00:15:01 PDT","I","test2@match_com","UploadManagerService","Processing data for date - /storage/emulated/0/.MATCH/data/2016-10-28"
"2016-10-29 00:15:01 PDT","I","test2@match_com","UploadManagerService","Processing data for hour /storage/emulated/0/.MATCH/data/2016-10-28/13-PDT.zip"
"2016-10-29 00:15:01 PDT","I","test2@match_com","UploadManagerService","Processing data for hour /storage/emulated/0/.MATCH/data/2016-10-28/14-PDT.zip"
"2016-10-29 00:15:01 PDT","I","test2@match_com","UploadManagerService","Processing data for hour /storage/emulated/0/.MATCH/data/2016-10-28/15-PDT.zip"
"2016-10-29 00:15:01 PDT","I","test2@match_com","UploadManagerService","Processing data for hour /storage/emulated/0/.MATCH/data/2016-10-28/16-PDT.zip"
"2016-10-29 00:15:01 PDT","I","test2@match_com","UploadManagerService","Processing data for hour /storage/emulated/0/.MATCH/data/2016-10-28/17-PDT.zip"
"2016-10-29 00:15:01 PDT","I","test2@match_com","UploadManagerService","Processing data for hour /storage/emulated/0/.MATCH/data/2016-10-28/18-PDT.zip"
"2016-10-29 00:15:01 PDT","I","test2@match_com","UploadManagerService","Processing data for hour /storage/emulated/0/.MATCH/data/2016-10-28/19-PDT.zip"
"2016-10-29 00:15:01 PDT","I","test2@match_com","UploadManagerService","Processing data for hour /storage/emulated/0/.MATCH/data/2016-10-28/20-PDT.zip"
"2016-10-29 00:15:01 PDT","I","test2@match_com","UploadManagerService","Processing data for hour /storage/emulated/0/.MATCH/data/2016-10-28/21-PDT.zip"
"2016-10-29 00:15:01 PDT","I","test2@match_com","UploadManagerService","Processing data for hour /storage/emulated/0/.MATCH/data/2016-10-28/22-PDT.zip"
"2016-10-29 00:15:01 PDT","I","test2@match_com","UploadManagerService","Processing data for hour /storage/emulated/0/.MATCH/data/2016-10-28/23-PDT.zip"
"2016-10-29 00:15:01 PDT","I","test2@match_com","UploadManagerService","Processing data for date - /storage/emulated/0/.MATCH/data/2016-10-29"
"2016-10-29 00:15:01 PDT","I","test2@match_com","UploadManagerService","Processing data for hour /storage/emulated/0/.MATCH/data/2016-10-29/00-PDT"
"2016-10-29 00:15:01 PDT","I","test2@match_com","UploadManagerService","Internet is not connected. Not trying to upload files."
"2016-10-29 00:15:01 PDT","I","test2@match_com","MinuteService","Inside onCreate"
"2016-10-29 00:15:01 PDT","I","test2@match_com","MinuteService","Minute Service Alarm was set by - MinuteService"
"2016-10-29 00:15:01 PDT","I","test2@match_com","MinuteService","Time since previous run - 5"
"2016-10-29 00:15:01 PDT","I","test2@match_com","MinuteService","Previous run within last 50 seconds, ignoring this run"
"2016-10-29 00:15:01 PDT","I","test2@match_com","UploadManagerService","Inside onDestroy"
"2016-10-29 00:15:01 PDT","I","test2@match_com","MinuteService","Inside onDestroy"
"2016-10-29 00:15:01 PDT","I","test2@match_com","BackupMinuteService","Inside onCreate"
"2016-10-29 00:15:01 PDT","I","test2@match_com","Util","Inside setBackupMinuteServiceAlarm"
"2016-10-29 00:15:01 PDT","I","test2@match_com","Util","BackupMinuteService last run at - Sat Oct 29 00:15:01 PDT 2016"
"2016-10-29 00:15:01 PDT","I","test2@match_com","Util","BackupMinuteService next run at - Sat Oct 29 00:16:01 PDT 2016"
"2016-10-29 00:15:01 PDT","I","test2@match_com","MinuteService","Inside onCreate"
"2016-10-29 00:15:01 PDT","I","test2@match_com","MinuteService","Minute Service Alarm was set by - MinuteService"
"2016-10-29 00:15:01 PDT","I","test2@match_com","MinuteService","Time since previous run - 5"
"2016-10-29 00:15:01 PDT","I","test2@match_com","MinuteService","Previous run within last 50 seconds, ignoring this run"
"2016-10-29 00:15:01 PDT","I","test2@match_com","BackupMinuteService","Inside onDestroy"
"2016-10-29 00:15:01 PDT","I","test2@match_com","MinuteService","Inside onDestroy"
"2016-10-29 00:15:01 PDT","I","test2@match_com","AlwaysOnService","Received Intent - android.intent.action.TIME_TICK"
"2016-10-29 00:15:23 PDT","I","test2@match_com","AlwaysOnService","Received Intent - android.intent.action.BATTERY_CHANGED"
"2016-10-29 00:15:56 PDT","I","test2@match_com","MinuteService","Inside onCreate"
"2016-10-29 00:15:56 PDT","I","test2@match_com","MinuteService","Minute Service Alarm was set by - MinuteService"
"2016-10-29 00:15:56 PDT","I","test2@match_com","MinuteService","Time since previous run - 60"
"2016-10-29 00:15:56 PDT","I","test2@match_com","MinuteService","Setting Minute Service Last Run"
"2016-10-29 00:15:56 PDT","I","test2@match_com","MinuteService","Setting Minute Service Alarm"
"2016-10-29 00:15:56 PDT","I","test2@match_com","Util","Inside setMinuteServiceAlarmFromMinuteService"
"2016-10-29 00:15:56 PDT","I","test2@match_com","Util","MinuteService last run at - Sat Oct 29 00:15:56 PDT 2016"
"2016-10-29 00:15:56 PDT","I","test2@match_com","Util","MinuteService next run at - Sat Oct 29 00:16:56 PDT 2016"
"2016-10-29 00:15:56 PDT","I","test2@match_com","MinuteService","Setting Minute Service Backup Alarm"
"2016-10-29 00:15:56 PDT","I","test2@match_com","Util","Inside setBackupMinuteServiceAlarm"
"2016-10-29 00:15:56 PDT","I","test2@match_com","Util","BackupMinuteService last run at - Sat Oct 29 00:15:01 PDT 2016"
"2016-10-29 00:15:56 PDT","I","test2@match_com","Util","BackupMinuteService next run at - Sat Oct 29 00:16:01 PDT 2016"
"2016-10-29 00:15:56 PDT","I","test2@match_com","MinuteService","Initializing MATCHConstants"
"2016-10-29 00:15:56 PDT","I","test2@match_com","MinuteService","Notifying user about minute service run"
"2016-10-29 00:15:56 PDT","I","test2@match_com","MinuteService","Writing status to Firebase Database"
"2016-10-29 00:15:56 PDT","I","test2@match_com","MinuteService","Logging Network Status"
"2016-10-29 00:15:56 PDT","I","test2@match_com","ConnectivityManager","isConnected - false - isWifi - false - isMobileInternet - false"
"2016-10-29 00:15:56 PDT","I","test2@match_com","MinuteService","Logging Battery Status"
"2016-10-29 00:15:56 PDT","I","test2@match_com","BatteryManager","Percentage - 81 - isCharging - true - isUSBCharging - false - isACCharging - true - isWirelessCharging - false"
"2016-10-29 00:15:56 PDT","I","test2@match_com","MinuteService","Logging Memory Status"
"2016-10-29 00:15:56 PDT","I","test2@match_com","MemoryManager","Total Memory,898,Available Memory,413,Threshold Memory,144,IsLowMemory,false"
"2016-10-29 00:15:56 PDT","I","test2@match_com","MinuteService","Logging Storage Status"
"2016-10-29 00:15:56 PDT","I","test2@match_com","StorageManager","Internal Total,2247,Internal Free,589,External Total,4637,External Free,3937"
"2016-10-29 00:15:56 PDT","I","test2@match_com","MinuteService","Logging Power Status"
"2016-10-29 00:15:56 PDT","I","test2@match_com","PowerManager","isDeviceIdleMode - false - isInteractive - false - isPowerSaveMode - false - isSustainedPerformanceModeSupported - false"
"2016-10-29 00:15:56 PDT","I","test2@match_com","MinuteService","Logging Notifications Status"
"2016-10-29 00:15:56 PDT","I","test2@match_com","NotificationManager","AreNotificationsEnabled - true - Importance - Unspecified"
"2016-10-29 00:15:56 PDT","I","test2@match_com","MinuteService","Logging Location"
"2016-10-29 00:15:56 PDT","I","test2@match_com","MinuteService","Fetching latest study data"
"2016-10-29 00:15:56 PDT","I","test2@match_com","MinuteService","Starting UploadManagerService"
"2016-10-29 00:15:56 PDT","I","test2@match_com","MinuteService","Starting SurveyManagerService"
"2016-10-29 00:15:56 PDT","I","test2@match_com","UploadManagerService","Inside onCreate"
"2016-10-29 00:15:56 PDT","I","test2@match_com","UploadManagerService","Processing Logs"
"2016-10-29 00:15:56 PDT","I","test2@match_com","UploadManagerService","Processing Logs for Date - /storage/emulated/0/.MATCH/logs/2016-10-26"
"2016-10-29 00:15:56 PDT","I","test2@match_com","UploadManagerService","Processing Logs for Date - /storage/emulated/0/.MATCH/logs/2016-10-27"
"2016-10-29 00:15:56 PDT","I","test2@match_com","UploadManagerService","Processing Logs for Date - /storage/emulated/0/.MATCH/logs/2016-10-28"
"2016-10-29 00:15:56 PDT","I","test2@match_com","UploadManagerService","Processing Logs for Date - /storage/emulated/0/.MATCH/logs/2016-10-29"
"2016-10-29 00:15:56 PDT","I","test2@match_com","UploadManagerService","Processing Surveys"
"2016-10-29 00:15:56 PDT","I","test2@match_com","UploadManagerService","Processing Data files"
"2016-10-29 00:15:56 PDT","I","test2@match_com","UploadManagerService","Processing data for date - /storage/emulated/0/.MATCH/data/2016-10-26"
"2016-10-29 00:15:56 PDT","I","test2@match_com","UploadManagerService","Processing data for hour /storage/emulated/0/.MATCH/data/2016-10-26/19-PDT.zip.uploaded"
"2016-10-29 00:15:56 PDT","I","test2@match_com","UploadManagerService","Processing data for hour /storage/emulated/0/.MATCH/data/2016-10-26/13-PDT.zip.uploaded"
"2016-10-29 00:15:56 PDT","I","test2@match_com","UploadManagerService","Processing data for hour /storage/emulated/0/.MATCH/data/2016-10-26/14-PDT.zip.uploaded"
"2016-10-29 00:15:56 PDT","I","test2@match_com","UploadManagerService","Processing data for hour /storage/emulated/0/.MATCH/data/2016-10-26/15-PDT.zip.uploaded"
"2016-10-29 00:15:56 PDT","I","test2@match_com","UploadManagerService","Processing data for hour /storage/emulated/0/.MATCH/data/2016-10-26/16-PDT.zip.uploaded"
"2016-10-29 00:15:56 PDT","I","test2@match_com","UploadManagerService","Processing data for hour /storage/emulated/0/.MATCH/data/2016-10-26/17-PDT.zip.uploaded"
"2016-10-29 00:15:56 PDT","I","test2@match_com","UploadManagerService","Processing data for hour /storage/emulated/0/.MATCH/data/2016-10-26/21-PDT.zip.uploaded"
"2016-10-29 00:15:56 PDT","I","test2@match_com","UploadManagerService","Processing data for hour /storage/emulated/0/.MATCH/data/2016-10-26/22-PDT.zip.uploaded"
"2016-10-29 00:15:56 PDT","I","test2@match_com","UploadManagerService","Processing data for hour /storage/emulated/0/.MATCH/data/2016-10-26/18-PDT.zip.uploaded"
"2016-10-29 00:15:56 PDT","I","test2@match_com","UploadManagerService","Processing data for hour /storage/emulated/0/.MATCH/data/2016-10-26/20-PDT.zip.uploaded"
"2016-10-29 00:15:56 PDT","I","test2@match_com","UploadManagerService","Processing data for hour /storage/emulated/0/.MATCH/data/2016-10-26/23-PDT.zip.uploaded"
"2016-10-29 00:15:56 PDT","I","test2@match_com","UploadManagerService","Processing data for date - /storage/emulated/0/.MATCH/data/2016-10-27"
"2016-10-29 00:15:56 PDT","I","test2@match_com","UploadManagerService","Processing data for hour /storage/emulated/0/.MATCH/data/2016-10-27/01-PDT.zip.uploaded"
"2016-10-29 00:15:56 PDT","I","test2@match_com","UploadManagerService","Processing data for hour /storage/emulated/0/.MATCH/data/2016-10-27/03-PDT.zip.uploaded"
"2016-10-29 00:15:56 PDT","I","test2@match_com","UploadManagerService","Processing data for hour /storage/emulated/0/.MATCH/data/2016-10-27/04-PDT.zip.uploaded"
"2016-10-29 00:15:56 PDT","I","test2@match_com","UploadManagerService","Processing data for hour /storage/emulated/0/.MATCH/data/2016-10-27/06-PDT.zip.uploaded"
"2016-10-29 00:15:56 PDT","I","test2@match_com","UploadManagerService","Processing data for hour /storage/emulated/0/.MATCH/data/2016-10-27/00-PDT.zip.uploaded"
"2016-10-29 00:15:56 PDT","I","test2@match_com","UploadManagerService","Processing data for hour /storage/emulated/0/.MATCH/data/2016-10-27/02-PDT.zip.uploaded"
"2016-10-29 00:15:56 PDT","I","test2@match_com","UploadManagerService","Processing data for hour /storage/emulated/0/.MATCH/data/2016-10-27/05-PDT.zip.uploaded"
"2016-10-29 00:15:56 PDT","I","test2@match_com","UploadManagerService","Processing data for date - /storage/emulated/0/.MATCH/data/2016-10-28"
"2016-10-29 00:15:56 PDT","I","test2@match_com","UploadManagerService","Processing data for hour /storage/emulated/0/.MATCH/data/2016-10-28/13-PDT.zip"
"2016-10-29 00:15:56 PDT","I","test2@match_com","UploadManagerService","Processing data for hour /storage/emulated/0/.MATCH/data/2016-10-28/14-PDT.zip"
"2016-10-29 00:15:56 PDT","I","test2@match_com","UploadManagerService","Processing data for hour /storage/emulated/0/.MATCH/data/2016-10-28/15-PDT.zip"
"2016-10-29 00:15:56 PDT","I","test2@match_com","UploadManagerService","Processing data for hour /storage/emulated/0/.MATCH/data/2016-10-28/16-PDT.zip"
"2016-10-29 00:15:56 PDT","I","test2@match_com","UploadManagerService","Processing data for hour /storage/emulated/0/.MATCH/data/2016-10-28/17-PDT.zip"
"2016-10-29 00:15:56 PDT","I","test2@match_com","UploadManagerService","Processing data for hour /storage/emulated/0/.MATCH/data/2016-10-28/18-PDT.zip"
"2016-10-29 00:15:56 PDT","I","test2@match_com","UploadManagerService","Processing data for hour /storage/emulated/0/.MATCH/data/2016-10-28/19-PDT.zip"
"2016-10-29 00:15:56 PDT","I","test2@match_com","UploadManagerService","Processing data for hour /storage/emulated/0/.MATCH/data/2016-10-28/20-PDT.zip"
"2016-10-29 00:15:56 PDT","I","test2@match_com","UploadManagerService","Processing data for hour /storage/emulated/0/.MATCH/data/2016-10-28/21-PDT.zip"
"2016-10-29 00:15:56 PDT","I","test2@match_com","UploadManagerService","Processing data for hour /storage/emulated/0/.MATCH/data/2016-10-28/22-PDT.zip"
"2016-10-29 00:15:56 PDT","I","test2@match_com","UploadManagerService","Processing data for hour /storage/emulated/0/.MATCH/data/2016-10-28/23-PDT.zip"
"2016-10-29 00:15:56 PDT","I","test2@match_com","UploadManagerService","Processing data for date - /storage/emulated/0/.MATCH/data/2016-10-29"
"2016-10-29 00:15:56 PDT","I","test2@match_com","UploadManagerService","Processing data for hour /storage/emulated/0/.MATCH/data/2016-10-29/00-PDT"
"2016-10-29 00:15:56 PDT","I","test2@match_com","UploadManagerService","Internet is not connected. Not trying to upload files."
"2016-10-29 00:15:56 PDT","I","test2@match_com","SurveyManagerService","Inside onCreate"
"2016-10-29 00:15:56 PDT","I","test2@match_com","SurveyManagerService","Current time is - Sat Oct 29 00:15:56 PDT 2016"
"2016-10-29 00:15:56 PDT","I","test2@match_com","SurveyManagerService","Start Date is - Tue Oct 25 19:00:00 PDT 2016"
"2016-10-29 00:15:56 PDT","I","test2@match_com","SurveyManagerService","End Date is - Tue Nov 01 16:00:00 PDT 2016"
"2016-10-29 00:15:56 PDT","I","test2@match_com","SurveyManagerService","Scheduling Survey for - KEY_EMA_0730TO0800_CHILD"
"2016-10-29 00:15:56 PDT","I","test2@match_com","SurveyManagerService","Survey KEY_EMA_0730TO0800_CHILD is already scheduled"
"2016-10-29 00:15:56 PDT","I","test2@match_com","SurveyManagerService","Scheduling Survey for - KEY_EMA_0930TO1000_CHILD"
"2016-10-29 00:15:57 PDT","I","test2@match_com","SurveyManagerService","Survey KEY_EMA_0930TO1000_CHILD is already scheduled"
"2016-10-29 00:15:57 PDT","I","test2@match_com","SurveyManagerService","Scheduling Survey for - KEY_EMA_1130TO1200_CHILD"
"2016-10-29 00:15:57 PDT","I","test2@match_com","SurveyManagerService","Survey KEY_EMA_1130TO1200_CHILD is already scheduled"
"2016-10-29 00:15:57 PDT","I","test2@match_com","SurveyManagerService","Scheduling Survey for - KEY_EMA_1330TO1400_CHILD"
"2016-10-29 00:15:57 PDT","I","test2@match_com","SurveyManagerService","Survey KEY_EMA_1330TO1400_CHILD is already scheduled"
"2016-10-29 00:15:57 PDT","I","test2@match_com","SurveyManagerService","Scheduling Survey for - KEY_EMA_1530TO1600_CHILD"
"2016-10-29 00:15:57 PDT","I","test2@match_com","SurveyManagerService","Survey KEY_EMA_1530TO1600_CHILD is already scheduled"
"2016-10-29 00:15:57 PDT","I","test2@match_com","SurveyManagerService","Scheduling Survey for - KEY_EMA_1730TO1800_CHILD"
"2016-10-29 00:15:57 PDT","I","test2@match_com","SurveyManagerService","Survey KEY_EMA_1730TO1800_CHILD is already scheduled"
"2016-10-29 00:15:57 PDT","I","test2@match_com","SurveyManagerService","Scheduling Survey for - KEY_EMA_1930TO2000_CHILD"
"2016-10-29 00:15:57 PDT","I","test2@match_com","SurveyManagerService","Survey KEY_EMA_1930TO2000_CHILD is already scheduled"
"2016-10-29 00:15:57 PDT","I","test2@match_com","SurveyManagerService","Saliva surveys are already scheduled"
"2016-10-29 00:15:57 PDT","I","test2@match_com","SurveyManagerService","Survey KEY_SALIVA_BEDTIME scheduled for Sat Oct 29 21:46:57 PDT 2016"
"2016-10-29 00:15:57 PDT","I","test2@match_com","SurveyManagerService","Survey Schedule for KEY_EMA_0730TO0800_CHILD is Sat Oct 29 07:47:17 PDT 2016"
"2016-10-29 00:15:57 PDT","I","test2@match_com","SurveyManagerService","Still not time to prompt the survey"
"2016-10-29 00:15:57 PDT","I","test2@match_com","SurveyManagerService","Survey Schedule for KEY_EMA_0930TO1000_CHILD is Sat Oct 29 09:57:24 PDT 2016"
"2016-10-29 00:15:57 PDT","I","test2@match_com","SurveyManagerService","Still not time to prompt the survey"
"2016-10-29 00:15:57 PDT","I","test2@match_com","SurveyManagerService","Survey Schedule for KEY_EMA_1130TO1200_CHILD is Sat Oct 29 11:45:10 PDT 2016"
"2016-10-29 00:15:57 PDT","I","test2@match_com","SurveyManagerService","Still not time to prompt the survey"
"2016-10-29 00:15:57 PDT","I","test2@match_com","SurveyManagerService","Survey Schedule for KEY_EMA_1330TO1400_CHILD is Sat Oct 29 13:44:02 PDT 2016"
"2016-10-29 00:15:57 PDT","I","test2@match_com","SurveyManagerService","Still not time to prompt the survey"
"2016-10-29 00:15:57 PDT","I","test2@match_com","SurveyManagerService","Survey Schedule for KEY_EMA_1530TO1600_CHILD is Sat Oct 29 15:33:41 PDT 2016"
"2016-10-29 00:15:57 PDT","I","test2@match_com","SurveyManagerService","Still not time to prompt the survey"
"2016-10-29 00:15:57 PDT","I","test2@match_com","SurveyManagerService","Survey Schedule for KEY_EMA_1730TO1800_CHILD is Sat Oct 29 17:47:43 PDT 2016"
"2016-10-29 00:15:57 PDT","I","test2@match_com","SurveyManagerService","Still not time to prompt the survey"
"2016-10-29 00:15:57 PDT","I","test2@match_com","SurveyManagerService","Survey Schedule for KEY_EMA_1930TO2000_CHILD is Sat Oct 29 19:36:11 PDT 2016"
"2016-10-29 00:15:57 PDT","I","test2@match_com","SurveyManagerService","Still not time to prompt the survey"
"2016-10-29 00:15:57 PDT","I","test2@match_com","SurveyManagerService","KEY_SALIVA_WAKING is scheduled for Sat Oct 29 06:46:56 PDT 2016"
"2016-10-29 00:15:57 PDT","I","test2@match_com","SurveyManagerService","Prompt KEY_SALIVA_WAKING is in the future - Sat Oct 29 06:46:56 PDT 2016"
"2016-10-29 00:15:57 PDT","I","test2@match_com","SurveyManagerService","KEY_SALIVA_WAKING_PLUS_30 is scheduled for Sat Oct 29 07:16:56 PDT 2016"
"2016-10-29 00:15:57 PDT","I","test2@match_com","SurveyManagerService","Prompt KEY_SALIVA_WAKING_PLUS_30 is in the future - Sat Oct 29 07:16:56 PDT 2016"
"2016-10-29 00:15:57 PDT","I","test2@match_com","SurveyManagerService","KEY_SALIVA_AFTERNOON_4TO430_CHILD is scheduled for Sat Oct 29 16:16:27 PDT 2016"
"2016-10-29 00:15:57 PDT","I","test2@match_com","SurveyManagerService","Prompt KEY_SALIVA_AFTERNOON_4TO430_CHILD is in the future - Sat Oct 29 16:16:27 PDT 2016"
"2016-10-29 00:15:57 PDT","I","test2@match_com","SurveyManagerService","KEY_SALIVA_BEDTIME is scheduled for Sat Oct 29 21:46:57 PDT 2016"
"2016-10-29 00:15:57 PDT","I","test2@match_com","SurveyManagerService","Prompt KEY_SALIVA_BEDTIME is in the future - Sat Oct 29 21:46:57 PDT 2016"
"2016-10-29 00:15:57 PDT","I","test2@match_com","MinuteService","Inside onDestroy"
"2016-10-29 00:15:57 PDT","I","test2@match_com","UploadManagerService","Inside onDestroy"
"2016-10-29 00:15:57 PDT","I","test2@match_com","SurveyManagerService","Inside onDestroy"
"2016-10-29 00:15:57 PDT","I","test2@match_com","Zipper","unzipFileWithEncryption"
"2016-10-29 00:15:57 PDT","I","test2@match_com","Zipper","Deleting File - /storage/emulated/0/.MATCH/data/2016-10-29/00-PDT/GPS.csv.zip"
"2016-10-29 00:15:57 PDT","I","test2@match_com","Zipper","zipFileWithEncryption - /storage/emulated/0/.MATCH/data/2016-10-29/00-PDT/GPS.csv"
"2016-10-29 00:15:57 PDT","I","test2@match_com","Zipper","Creating ZipFile - /storage/emulated/0/.MATCH/data/2016-10-29/00-PDT/GPS.csv.zip"
"2016-10-29 00:15:57 PDT","I","test2@match_com","Zipper","Deleting File - /storage/emulated/0/.MATCH/data/2016-10-29/00-PDT/GPS.csv"
"2016-10-29 00:16:01 PDT","I","test2@match_com","UploadManagerService","Inside onCreate"
"2016-10-29 00:16:01 PDT","I","test2@match_com","UploadManagerService","Processing Logs"
"2016-10-29 00:16:01 PDT","I","test2@match_com","UploadManagerService","Processing Logs for Date - /storage/emulated/0/.MATCH/logs/2016-10-26"
"2016-10-29 00:16:01 PDT","I","test2@match_com","UploadManagerService","Processing Logs for Date - /storage/emulated/0/.MATCH/logs/2016-10-27"
"2016-10-29 00:16:01 PDT","I","test2@match_com","UploadManagerService","Processing Logs for Date - /storage/emulated/0/.MATCH/logs/2016-10-28"
"2016-10-29 00:16:01 PDT","I","test2@match_com","UploadManagerService","Processing Logs for Date - /storage/emulated/0/.MATCH/logs/2016-10-29"
"2016-10-29 00:16:01 PDT","I","test2@match_com","UploadManagerService","Processing Surveys"
"2016-10-29 00:16:01 PDT","I","test2@match_com","UploadManagerService","Processing Data files"
"2016-10-29 00:16:01 PDT","I","test2@match_com","UploadManagerService","Processing data for date - /storage/emulated/0/.MATCH/data/2016-10-26"
"2016-10-29 00:16:01 PDT","I","test2@match_com","UploadManagerService","Processing data for hour /storage/emulated/0/.MATCH/data/2016-10-26/19-PDT.zip.uploaded"
"2016-10-29 00:16:01 PDT","I","test2@match_com","UploadManagerService","Processing data for hour /storage/emulated/0/.MATCH/data/2016-10-26/13-PDT.zip.uploaded"
"2016-10-29 00:16:01 PDT","I","test2@match_com","UploadManagerService","Processing data for hour /storage/emulated/0/.MATCH/data/2016-10-26/14-PDT.zip.uploaded"
"2016-10-29 00:16:01 PDT","I","test2@match_com","UploadManagerService","Processing data for hour /storage/emulated/0/.MATCH/data/2016-10-26/15-PDT.zip.uploaded"
"2016-10-29 00:16:01 PDT","I","test2@match_com","UploadManagerService","Processing data for hour /storage/emulated/0/.MATCH/data/2016-10-26/16-PDT.zip.uploaded"
"2016-10-29 00:16:01 PDT","I","test2@match_com","UploadManagerService","Processing data for hour /storage/emulated/0/.MATCH/data/2016-10-26/17-PDT.zip.uploaded"
"2016-10-29 00:16:01 PDT","I","test2@match_com","UploadManagerService","Processing data for hour /storage/emulated/0/.MATCH/data/2016-10-26/21-PDT.zip.uploaded"
"2016-10-29 00:16:01 PDT","I","test2@match_com","UploadManagerService","Processing data for hour /storage/emulated/0/.MATCH/data/2016-10-26/22-PDT.zip.uploaded"
"2016-10-29 00:16:01 PDT","I","test2@match_com","UploadManagerService","Processing data for hour /storage/emulated/0/.MATCH/data/2016-10-26/18-PDT.zip.uploaded"
"2016-10-29 00:16:01 PDT","I","test2@match_com","UploadManagerService","Processing data for hour /storage/emulated/0/.MATCH/data/2016-10-26/20-PDT.zip.uploaded"
"2016-10-29 00:16:01 PDT","I","test2@match_com","UploadManagerService","Processing data for hour /storage/emulated/0/.MATCH/data/2016-10-26/23-PDT.zip.uploaded"
"2016-10-29 00:16:01 PDT","I","test2@match_com","UploadManagerService","Processing data for date - /storage/emulated/0/.MATCH/data/2016-10-27"
"2016-10-29 00:16:01 PDT","I","test2@match_com","UploadManagerService","Processing data for hour /storage/emulated/0/.MATCH/data/2016-10-27/01-PDT.zip.uploaded"
"2016-10-29 00:16:01 PDT","I","test2@match_com","UploadManagerService","Processing data for hour /storage/emulated/0/.MATCH/data/2016-10-27/03-PDT.zip.uploaded"
"2016-10-29 00:16:01 PDT","I","test2@match_com","UploadManagerService","Processing data for hour /storage/emulated/0/.MATCH/data/2016-10-27/04-PDT.zip.uploaded"
"2016-10-29 00:16:01 PDT","I","test2@match_com","UploadManagerService","Processing data for hour /storage/emulated/0/.MATCH/data/2016-10-27/06-PDT.zip.uploaded"
"2016-10-29 00:16:01 PDT","I","test2@match_com","UploadManagerService","Processing data for hour /storage/emulated/0/.MATCH/data/2016-10-27/00-PDT.zip.uploaded"
"2016-10-29 00:16:01 PDT","I","test2@match_com","UploadManagerService","Processing data for hour /storage/emulated/0/.MATCH/data/2016-10-27/02-PDT.zip.uploaded"
"2016-10-29 00:16:01 PDT","I","test2@match_com","UploadManagerService","Processing data for hour /storage/emulated/0/.MATCH/data/2016-10-27/05-PDT.zip.uploaded"
"2016-10-29 00:16:01 PDT","I","test2@match_com","UploadManagerService","Processing data for date - /storage/emulated/0/.MATCH/data/2016-10-28"
"2016-10-29 00:16:01 PDT","I","test2@match_com","UploadManagerService","Processing data for hour /storage/emulated/0/.MATCH/data/2016-10-28/13-PDT.zip"
"2016-10-29 00:16:01 PDT","I","test2@match_com","UploadManagerService","Processing data for hour /storage/emulated/0/.MATCH/data/2016-10-28/14-PDT.zip"
"2016-10-29 00:16:01 PDT","I","test2@match_com","UploadManagerService","Processing data for hour /storage/emulated/0/.MATCH/data/2016-10-28/15-PDT.zip"
"2016-10-29 00:16:01 PDT","I","test2@match_com","UploadManagerService","Processing data for hour /storage/emulated/0/.MATCH/data/2016-10-28/16-PDT.zip"
"2016-10-29 00:16:01 PDT","I","test2@match_com","UploadManagerService","Processing data for hour /storage/emulated/0/.MATCH/data/2016-10-28/17-PDT.zip"
"2016-10-29 00:16:01 PDT","I","test2@match_com","UploadManagerService","Processing data for hour /storage/emulated/0/.MATCH/data/2016-10-28/18-PDT.zip"
"2016-10-29 00:16:01 PDT","I","test2@match_com","UploadManagerService","Processing data for hour /storage/emulated/0/.MATCH/data/2016-10-28/19-PDT.zip"
"2016-10-29 00:16:01 PDT","I","test2@match_com","UploadManagerService","Processing data for hour /storage/emulated/0/.MATCH/data/2016-10-28/20-PDT.zip"
"2016-10-29 00:16:01 PDT","I","test2@match_com","UploadManagerService","Processing data for hour /storage/emulated/0/.MATCH/data/2016-10-28/21-PDT.zip"
"2016-10-29 00:16:01 PDT","I","test2@match_com","UploadManagerService","Processing data for hour /storage/emulated/0/.MATCH/data/2016-10-28/22-PDT.zip"
"2016-10-29 00:16:01 PDT","I","test2@match_com","UploadManagerService","Processing data for hour /storage/emulated/0/.MATCH/data/2016-10-28/23-PDT.zip"
"2016-10-29 00:16:01 PDT","I","test2@match_com","UploadManagerService","Processing data for date - /storage/emulated/0/.MATCH/data/2016-10-29"
"2016-10-29 00:16:01 PDT","I","test2@match_com","UploadManagerService","Processing data for hour /storage/emulated/0/.MATCH/data/2016-10-29/00-PDT"
"2016-10-29 00:16:01 PDT","I","test2@match_com","UploadManagerService","Internet is not connected. Not trying to upload files."
"2016-10-29 00:16:01 PDT","I","test2@match_com","MinuteService","Inside onCreate"
"2016-10-29 00:16:01 PDT","I","test2@match_com","MinuteService","Minute Service Alarm was set by - MinuteService"
"2016-10-29 00:16:01 PDT","I","test2@match_com","MinuteService","Time since previous run - 5"
"2016-10-29 00:16:01 PDT","I","test2@match_com","MinuteService","Previous run within last 50 seconds, ignoring this run"
"2016-10-29 00:16:01 PDT","I","test2@match_com","UploadManagerService","Inside onDestroy"
"2016-10-29 00:16:01 PDT","I","test2@match_com","MinuteService","Inside onDestroy"
"2016-10-29 00:16:01 PDT","I","test2@match_com","BackupMinuteService","Inside onCreate"
"2016-10-29 00:16:01 PDT","I","test2@match_com","Util","Inside setBackupMinuteServiceAlarm"
"2016-10-29 00:16:01 PDT","I","test2@match_com","Util","BackupMinuteService last run at - Sat Oct 29 00:16:01 PDT 2016"
"2016-10-29 00:16:01 PDT","I","test2@match_com","Util","BackupMinuteService next run at - Sat Oct 29 00:17:01 PDT 2016"
"2016-10-29 00:16:01 PDT","I","test2@match_com","MinuteService","Inside onCreate"
"2016-10-29 00:16:01 PDT","I","test2@match_com","MinuteService","Minute Service Alarm was set by - MinuteService"
"2016-10-29 00:16:01 PDT","I","test2@match_com","MinuteService","Time since previous run - 5"
"2016-10-29 00:16:01 PDT","I","test2@match_com","MinuteService","Previous run within last 50 seconds, ignoring this run"
"2016-10-29 00:16:01 PDT","I","test2@match_com","BackupMinuteService","Inside onDestroy"
"2016-10-29 00:16:01 PDT","I","test2@match_com","MinuteService","Inside onDestroy"
"2016-10-29 00:16:01 PDT","I","test2@match_com","AlwaysOnService","Received Intent - android.intent.action.TIME_TICK"
"2016-10-29 00:16:23 PDT","I","test2@match_com","AlwaysOnService","Received Intent - android.intent.action.BATTERY_CHANGED"
"2016-10-29 00:16:37 PDT","I","test2@match_com","AlwaysOnService","Received Intent - android.intent.action.BATTERY_CHANGED"
"2016-10-29 00:16:56 PDT","I","test2@match_com","MinuteService","Inside onCreate"
"2016-10-29 00:16:56 PDT","I","test2@match_com","MinuteService","Minute Service Alarm was set by - MinuteService"
"2016-10-29 00:16:56 PDT","I","test2@match_com","MinuteService","Time since previous run - 60"
"2016-10-29 00:16:56 PDT","I","test2@match_com","MinuteService","Setting Minute Service Last Run"
"2016-10-29 00:16:56 PDT","I","test2@match_com","MinuteService","Setting Minute Service Alarm"
"2016-10-29 00:16:56 PDT","I","test2@match_com","Util","Inside setMinuteServiceAlarmFromMinuteService"
"2016-10-29 00:16:56 PDT","I","test2@match_com","Util","MinuteService last run at - Sat Oct 29 00:16:56 PDT 2016"
"2016-10-29 00:16:56 PDT","I","test2@match_com","Util","MinuteService next run at - Sat Oct 29 00:17:56 PDT 2016"
"2016-10-29 00:16:56 PDT","I","test2@match_com","MinuteService","Setting Minute Service Backup Alarm"
"2016-10-29 00:16:56 PDT","I","test2@match_com","Util","Inside setBackupMinuteServiceAlarm"
"2016-10-29 00:16:56 PDT","I","test2@match_com","Util","BackupMinuteService last run at - Sat Oct 29 00:16:01 PDT 2016"
"2016-10-29 00:16:56 PDT","I","test2@match_com","Util","BackupMinuteService next run at - Sat Oct 29 00:17:01 PDT 2016"
"2016-10-29 00:16:56 PDT","I","test2@match_com","MinuteService","Initializing MATCHConstants"
"2016-10-29 00:16:56 PDT","I","test2@match_com","MinuteService","Notifying user about minute service run"
"2016-10-29 00:16:56 PDT","I","test2@match_com","MinuteService","Writing status to Firebase Database"
"2016-10-29 00:16:56 PDT","I","test2@match_com","MinuteService","Logging Network Status"
"2016-10-29 00:16:56 PDT","I","test2@match_com","ConnectivityManager","isConnected - false - isWifi - false - isMobileInternet - false"
"2016-10-29 00:16:56 PDT","I","test2@match_com","MinuteService","Logging Battery Status"
"2016-10-29 00:16:56 PDT","I","test2@match_com","BatteryManager","Percentage - 82 - isCharging - true - isUSBCharging - false - isACCharging - true - isWirelessCharging - false"
"2016-10-29 00:16:56 PDT","I","test2@match_com","MinuteService","Logging Memory Status"
"2016-10-29 00:16:56 PDT","I","test2@match_com","MemoryManager","Total Memory,898,Available Memory,416,Threshold Memory,144,IsLowMemory,false"
"2016-10-29 00:16:56 PDT","I","test2@match_com","MinuteService","Logging Storage Status"
"2016-10-29 00:16:56 PDT","I","test2@match_com","StorageManager","Internal Total,2247,Internal Free,589,External Total,4637,External Free,3937"
"2016-10-29 00:16:56 PDT","I","test2@match_com","MinuteService","Logging Power Status"
"2016-10-29 00:16:56 PDT","I","test2@match_com","PowerManager","isDeviceIdleMode - false - isInteractive - false - isPowerSaveMode - false - isSustainedPerformanceModeSupported - false"
"2016-10-29 00:16:56 PDT","I","test2@match_com","MinuteService","Logging Notifications Status"
"2016-10-29 00:16:56 PDT","I","test2@match_com","NotificationManager","AreNotificationsEnabled - true - Importance - Unspecified"
"2016-10-29 00:16:56 PDT","I","test2@match_com","MinuteService","Logging Location"
"2016-10-29 00:16:56 PDT","I","test2@match_com","MinuteService","Fetching latest study data"
"2016-10-29 00:16:56 PDT","I","test2@match_com","MinuteService","Starting UploadManagerService"
"2016-10-29 00:16:56 PDT","I","test2@match_com","MinuteService","Starting SurveyManagerService"
"2016-10-29 00:16:56 PDT","I","test2@match_com","UploadManagerService","Inside onCreate"
"2016-10-29 00:16:56 PDT","I","test2@match_com","UploadManagerService","Processing Logs"
"2016-10-29 00:16:56 PDT","I","test2@match_com","UploadManagerService","Processing Logs for Date - /storage/emulated/0/.MATCH/logs/2016-10-26"
"2016-10-29 00:16:56 PDT","I","test2@match_com","UploadManagerService","Processing Logs for Date - /storage/emulated/0/.MATCH/logs/2016-10-27"
"2016-10-29 00:16:56 PDT","I","test2@match_com","UploadManagerService","Processing Logs for Date - /storage/emulated/0/.MATCH/logs/2016-10-28"
"2016-10-29 00:16:56 PDT","I","test2@match_com","UploadManagerService","Processing Logs for Date - /storage/emulated/0/.MATCH/logs/2016-10-29"
"2016-10-29 00:16:56 PDT","I","test2@match_com","UploadManagerService","Processing Surveys"
"2016-10-29 00:16:56 PDT","I","test2@match_com","UploadManagerService","Processing Data files"
"2016-10-29 00:16:56 PDT","I","test2@match_com","UploadManagerService","Processing data for date - /storage/emulated/0/.MATCH/data/2016-10-26"
"2016-10-29 00:16:56 PDT","I","test2@match_com","UploadManagerService","Processing data for hour /storage/emulated/0/.MATCH/data/2016-10-26/19-PDT.zip.uploaded"
"2016-10-29 00:16:56 PDT","I","test2@match_com","UploadManagerService","Processing data for hour /storage/emulated/0/.MATCH/data/2016-10-26/13-PDT.zip.uploaded"
"2016-10-29 00:16:56 PDT","I","test2@match_com","UploadManagerService","Processing data for hour /storage/emulated/0/.MATCH/data/2016-10-26/14-PDT.zip.uploaded"
"2016-10-29 00:16:56 PDT","I","test2@match_com","UploadManagerService","Processing data for hour /storage/emulated/0/.MATCH/data/2016-10-26/15-PDT.zip.uploaded"
"2016-10-29 00:16:56 PDT","I","test2@match_com","UploadManagerService","Processing data for hour /storage/emulated/0/.MATCH/data/2016-10-26/16-PDT.zip.uploaded"
"2016-10-29 00:16:56 PDT","I","test2@match_com","UploadManagerService","Processing data for hour /storage/emulated/0/.MATCH/data/2016-10-26/17-PDT.zip.uploaded"
"2016-10-29 00:16:56 PDT","I","test2@match_com","UploadManagerService","Processing data for hour /storage/emulated/0/.MATCH/data/2016-10-26/21-PDT.zip.uploaded"
"2016-10-29 00:16:56 PDT","I","test2@match_com","UploadManagerService","Processing data for hour /storage/emulated/0/.MATCH/data/2016-10-26/22-PDT.zip.uploaded"
"2016-10-29 00:16:56 PDT","I","test2@match_com","UploadManagerService","Processing data for hour /storage/emulated/0/.MATCH/data/2016-10-26/18-PDT.zip.uploaded"
"2016-10-29 00:16:56 PDT","I","test2@match_com","UploadManagerService","Processing data for hour /storage/emulated/0/.MATCH/data/2016-10-26/20-PDT.zip.uploaded"
"2016-10-29 00:16:56 PDT","I","test2@match_com","UploadManagerService","Processing data for hour /storage/emulated/0/.MATCH/data/2016-10-26/23-PDT.zip.uploaded"
"2016-10-29 00:16:56 PDT","I","test2@match_com","UploadManagerService","Processing data for date - /storage/emulated/0/.MATCH/data/2016-10-27"
"2016-10-29 00:16:56 PDT","I","test2@match_com","UploadManagerService","Processing data for hour /storage/emulated/0/.MATCH/data/2016-10-27/01-PDT.zip.uploaded"
"2016-10-29 00:16:56 PDT","I","test2@match_com","UploadManagerService","Processing data for hour /storage/emulated/0/.MATCH/data/2016-10-27/03-PDT.zip.uploaded"
"2016-10-29 00:16:56 PDT","I","test2@match_com","UploadManagerService","Processing data for hour /storage/emulated/0/.MATCH/data/2016-10-27/04-PDT.zip.uploaded"
"2016-10-29 00:16:56 PDT","I","test2@match_com","UploadManagerService","Processing data for hour /storage/emulated/0/.MATCH/data/2016-10-27/06-PDT.zip.uploaded"
"2016-10-29 00:16:56 PDT","I","test2@match_com","UploadManagerService","Processing data for hour /storage/emulated/0/.MATCH/data/2016-10-27/00-PDT.zip.uploaded"
"2016-10-29 00:16:56 PDT","I","test2@match_com","UploadManagerService","Processing data for hour /storage/emulated/0/.MATCH/data/2016-10-27/02-PDT.zip.uploaded"
"2016-10-29 00:16:56 PDT","I","test2@match_com","UploadManagerService","Processing data for hour /storage/emulated/0/.MATCH/data/2016-10-27/05-PDT.zip.uploaded"
"2016-10-29 00:16:56 PDT","I","test2@match_com","UploadManagerService","Processing data for date - /storage/emulated/0/.MATCH/data/2016-10-28"
"2016-10-29 00:16:56 PDT","I","test2@match_com","UploadManagerService","Processing data for hour /storage/emulated/0/.MATCH/data/2016-10-28/13-PDT.zip"
"2016-10-29 00:16:56 PDT","I","test2@match_com","UploadManagerService","Processing data for hour /storage/emulated/0/.MATCH/data/2016-10-28/14-PDT.zip"
"2016-10-29 00:16:56 PDT","I","test2@match_com","UploadManagerService","Processing data for hour /storage/emulated/0/.MATCH/data/2016-10-28/15-PDT.zip"
"2016-10-29 00:16:56 PDT","I","test2@match_com","UploadManagerService","Processing data for hour /storage/emulated/0/.MATCH/data/2016-10-28/16-PDT.zip"
"2016-10-29 00:16:56 PDT","I","test2@match_com","UploadManagerService","Processing data for hour /storage/emulated/0/.MATCH/data/2016-10-28/17-PDT.zip"
"2016-10-29 00:16:56 PDT","I","test2@match_com","UploadManagerService","Processing data for hour /storage/emulated/0/.MATCH/data/2016-10-28/18-PDT.zip"
"2016-10-29 00:16:56 PDT","I","test2@match_com","UploadManagerService","Processing data for hour /storage/emulated/0/.MATCH/data/2016-10-28/19-PDT.zip"
"2016-10-29 00:16:56 PDT","I","test2@match_com","UploadManagerService","Processing data for hour /storage/emulated/0/.MATCH/data/2016-10-28/20-PDT.zip"
"2016-10-29 00:16:56 PDT","I","test2@match_com","UploadManagerService","Processing data for hour /storage/emulated/0/.MATCH/data/2016-10-28/21-PDT.zip"
"2016-10-29 00:16:56 PDT","I","test2@match_com","UploadManagerService","Processing data for hour /storage/emulated/0/.MATCH/data/2016-10-28/22-PDT.zip"
"2016-10-29 00:16:56 PDT","I","test2@match_com","UploadManagerService","Processing data for hour /storage/emulated/0/.MATCH/data/2016-10-28/23-PDT.zip"
"2016-10-29 00:16:56 PDT","I","test2@match_com","UploadManagerService","Processing data for date - /storage/emulated/0/.MATCH/data/2016-10-29"
"2016-10-29 00:16:56 PDT","I","test2@match_com","UploadManagerService","Processing data for hour /storage/emulated/0/.MATCH/data/2016-10-29/00-PDT"
"2016-10-29 00:16:56 PDT","I","test2@match_com","UploadManagerService","Internet is not connected. Not trying to upload files."
"2016-10-29 00:16:56 PDT","I","test2@match_com","SurveyManagerService","Inside onCreate"
"2016-10-29 00:16:57 PDT","I","test2@match_com","SurveyManagerService","Current time is - Sat Oct 29 00:16:57 PDT 2016"
"2016-10-29 00:16:57 PDT","I","test2@match_com","SurveyManagerService","Start Date is - Tue Oct 25 19:00:00 PDT 2016"
"2016-10-29 00:16:57 PDT","I","test2@match_com","SurveyManagerService","End Date is - Tue Nov 01 16:00:00 PDT 2016"
"2016-10-29 00:16:57 PDT","I","test2@match_com","SurveyManagerService","Scheduling Survey for - KEY_EMA_0730TO0800_CHILD"
"2016-10-29 00:16:57 PDT","I","test2@match_com","SurveyManagerService","Survey KEY_EMA_0730TO0800_CHILD is already scheduled"
"2016-10-29 00:16:57 PDT","I","test2@match_com","SurveyManagerService","Scheduling Survey for - KEY_EMA_0930TO1000_CHILD"
"2016-10-29 00:16:57 PDT","I","test2@match_com","SurveyManagerService","Survey KEY_EMA_0930TO1000_CHILD is already scheduled"
"2016-10-29 00:16:57 PDT","I","test2@match_com","SurveyManagerService","Scheduling Survey for - KEY_EMA_1130TO1200_CHILD"
"2016-10-29 00:16:57 PDT","I","test2@match_com","SurveyManagerService","Survey KEY_EMA_1130TO1200_CHILD is already scheduled"
"2016-10-29 00:16:57 PDT","I","test2@match_com","SurveyManagerService","Scheduling Survey for - KEY_EMA_1330TO1400_CHILD"
"2016-10-29 00:16:57 PDT","I","test2@match_com","SurveyManagerService","Survey KEY_EMA_1330TO1400_CHILD is already scheduled"
"2016-10-29 00:16:57 PDT","I","test2@match_com","SurveyManagerService","Scheduling Survey for - KEY_EMA_1530TO1600_CHILD"
"2016-10-29 00:16:57 PDT","I","test2@match_com","SurveyManagerService","Survey KEY_EMA_1530TO1600_CHILD is already scheduled"
"2016-10-29 00:16:57 PDT","I","test2@match_com","SurveyManagerService","Scheduling Survey for - KEY_EMA_1730TO1800_CHILD"
"2016-10-29 00:16:57 PDT","I","test2@match_com","SurveyManagerService","Survey KEY_EMA_1730TO1800_CHILD is already scheduled"
"2016-10-29 00:16:57 PDT","I","test2@match_com","SurveyManagerService","Scheduling Survey for - KEY_EMA_1930TO2000_CHILD"
"2016-10-29 00:16:57 PDT","I","test2@match_com","SurveyManagerService","Survey KEY_EMA_1930TO2000_CHILD is already scheduled"
"2016-10-29 00:16:57 PDT","I","test2@match_com","SurveyManagerService","Saliva surveys are already scheduled"
"2016-10-29 00:16:57 PDT","I","test2@match_com","SurveyManagerService","Survey KEY_SALIVA_BEDTIME scheduled for Sat Oct 29 21:46:57 PDT 2016"
"2016-10-29 00:16:57 PDT","I","test2@match_com","SurveyManagerService","Survey Schedule for KEY_EMA_0730TO0800_CHILD is Sat Oct 29 07:47:17 PDT 2016"
"2016-10-29 00:16:57 PDT","I","test2@match_com","SurveyManagerService","Still not time to prompt the survey"
"2016-10-29 00:16:57 PDT","I","test2@match_com","SurveyManagerService","Survey Schedule for KEY_EMA_0930TO1000_CHILD is Sat Oct 29 09:57:24 PDT 2016"
"2016-10-29 00:16:57 PDT","I","test2@match_com","SurveyManagerService","Still not time to prompt the survey"
"2016-10-29 00:16:57 PDT","I","test2@match_com","SurveyManagerService","Survey Schedule for KEY_EMA_1130TO1200_CHILD is Sat Oct 29 11:45:10 PDT 2016"
"2016-10-29 00:16:57 PDT","I","test2@match_com","SurveyManagerService","Still not time to prompt the survey"
"2016-10-29 00:16:57 PDT","I","test2@match_com","SurveyManagerService","Survey Schedule for KEY_EMA_1330TO1400_CHILD is Sat Oct 29 13:44:02 PDT 2016"
"2016-10-29 00:16:57 PDT","I","test2@match_com","SurveyManagerService","Still not time to prompt the survey"
"2016-10-29 00:16:57 PDT","I","test2@match_com","SurveyManagerService","Survey Schedule for KEY_EMA_1530TO1600_CHILD is Sat Oct 29 15:33:41 PDT 2016"
"2016-10-29 00:16:57 PDT","I","test2@match_com","SurveyManagerService","Still not time to prompt the survey"
"2016-10-29 00:16:57 PDT","I","test2@match_com","SurveyManagerService","Survey Schedule for KEY_EMA_1730TO1800_CHILD is Sat Oct 29 17:47:43 PDT 2016"
"2016-10-29 00:16:57 PDT","I","test2@match_com","SurveyManagerService","Still not time to prompt the survey"
"2016-10-29 00:16:57 PDT","I","test2@match_com","SurveyManagerService","Survey Schedule for KEY_EMA_1930TO2000_CHILD is Sat Oct 29 19:36:11 PDT 2016"
"2016-10-29 00:16:57 PDT","I","test2@match_com","SurveyManagerService","Still not time to prompt the survey"
"2016-10-29 00:16:57 PDT","I","test2@match_com","SurveyManagerService","KEY_SALIVA_WAKING is scheduled for Sat Oct 29 06:46:56 PDT 2016"
"2016-10-29 00:16:57 PDT","I","test2@match_com","SurveyManagerService","Prompt KEY_SALIVA_WAKING is in the future - Sat Oct 29 06:46:56 PDT 2016"
"2016-10-29 00:16:57 PDT","I","test2@match_com","SurveyManagerService","KEY_SALIVA_WAKING_PLUS_30 is scheduled for Sat Oct 29 07:16:56 PDT 2016"
"2016-10-29 00:16:57 PDT","I","test2@match_com","SurveyManagerService","Prompt KEY_SALIVA_WAKING_PLUS_30 is in the future - Sat Oct 29 07:16:56 PDT 2016"
"2016-10-29 00:16:57 PDT","I","test2@match_com","SurveyManagerService","KEY_SALIVA_AFTERNOON_4TO430_CHILD is scheduled for Sat Oct 29 16:16:27 PDT 2016"
"2016-10-29 00:16:57 PDT","I","test2@match_com","SurveyManagerService","Prompt KEY_SALIVA_AFTERNOON_4TO430_CHILD is in the future - Sat Oct 29 16:16:27 PDT 2016"
"2016-10-29 00:16:57 PDT","I","test2@match_com","SurveyManagerService","KEY_SALIVA_BEDTIME is scheduled for Sat Oct 29 21:46:57 PDT 2016"
"2016-10-29 00:16:57 PDT","I","test2@match_com","SurveyManagerService","Prompt KEY_SALIVA_BEDTIME is in the future - Sat Oct 29 21:46:57 PDT 2016"
"2016-10-29 00:16:57 PDT","I","test2@match_com","MinuteService","Inside onDestroy"
"2016-10-29 00:16:57 PDT","I","test2@match_com","UploadManagerService","Inside onDestroy"
"2016-10-29 00:16:57 PDT","I","test2@match_com","SurveyManagerService","Inside onDestroy"
"2016-10-29 00:16:57 PDT","I","test2@match_com","Zipper","unzipFileWithEncryption"
"2016-10-29 00:16:57 PDT","I","test2@match_com","Zipper","Deleting File - /storage/emulated/0/.MATCH/data/2016-10-29/00-PDT/GPS.csv.zip"
"2016-10-29 00:16:57 PDT","I","test2@match_com","Zipper","zipFileWithEncryption - /storage/emulated/0/.MATCH/data/2016-10-29/00-PDT/GPS.csv"
"2016-10-29 00:16:57 PDT","I","test2@match_com","Zipper","Creating ZipFile - /storage/emulated/0/.MATCH/data/2016-10-29/00-PDT/GPS.csv.zip"
"2016-10-29 00:16:57 PDT","I","test2@match_com","Zipper","Deleting File - /storage/emulated/0/.MATCH/data/2016-10-29/00-PDT/GPS.csv"
"2016-10-29 00:17:01 PDT","I","test2@match_com","UploadManagerService","Inside onCreate"
"2016-10-29 00:17:01 PDT","I","test2@match_com","UploadManagerService","Processing Logs"
"2016-10-29 00:17:01 PDT","I","test2@match_com","UploadManagerService","Processing Logs for Date - /storage/emulated/0/.MATCH/logs/2016-10-26"
"2016-10-29 00:17:01 PDT","I","test2@match_com","UploadManagerService","Processing Logs for Date - /storage/emulated/0/.MATCH/logs/2016-10-27"
"2016-10-29 00:17:01 PDT","I","test2@match_com","UploadManagerService","Processing Logs for Date - /storage/emulated/0/.MATCH/logs/2016-10-28"
"2016-10-29 00:17:01 PDT","I","test2@match_com","UploadManagerService","Processing Logs for Date - /storage/emulated/0/.MATCH/logs/2016-10-29"
"2016-10-29 00:17:01 PDT","I","test2@match_com","UploadManagerService","Processing Surveys"
"2016-10-29 00:17:01 PDT","I","test2@match_com","UploadManagerService","Processing Data files"
"2016-10-29 00:17:01 PDT","I","test2@match_com","UploadManagerService","Processing data for date - /storage/emulated/0/.MATCH/data/2016-10-26"
"2016-10-29 00:17:01 PDT","I","test2@match_com","UploadManagerService","Processing data for hour /storage/emulated/0/.MATCH/data/2016-10-26/19-PDT.zip.uploaded"
"2016-10-29 00:17:01 PDT","I","test2@match_com","UploadManagerService","Processing data for hour /storage/emulated/0/.MATCH/data/2016-10-26/13-PDT.zip.uploaded"
"2016-10-29 00:17:01 PDT","I","test2@match_com","UploadManagerService","Processing data for hour /storage/emulated/0/.MATCH/data/2016-10-26/14-PDT.zip.uploaded"
"2016-10-29 00:17:01 PDT","I","test2@match_com","UploadManagerService","Processing data for hour /storage/emulated/0/.MATCH/data/2016-10-26/15-PDT.zip.uploaded"
"2016-10-29 00:17:01 PDT","I","test2@match_com","UploadManagerService","Processing data for hour /storage/emulated/0/.MATCH/data/2016-10-26/16-PDT.zip.uploaded"
"2016-10-29 00:17:01 PDT","I","test2@match_com","UploadManagerService","Processing data for hour /storage/emulated/0/.MATCH/data/2016-10-26/17-PDT.zip.uploaded"
"2016-10-29 00:17:01 PDT","I","test2@match_com","UploadManagerService","Processing data for hour /storage/emulated/0/.MATCH/data/2016-10-26/21-PDT.zip.uploaded"
"2016-10-29 00:17:01 PDT","I","test2@match_com","UploadManagerService","Processing data for hour /storage/emulated/0/.MATCH/data/2016-10-26/22-PDT.zip.uploaded"
"2016-10-29 00:17:01 PDT","I","test2@match_com","UploadManagerService","Processing data for hour /storage/emulated/0/.MATCH/data/2016-10-26/18-PDT.zip.uploaded"
"2016-10-29 00:17:01 PDT","I","test2@match_com","UploadManagerService","Processing data for hour /storage/emulated/0/.MATCH/data/2016-10-26/20-PDT.zip.uploaded"
"2016-10-29 00:17:01 PDT","I","test2@match_com","UploadManagerService","Processing data for hour /storage/emulated/0/.MATCH/data/2016-10-26/23-PDT.zip.uploaded"
"2016-10-29 00:17:01 PDT","I","test2@match_com","UploadManagerService","Processing data for date - /storage/emulated/0/.MATCH/data/2016-10-27"
"2016-10-29 00:17:01 PDT","I","test2@match_com","UploadManagerService","Processing data for hour /storage/emulated/0/.MATCH/data/2016-10-27/01-PDT.zip.uploaded"
"2016-10-29 00:17:01 PDT","I","test2@match_com","UploadManagerService","Processing data for hour /storage/emulated/0/.MATCH/data/2016-10-27/03-PDT.zip.uploaded"
"2016-10-29 00:17:01 PDT","I","test2@match_com","UploadManagerService","Processing data for hour /storage/emulated/0/.MATCH/data/2016-10-27/04-PDT.zip.uploaded"
"2016-10-29 00:17:01 PDT","I","test2@match_com","UploadManagerService","Processing data for hour /storage/emulated/0/.MATCH/data/2016-10-27/06-PDT.zip.uploaded"
"2016-10-29 00:17:01 PDT","I","test2@match_com","UploadManagerService","Processing data for hour /storage/emulated/0/.MATCH/data/2016-10-27/00-PDT.zip.uploaded"
"2016-10-29 00:17:01 PDT","I","test2@match_com","UploadManagerService","Processing data for hour /storage/emulated/0/.MATCH/data/2016-10-27/02-PDT.zip.uploaded"
"2016-10-29 00:17:01 PDT","I","test2@match_com","UploadManagerService","Processing data for hour /storage/emulated/0/.MATCH/data/2016-10-27/05-PDT.zip.uploaded"
"2016-10-29 00:17:01 PDT","I","test2@match_com","UploadManagerService","Processing data for date - /storage/emulated/0/.MATCH/data/2016-10-28"
"2016-10-29 00:17:01 PDT","I","test2@match_com","UploadManagerService","Processing data for hour /storage/emulated/0/.MATCH/data/2016-10-28/13-PDT.zip"
"2016-10-29 00:17:01 PDT","I","test2@match_com","UploadManagerService","Processing data for hour /storage/emulated/0/.MATCH/data/2016-10-28/14-PDT.zip"
"2016-10-29 00:17:01 PDT","I","test2@match_com","UploadManagerService","Processing data for hour /storage/emulated/0/.MATCH/data/2016-10-28/15-PDT.zip"
"2016-10-29 00:17:01 PDT","I","test2@match_com","UploadManagerService","Processing data for hour /storage/emulated/0/.MATCH/data/2016-10-28/16-PDT.zip"
"2016-10-29 00:17:01 PDT","I","test2@match_com","UploadManagerService","Processing data for hour /storage/emulated/0/.MATCH/data/2016-10-28/17-PDT.zip"
"2016-10-29 00:17:01 PDT","I","test2@match_com","UploadManagerService","Processing data for hour /storage/emulated/0/.MATCH/data/2016-10-28/18-PDT.zip"
"2016-10-29 00:17:01 PDT","I","test2@match_com","UploadManagerService","Processing data for hour /storage/emulated/0/.MATCH/data/2016-10-28/19-PDT.zip"
"2016-10-29 00:17:01 PDT","I","test2@match_com","UploadManagerService","Processing data for hour /storage/emulated/0/.MATCH/data/2016-10-28/20-PDT.zip"
"2016-10-29 00:17:01 PDT","I","test2@match_com","UploadManagerService","Processing data for hour /storage/emulated/0/.MATCH/data/2016-10-28/21-PDT.zip"
"2016-10-29 00:17:01 PDT","I","test2@match_com","UploadManagerService","Processing data for hour /storage/emulated/0/.MATCH/data/2016-10-28/22-PDT.zip"
"2016-10-29 00:17:01 PDT","I","test2@match_com","UploadManagerService","Processing data for hour /storage/emulated/0/.MATCH/data/2016-10-28/23-PDT.zip"
"2016-10-29 00:17:01 PDT","I","test2@match_com","UploadManagerService","Processing data for date - /storage/emulated/0/.MATCH/data/2016-10-29"
"2016-10-29 00:17:01 PDT","I","test2@match_com","UploadManagerService","Processing data for hour /storage/emulated/0/.MATCH/data/2016-10-29/00-PDT"
"2016-10-29 00:17:01 PDT","I","test2@match_com","UploadManagerService","Internet is not connected. Not trying to upload files."
"2016-10-29 00:17:01 PDT","I","test2@match_com","MinuteService","Inside onCreate"
"2016-10-29 00:17:01 PDT","I","test2@match_com","MinuteService","Minute Service Alarm was set by - MinuteService"
"2016-10-29 00:17:01 PDT","I","test2@match_com","MinuteService","Time since previous run - 5"
"2016-10-29 00:17:01 PDT","I","test2@match_com","MinuteService","Previous run within last 50 seconds, ignoring this run"
"2016-10-29 00:17:01 PDT","I","test2@match_com","UploadManagerService","Inside onDestroy"
"2016-10-29 00:17:01 PDT","I","test2@match_com","MinuteService","Inside onDestroy"
"2016-10-29 00:17:01 PDT","I","test2@match_com","BackupMinuteService","Inside onCreate"
"2016-10-29 00:17:01 PDT","I","test2@match_com","Util","Inside setBackupMinuteServiceAlarm"
"2016-10-29 00:17:01 PDT","I","test2@match_com","Util","BackupMinuteService last run at - Sat Oct 29 00:17:01 PDT 2016"
"2016-10-29 00:17:01 PDT","I","test2@match_com","Util","BackupMinuteService next run at - Sat Oct 29 00:18:01 PDT 2016"
"2016-10-29 00:17:01 PDT","I","test2@match_com","MinuteService","Inside onCreate"
"2016-10-29 00:17:01 PDT","I","test2@match_com","MinuteService","Minute Service Alarm was set by - MinuteService"
"2016-10-29 00:17:01 PDT","I","test2@match_com","MinuteService","Time since previous run - 5"
"2016-10-29 00:17:01 PDT","I","test2@match_com","MinuteService","Previous run within last 50 seconds, ignoring this run"
"2016-10-29 00:17:01 PDT","I","test2@match_com","BackupMinuteService","Inside onDestroy"
"2016-10-29 00:17:01 PDT","I","test2@match_com","MinuteService","Inside onDestroy"
"2016-10-29 00:17:01 PDT","I","test2@match_com","AlwaysOnService","Received Intent - android.intent.action.TIME_TICK"
"2016-10-29 00:17:23 PDT","I","test2@match_com","AlwaysOnService","Received Intent - android.intent.action.BATTERY_CHANGED"
"2016-10-29 00:17:38 PDT","I","test2@match_com","AlwaysOnService","Received Intent - android.intent.action.BATTERY_CHANGED"
"2016-10-29 00:17:56 PDT","I","test2@match_com","MinuteService","Inside onCreate"
"2016-10-29 00:17:56 PDT","I","test2@match_com","MinuteService","Minute Service Alarm was set by - MinuteService"
"2016-10-29 00:17:56 PDT","I","test2@match_com","MinuteService","Time since previous run - 60"
"2016-10-29 00:17:56 PDT","I","test2@match_com","MinuteService","Setting Minute Service Last Run"
"2016-10-29 00:17:56 PDT","I","test2@match_com","MinuteService","Setting Minute Service Alarm"
"2016-10-29 00:17:56 PDT","I","test2@match_com","Util","Inside setMinuteServiceAlarmFromMinuteService"
"2016-10-29 00:17:56 PDT","I","test2@match_com","Util","MinuteService last run at - Sat Oct 29 00:17:56 PDT 2016"
"2016-10-29 00:17:56 PDT","I","test2@match_com","Util","MinuteService next run at - Sat Oct 29 00:18:56 PDT 2016"
"2016-10-29 00:17:56 PDT","I","test2@match_com","MinuteService","Setting Minute Service Backup Alarm"
"2016-10-29 00:17:56 PDT","I","test2@match_com","Util","Inside setBackupMinuteServiceAlarm"
"2016-10-29 00:17:56 PDT","I","test2@match_com","Util","BackupMinuteService last run at - Sat Oct 29 00:17:01 PDT 2016"
"2016-10-29 00:17:56 PDT","I","test2@match_com","Util","BackupMinuteService next run at - Sat Oct 29 00:18:01 PDT 2016"
"2016-10-29 00:17:56 PDT","I","test2@match_com","MinuteService","Initializing MATCHConstants"
"2016-10-29 00:17:56 PDT","I","test2@match_com","MinuteService","Notifying user about minute service run"
"2016-10-29 00:17:56 PDT","I","test2@match_com","MinuteService","Writing status to Firebase Database"
"2016-10-29 00:17:56 PDT","I","test2@match_com","MinuteService","Logging Network Status"
"2016-10-29 00:17:56 PDT","I","test2@match_com","ConnectivityManager","isConnected - false - isWifi - false - isMobileInternet - false"
"2016-10-29 00:17:56 PDT","I","test2@match_com","MinuteService","Logging Battery Status"
"2016-10-29 00:17:56 PDT","I","test2@match_com","BatteryManager","Percentage - 82 - isCharging - true - isUSBCharging - false - isACCharging - true - isWirelessCharging - false"
"2016-10-29 00:17:56 PDT","I","test2@match_com","MinuteService","Logging Memory Status"
"2016-10-29 00:17:56 PDT","I","test2@match_com","MemoryManager","Total Memory,898,Available Memory,414,Threshold Memory,144,IsLowMemory,false"
"2016-10-29 00:17:56 PDT","I","test2@match_com","MinuteService","Logging Storage Status"
"2016-10-29 00:17:56 PDT","I","test2@match_com","StorageManager","Internal Total,2247,Internal Free,589,External Total,4637,External Free,3937"
"2016-10-29 00:17:56 PDT","I","test2@match_com","MinuteService","Logging Power Status"
"2016-10-29 00:17:56 PDT","I","test2@match_com","PowerManager","isDeviceIdleMode - false - isInteractive - false - isPowerSaveMode - false - isSustainedPerformanceModeSupported - false"
"2016-10-29 00:17:56 PDT","I","test2@match_com","MinuteService","Logging Notifications Status"
"2016-10-29 00:17:56 PDT","I","test2@match_com","NotificationManager","AreNotificationsEnabled - true - Importance - Unspecified"
"2016-10-29 00:17:56 PDT","I","test2@match_com","MinuteService","Logging Location"
"2016-10-29 00:17:56 PDT","I","test2@match_com","MinuteService","Fetching latest study data"
"2016-10-29 00:17:56 PDT","I","test2@match_com","MinuteService","Starting UploadManagerService"
"2016-10-29 00:17:56 PDT","I","test2@match_com","MinuteService","Starting SurveyManagerService"
"2016-10-29 00:17:56 PDT","I","test2@match_com","UploadManagerService","Inside onCreate"
"2016-10-29 00:17:56 PDT","I","test2@match_com","UploadManagerService","Processing Logs"
"2016-10-29 00:17:56 PDT","I","test2@match_com","UploadManagerService","Processing Logs for Date - /storage/emulated/0/.MATCH/logs/2016-10-26"
"2016-10-29 00:17:56 PDT","I","test2@match_com","UploadManagerService","Processing Logs for Date - /storage/emulated/0/.MATCH/logs/2016-10-27"
"2016-10-29 00:17:56 PDT","I","test2@match_com","UploadManagerService","Processing Logs for Date - /storage/emulated/0/.MATCH/logs/2016-10-28"
"2016-10-29 00:17:56 PDT","I","test2@match_com","UploadManagerService","Processing Logs for Date - /storage/emulated/0/.MATCH/logs/2016-10-29"
"2016-10-29 00:17:56 PDT","I","test2@match_com","UploadManagerService","Processing Surveys"
"2016-10-29 00:17:56 PDT","I","test2@match_com","UploadManagerService","Processing Data files"
"2016-10-29 00:17:56 PDT","I","test2@match_com","UploadManagerService","Processing data for date - /storage/emulated/0/.MATCH/data/2016-10-26"
"2016-10-29 00:17:56 PDT","I","test2@match_com","UploadManagerService","Processing data for hour /storage/emulated/0/.MATCH/data/2016-10-26/19-PDT.zip.uploaded"
"2016-10-29 00:17:56 PDT","I","test2@match_com","UploadManagerService","Processing data for hour /storage/emulated/0/.MATCH/data/2016-10-26/13-PDT.zip.uploaded"
"2016-10-29 00:17:56 PDT","I","test2@match_com","UploadManagerService","Processing data for hour /storage/emulated/0/.MATCH/data/2016-10-26/14-PDT.zip.uploaded"
"2016-10-29 00:17:56 PDT","I","test2@match_com","UploadManagerService","Processing data for hour /storage/emulated/0/.MATCH/data/2016-10-26/15-PDT.zip.uploaded"
"2016-10-29 00:17:56 PDT","I","test2@match_com","UploadManagerService","Processing data for hour /storage/emulated/0/.MATCH/data/2016-10-26/16-PDT.zip.uploaded"
"2016-10-29 00:17:56 PDT","I","test2@match_com","UploadManagerService","Processing data for hour /storage/emulated/0/.MATCH/data/2016-10-26/17-PDT.zip.uploaded"
"2016-10-29 00:17:56 PDT","I","test2@match_com","UploadManagerService","Processing data for hour /storage/emulated/0/.MATCH/data/2016-10-26/21-PDT.zip.uploaded"
"2016-10-29 00:17:56 PDT","I","test2@match_com","UploadManagerService","Processing data for hour /storage/emulated/0/.MATCH/data/2016-10-26/22-PDT.zip.uploaded"
"2016-10-29 00:17:56 PDT","I","test2@match_com","UploadManagerService","Processing data for hour /storage/emulated/0/.MATCH/data/2016-10-26/18-PDT.zip.uploaded"
"2016-10-29 00:17:56 PDT","I","test2@match_com","UploadManagerService","Processing data for hour /storage/emulated/0/.MATCH/data/2016-10-26/20-PDT.zip.uploaded"
"2016-10-29 00:17:56 PDT","I","test2@match_com","UploadManagerService","Processing data for hour /storage/emulated/0/.MATCH/data/2016-10-26/23-PDT.zip.uploaded"
"2016-10-29 00:17:56 PDT","I","test2@match_com","UploadManagerService","Processing data for date - /storage/emulated/0/.MATCH/data/2016-10-27"
"2016-10-29 00:17:56 PDT","I","test2@match_com","UploadManagerService","Processing data for hour /storage/emulated/0/.MATCH/data/2016-10-27/01-PDT.zip.uploaded"
"2016-10-29 00:17:56 PDT","I","test2@match_com","UploadManagerService","Processing data for hour /storage/emulated/0/.MATCH/data/2016-10-27/03-PDT.zip.uploaded"
"2016-10-29 00:17:56 PDT","I","test2@match_com","UploadManagerService","Processing data for hour /storage/emulated/0/.MATCH/data/2016-10-27/04-PDT.zip.uploaded"
"2016-10-29 00:17:56 PDT","I","test2@match_com","UploadManagerService","Processing data for hour /storage/emulated/0/.MATCH/data/2016-10-27/06-PDT.zip.uploaded"
"2016-10-29 00:17:56 PDT","I","test2@match_com","UploadManagerService","Processing data for hour /storage/emulated/0/.MATCH/data/2016-10-27/00-PDT.zip.uploaded"
"2016-10-29 00:17:56 PDT","I","test2@match_com","UploadManagerService","Processing data for hour /storage/emulated/0/.MATCH/data/2016-10-27/02-PDT.zip.uploaded"
"2016-10-29 00:17:56 PDT","I","test2@match_com","UploadManagerService","Processing data for hour /storage/emulated/0/.MATCH/data/2016-10-27/05-PDT.zip.uploaded"
"2016-10-29 00:17:56 PDT","I","test2@match_com","UploadManagerService","Processing data for date - /storage/emulated/0/.MATCH/data/2016-10-28"
"2016-10-29 00:17:56 PDT","I","test2@match_com","UploadManagerService","Processing data for hour /storage/emulated/0/.MATCH/data/2016-10-28/13-PDT.zip"
"2016-10-29 00:17:56 PDT","I","test2@match_com","UploadManagerService","Processing data for hour /storage/emulated/0/.MATCH/data/2016-10-28/14-PDT.zip"
"2016-10-29 00:17:56 PDT","I","test2@match_com","UploadManagerService","Processing data for hour /storage/emulated/0/.MATCH/data/2016-10-28/15-PDT.zip"
"2016-10-29 00:17:56 PDT","I","test2@match_com","UploadManagerService","Processing data for hour /storage/emulated/0/.MATCH/data/2016-10-28/16-PDT.zip"
"2016-10-29 00:17:56 PDT","I","test2@match_com","UploadManagerService","Processing data for hour /storage/emulated/0/.MATCH/data/2016-10-28/17-PDT.zip"
"2016-10-29 00:17:56 PDT","I","test2@match_com","UploadManagerService","Processing data for hour /storage/emulated/0/.MATCH/data/2016-10-28/18-PDT.zip"
"2016-10-29 00:17:56 PDT","I","test2@match_com","UploadManagerService","Processing data for hour /storage/emulated/0/.MATCH/data/2016-10-28/19-PDT.zip"
"2016-10-29 00:17:56 PDT","I","test2@match_com","UploadManagerService","Processing data for hour /storage/emulated/0/.MATCH/data/2016-10-28/20-PDT.zip"
"2016-10-29 00:17:56 PDT","I","test2@match_com","UploadManagerService","Processing data for hour /storage/emulated/0/.MATCH/data/2016-10-28/21-PDT.zip"
"2016-10-29 00:17:56 PDT","I","test2@match_com","UploadManagerService","Processing data for hour /storage/emulated/0/.MATCH/data/2016-10-28/22-PDT.zip"
"2016-10-29 00:17:56 PDT","I","test2@match_com","UploadManagerService","Processing data for hour /storage/emulated/0/.MATCH/data/2016-10-28/23-PDT.zip"
"2016-10-29 00:17:56 PDT","I","test2@match_com","UploadManagerService","Processing data for date - /storage/emulated/0/.MATCH/data/2016-10-29"
"2016-10-29 00:17:56 PDT","I","test2@match_com","UploadManagerService","Processing data for hour /storage/emulated/0/.MATCH/data/2016-10-29/00-PDT"
"2016-10-29 00:17:56 PDT","I","test2@match_com","UploadManagerService","Internet is not connected. Not trying to upload files."
"2016-10-29 00:17:56 PDT","I","test2@match_com","SurveyManagerService","Inside onCreate"
"2016-10-29 00:17:56 PDT","I","test2@match_com","SurveyManagerService","Current time is - Sat Oct 29 00:17:56 PDT 2016"
"2016-10-29 00:17:56 PDT","I","test2@match_com","SurveyManagerService","Start Date is - Tue Oct 25 19:00:00 PDT 2016"
"2016-10-29 00:17:57 PDT","I","test2@match_com","SurveyManagerService","End Date is - Tue Nov 01 16:00:00 PDT 2016"
"2016-10-29 00:17:57 PDT","I","test2@match_com","SurveyManagerService","Scheduling Survey for - KEY_EMA_0730TO0800_CHILD"
"2016-10-29 00:17:57 PDT","I","test2@match_com","SurveyManagerService","Survey KEY_EMA_0730TO0800_CHILD is already scheduled"
"2016-10-29 00:17:57 PDT","I","test2@match_com","SurveyManagerService","Scheduling Survey for - KEY_EMA_0930TO1000_CHILD"
"2016-10-29 00:17:57 PDT","I","test2@match_com","SurveyManagerService","Survey KEY_EMA_0930TO1000_CHILD is already scheduled"
"2016-10-29 00:17:57 PDT","I","test2@match_com","SurveyManagerService","Scheduling Survey for - KEY_EMA_1130TO1200_CHILD"
"2016-10-29 00:17:57 PDT","I","test2@match_com","SurveyManagerService","Survey KEY_EMA_1130TO1200_CHILD is already scheduled"
"2016-10-29 00:17:57 PDT","I","test2@match_com","SurveyManagerService","Scheduling Survey for - KEY_EMA_1330TO1400_CHILD"
"2016-10-29 00:17:57 PDT","I","test2@match_com","SurveyManagerService","Survey KEY_EMA_1330TO1400_CHILD is already scheduled"
"2016-10-29 00:17:57 PDT","I","test2@match_com","SurveyManagerService","Scheduling Survey for - KEY_EMA_1530TO1600_CHILD"
"2016-10-29 00:17:57 PDT","I","test2@match_com","SurveyManagerService","Survey KEY_EMA_1530TO1600_CHILD is already scheduled"
"2016-10-29 00:17:57 PDT","I","test2@match_com","SurveyManagerService","Scheduling Survey for - KEY_EMA_1730TO1800_CHILD"
"2016-10-29 00:17:57 PDT","I","test2@match_com","SurveyManagerService","Survey KEY_EMA_1730TO1800_CHILD is already scheduled"
"2016-10-29 00:17:57 PDT","I","test2@match_com","SurveyManagerService","Scheduling Survey for - KEY_EMA_1930TO2000_CHILD"
"2016-10-29 00:17:57 PDT","I","test2@match_com","SurveyManagerService","Survey KEY_EMA_1930TO2000_CHILD is already scheduled"
"2016-10-29 00:17:57 PDT","I","test2@match_com","SurveyManagerService","Saliva surveys are already scheduled"
"2016-10-29 00:17:57 PDT","I","test2@match_com","SurveyManagerService","Survey KEY_SALIVA_BEDTIME scheduled for Sat Oct 29 21:46:57 PDT 2016"
"2016-10-29 00:17:57 PDT","I","test2@match_com","SurveyManagerService","Survey Schedule for KEY_EMA_0730TO0800_CHILD is Sat Oct 29 07:47:17 PDT 2016"
"2016-10-29 00:17:57 PDT","I","test2@match_com","SurveyManagerService","Still not time to prompt the survey"
"2016-10-29 00:17:57 PDT","I","test2@match_com","SurveyManagerService","Survey Schedule for KEY_EMA_0930TO1000_CHILD is Sat Oct 29 09:57:24 PDT 2016"
"2016-10-29 00:17:57 PDT","I","test2@match_com","SurveyManagerService","Still not time to prompt the survey"
"2016-10-29 00:17:57 PDT","I","test2@match_com","SurveyManagerService","Survey Schedule for KEY_EMA_1130TO1200_CHILD is Sat Oct 29 11:45:10 PDT 2016"
"2016-10-29 00:17:57 PDT","I","test2@match_com","SurveyManagerService","Still not time to prompt the survey"
"2016-10-29 00:17:57 PDT","I","test2@match_com","SurveyManagerService","Survey Schedule for KEY_EMA_1330TO1400_CHILD is Sat Oct 29 13:44:02 PDT 2016"
"2016-10-29 00:17:57 PDT","I","test2@match_com","SurveyManagerService","Still not time to prompt the survey"
"2016-10-29 00:17:57 PDT","I","test2@match_com","SurveyManagerService","Survey Schedule for KEY_EMA_1530TO1600_CHILD is Sat Oct 29 15:33:41 PDT 2016"
"2016-10-29 00:17:57 PDT","I","test2@match_com","SurveyManagerService","Still not time to prompt the survey"
"2016-10-29 00:17:57 PDT","I","test2@match_com","SurveyManagerService","Survey Schedule for KEY_EMA_1730TO1800_CHILD is Sat Oct 29 17:47:43 PDT 2016"
"2016-10-29 00:17:57 PDT","I","test2@match_com","SurveyManagerService","Still not time to prompt the survey"
"2016-10-29 00:17:57 PDT","I","test2@match_com","SurveyManagerService","Survey Schedule for KEY_EMA_1930TO2000_CHILD is Sat Oct 29 19:36:11 PDT 2016"
"2016-10-29 00:17:57 PDT","I","test2@match_com","SurveyManagerService","Still not time to prompt the survey"
"2016-10-29 00:17:57 PDT","I","test2@match_com","SurveyManagerService","KEY_SALIVA_WAKING is scheduled for Sat Oct 29 06:46:56 PDT 2016"
"2016-10-29 00:17:57 PDT","I","test2@match_com","SurveyManagerService","Prompt KEY_SALIVA_WAKING is in the future - Sat Oct 29 06:46:56 PDT 2016"
"2016-10-29 00:17:57 PDT","I","test2@match_com","SurveyManagerService","KEY_SALIVA_WAKING_PLUS_30 is scheduled for Sat Oct 29 07:16:56 PDT 2016"
"2016-10-29 00:17:57 PDT","I","test2@match_com","SurveyManagerService","Prompt KEY_SALIVA_WAKING_PLUS_30 is in the future - Sat Oct 29 07:16:56 PDT 2016"
"2016-10-29 00:17:57 PDT","I","test2@match_com","SurveyManagerService","KEY_SALIVA_AFTERNOON_4TO430_CHILD is scheduled for Sat Oct 29 16:16:27 PDT 2016"
"2016-10-29 00:17:57 PDT","I","test2@match_com","SurveyManagerService","Prompt KEY_SALIVA_AFTERNOON_4TO430_CHILD is in the future - Sat Oct 29 16:16:27 PDT 2016"
"2016-10-29 00:17:57 PDT","I","test2@match_com","SurveyManagerService","KEY_SALIVA_BEDTIME is scheduled for Sat Oct 29 21:46:57 PDT 2016"
"2016-10-29 00:17:57 PDT","I","test2@match_com","SurveyManagerService","Prompt KEY_SALIVA_BEDTIME is in the future - Sat Oct 29 21:46:57 PDT 2016"
"2016-10-29 00:17:57 PDT","I","test2@match_com","MinuteService","Inside onDestroy"
"2016-10-29 00:17:57 PDT","I","test2@match_com","UploadManagerService","Inside onDestroy"
"2016-10-29 00:17:57 PDT","I","test2@match_com","SurveyManagerService","Inside onDestroy"
"2016-10-29 00:17:57 PDT","I","test2@match_com","Zipper","unzipFileWithEncryption"
"2016-10-29 00:17:57 PDT","I","test2@match_com","Zipper","Deleting File - /storage/emulated/0/.MATCH/data/2016-10-29/00-PDT/GPS.csv.zip"
"2016-10-29 00:17:57 PDT","I","test2@match_com","Zipper","zipFileWithEncryption - /storage/emulated/0/.MATCH/data/2016-10-29/00-PDT/GPS.csv"
"2016-10-29 00:17:57 PDT","I","test2@match_com","Zipper","Creating ZipFile - /storage/emulated/0/.MATCH/data/2016-10-29/00-PDT/GPS.csv.zip"
"2016-10-29 00:17:57 PDT","I","test2@match_com","Zipper","Deleting File - /storage/emulated/0/.MATCH/data/2016-10-29/00-PDT/GPS.csv"
"2016-10-29 00:18:01 PDT","I","test2@match_com","UploadManagerService","Inside onCreate"
"2016-10-29 00:18:01 PDT","I","test2@match_com","UploadManagerService","Processing Logs"
"2016-10-29 00:18:01 PDT","I","test2@match_com","UploadManagerService","Processing Logs for Date - /storage/emulated/0/.MATCH/logs/2016-10-26"
"2016-10-29 00:18:01 PDT","I","test2@match_com","UploadManagerService","Processing Logs for Date - /storage/emulated/0/.MATCH/logs/2016-10-27"
"2016-10-29 00:18:01 PDT","I","test2@match_com","UploadManagerService","Processing Logs for Date - /storage/emulated/0/.MATCH/logs/2016-10-28"
"2016-10-29 00:18:01 PDT","I","test2@match_com","UploadManagerService","Processing Logs for Date - /storage/emulated/0/.MATCH/logs/2016-10-29"
"2016-10-29 00:18:01 PDT","I","test2@match_com","UploadManagerService","Processing Surveys"
"2016-10-29 00:18:01 PDT","I","test2@match_com","UploadManagerService","Processing Data files"
"2016-10-29 00:18:01 PDT","I","test2@match_com","UploadManagerService","Processing data for date - /storage/emulated/0/.MATCH/data/2016-10-26"
"2016-10-29 00:18:01 PDT","I","test2@match_com","UploadManagerService","Processing data for hour /storage/emulated/0/.MATCH/data/2016-10-26/19-PDT.zip.uploaded"
"2016-10-29 00:18:01 PDT","I","test2@match_com","UploadManagerService","Processing data for hour /storage/emulated/0/.MATCH/data/2016-10-26/13-PDT.zip.uploaded"
"2016-10-29 00:18:01 PDT","I","test2@match_com","UploadManagerService","Processing data for hour /storage/emulated/0/.MATCH/data/2016-10-26/14-PDT.zip.uploaded"
"2016-10-29 00:18:01 PDT","I","test2@match_com","UploadManagerService","Processing data for hour /storage/emulated/0/.MATCH/data/2016-10-26/15-PDT.zip.uploaded"
"2016-10-29 00:18:01 PDT","I","test2@match_com","UploadManagerService","Processing data for hour /storage/emulated/0/.MATCH/data/2016-10-26/16-PDT.zip.uploaded"
"2016-10-29 00:18:01 PDT","I","test2@match_com","UploadManagerService","Processing data for hour /storage/emulated/0/.MATCH/data/2016-10-26/17-PDT.zip.uploaded"
"2016-10-29 00:18:01 PDT","I","test2@match_com","UploadManagerService","Processing data for hour /storage/emulated/0/.MATCH/data/2016-10-26/21-PDT.zip.uploaded"
"2016-10-29 00:18:01 PDT","I","test2@match_com","UploadManagerService","Processing data for hour /storage/emulated/0/.MATCH/data/2016-10-26/22-PDT.zip.uploaded"
"2016-10-29 00:18:01 PDT","I","test2@match_com","UploadManagerService","Processing data for hour /storage/emulated/0/.MATCH/data/2016-10-26/18-PDT.zip.uploaded"
"2016-10-29 00:18:01 PDT","I","test2@match_com","UploadManagerService","Processing data for hour /storage/emulated/0/.MATCH/data/2016-10-26/20-PDT.zip.uploaded"
"2016-10-29 00:18:01 PDT","I","test2@match_com","UploadManagerService","Processing data for hour /storage/emulated/0/.MATCH/data/2016-10-26/23-PDT.zip.uploaded"
"2016-10-29 00:18:01 PDT","I","test2@match_com","UploadManagerService","Processing data for date - /storage/emulated/0/.MATCH/data/2016-10-27"
"2016-10-29 00:18:01 PDT","I","test2@match_com","UploadManagerService","Processing data for hour /storage/emulated/0/.MATCH/data/2016-10-27/01-PDT.zip.uploaded"
"2016-10-29 00:18:01 PDT","I","test2@match_com","UploadManagerService","Processing data for hour /storage/emulated/0/.MATCH/data/2016-10-27/03-PDT.zip.uploaded"
"2016-10-29 00:18:01 PDT","I","test2@match_com","UploadManagerService","Processing data for hour /storage/emulated/0/.MATCH/data/2016-10-27/04-PDT.zip.uploaded"
"2016-10-29 00:18:01 PDT","I","test2@match_com","UploadManagerService","Processing data for hour /storage/emulated/0/.MATCH/data/2016-10-27/06-PDT.zip.uploaded"
"2016-10-29 00:18:01 PDT","I","test2@match_com","UploadManagerService","Processing data for hour /storage/emulated/0/.MATCH/data/2016-10-27/00-PDT.zip.uploaded"
"2016-10-29 00:18:01 PDT","I","test2@match_com","UploadManagerService","Processing data for hour /storage/emulated/0/.MATCH/data/2016-10-27/02-PDT.zip.uploaded"
"2016-10-29 00:18:01 PDT","I","test2@match_com","UploadManagerService","Processing data for hour /storage/emulated/0/.MATCH/data/2016-10-27/05-PDT.zip.uploaded"
"2016-10-29 00:18:01 PDT","I","test2@match_com","UploadManagerService","Processing data for date - /storage/emulated/0/.MATCH/data/2016-10-28"
"2016-10-29 00:18:01 PDT","I","test2@match_com","UploadManagerService","Processing data for hour /storage/emulated/0/.MATCH/data/2016-10-28/13-PDT.zip"
"2016-10-29 00:18:01 PDT","I","test2@match_com","UploadManagerService","Processing data for hour /storage/emulated/0/.MATCH/data/2016-10-28/14-PDT.zip"
"2016-10-29 00:18:01 PDT","I","test2@match_com","UploadManagerService","Processing data for hour /storage/emulated/0/.MATCH/data/2016-10-28/15-PDT.zip"
"2016-10-29 00:18:01 PDT","I","test2@match_com","UploadManagerService","Processing data for hour /storage/emulated/0/.MATCH/data/2016-10-28/16-PDT.zip"
"2016-10-29 00:18:01 PDT","I","test2@match_com","UploadManagerService","Processing data for hour /storage/emulated/0/.MATCH/data/2016-10-28/17-PDT.zip"
"2016-10-29 00:18:01 PDT","I","test2@match_com","UploadManagerService","Processing data for hour /storage/emulated/0/.MATCH/data/2016-10-28/18-PDT.zip"
"2016-10-29 00:18:01 PDT","I","test2@match_com","UploadManagerService","Processing data for hour /storage/emulated/0/.MATCH/data/2016-10-28/19-PDT.zip"
"2016-10-29 00:18:01 PDT","I","test2@match_com","UploadManagerService","Processing data for hour /storage/emulated/0/.MATCH/data/2016-10-28/20-PDT.zip"
"2016-10-29 00:18:01 PDT","I","test2@match_com","UploadManagerService","Processing data for hour /storage/emulated/0/.MATCH/data/2016-10-28/21-PDT.zip"
"2016-10-29 00:18:01 PDT","I","test2@match_com","UploadManagerService","Processing data for hour /storage/emulated/0/.MATCH/data/2016-10-28/22-PDT.zip"
"2016-10-29 00:18:01 PDT","I","test2@match_com","UploadManagerService","Processing data for hour /storage/emulated/0/.MATCH/data/2016-10-28/23-PDT.zip"
"2016-10-29 00:18:01 PDT","I","test2@match_com","UploadManagerService","Processing data for date - /storage/emulated/0/.MATCH/data/2016-10-29"
"2016-10-29 00:18:01 PDT","I","test2@match_com","UploadManagerService","Processing data for hour /storage/emulated/0/.MATCH/data/2016-10-29/00-PDT"
"2016-10-29 00:18:01 PDT","I","test2@match_com","UploadManagerService","Internet is not connected. Not trying to upload files."
"2016-10-29 00:18:01 PDT","I","test2@match_com","MinuteService","Inside onCreate"
"2016-10-29 00:18:01 PDT","I","test2@match_com","MinuteService","Minute Service Alarm was set by - MinuteService"
"2016-10-29 00:18:01 PDT","I","test2@match_com","MinuteService","Time since previous run - 4"
"2016-10-29 00:18:01 PDT","I","test2@match_com","MinuteService","Previous run within last 50 seconds, ignoring this run"
"2016-10-29 00:18:01 PDT","I","test2@match_com","UploadManagerService","Inside onDestroy"
"2016-10-29 00:18:01 PDT","I","test2@match_com","MinuteService","Inside onDestroy"
"2016-10-29 00:18:01 PDT","I","test2@match_com","BackupMinuteService","Inside onCreate"
"2016-10-29 00:18:01 PDT","I","test2@match_com","Util","Inside setBackupMinuteServiceAlarm"
"2016-10-29 00:18:01 PDT","I","test2@match_com","Util","BackupMinuteService last run at - Sat Oct 29 00:18:01 PDT 2016"
"2016-10-29 00:18:01 PDT","I","test2@match_com","Util","BackupMinuteService next run at - Sat Oct 29 00:19:01 PDT 2016"
"2016-10-29 00:18:01 PDT","I","test2@match_com","MinuteService","Inside onCreate"
"2016-10-29 00:18:01 PDT","I","test2@match_com","MinuteService","Minute Service Alarm was set by - MinuteService"
"2016-10-29 00:18:01 PDT","I","test2@match_com","MinuteService","Time since previous run - 5"
"2016-10-29 00:18:01 PDT","I","test2@match_com","MinuteService","Previous run within last 50 seconds, ignoring this run"
"2016-10-29 00:18:01 PDT","I","test2@match_com","BackupMinuteService","Inside onDestroy"
"2016-10-29 00:18:01 PDT","I","test2@match_com","MinuteService","Inside onDestroy"
"2016-10-29 00:18:01 PDT","I","test2@match_com","AlwaysOnService","Received Intent - android.intent.action.TIME_TICK"
"2016-10-29 00:18:23 PDT","I","test2@match_com","AlwaysOnService","Received Intent - android.intent.action.BATTERY_CHANGED"
"2016-10-29 00:18:38 PDT","I","test2@match_com","AlwaysOnService","Received Intent - android.intent.action.BATTERY_CHANGED"
"2016-10-29 00:18:56 PDT","I","test2@match_com","MinuteService","Inside onCreate"
"2016-10-29 00:18:56 PDT","I","test2@match_com","MinuteService","Minute Service Alarm was set by - MinuteService"
"2016-10-29 00:18:56 PDT","I","test2@match_com","MinuteService","Time since previous run - 60"
"2016-10-29 00:18:56 PDT","I","test2@match_com","MinuteService","Setting Minute Service Last Run"
"2016-10-29 00:18:56 PDT","I","test2@match_com","MinuteService","Setting Minute Service Alarm"
"2016-10-29 00:18:56 PDT","I","test2@match_com","Util","Inside setMinuteServiceAlarmFromMinuteService"
"2016-10-29 00:18:56 PDT","I","test2@match_com","Util","MinuteService last run at - Sat Oct 29 00:18:56 PDT 2016"
"2016-10-29 00:18:56 PDT","I","test2@match_com","Util","MinuteService next run at - Sat Oct 29 00:19:56 PDT 2016"
"2016-10-29 00:18:56 PDT","I","test2@match_com","MinuteService","Setting Minute Service Backup Alarm"
"2016-10-29 00:18:56 PDT","I","test2@match_com","Util","Inside setBackupMinuteServiceAlarm"
"2016-10-29 00:18:56 PDT","I","test2@match_com","Util","BackupMinuteService last run at - Sat Oct 29 00:18:01 PDT 2016"
"2016-10-29 00:18:56 PDT","I","test2@match_com","Util","BackupMinuteService next run at - Sat Oct 29 00:19:01 PDT 2016"
"2016-10-29 00:18:56 PDT","I","test2@match_com","MinuteService","Initializing MATCHConstants"
"2016-10-29 00:18:56 PDT","I","test2@match_com","MinuteService","Notifying user about minute service run"
"2016-10-29 00:18:56 PDT","I","test2@match_com","MinuteService","Writing status to Firebase Database"
"2016-10-29 00:18:56 PDT","I","test2@match_com","MinuteService","Logging Network Status"
"2016-10-29 00:18:56 PDT","I","test2@match_com","ConnectivityManager","isConnected - false - isWifi - false - isMobileInternet - false"
"2016-10-29 00:18:56 PDT","I","test2@match_com","MinuteService","Logging Battery Status"
"2016-10-29 00:18:56 PDT","I","test2@match_com","BatteryManager","Percentage - 82 - isCharging - true - isUSBCharging - false - isACCharging - true - isWirelessCharging - false"
"2016-10-29 00:18:56 PDT","I","test2@match_com","MinuteService","Logging Memory Status"
"2016-10-29 00:18:56 PDT","I","test2@match_com","MemoryManager","Total Memory,898,Available Memory,415,Threshold Memory,144,IsLowMemory,false"
"2016-10-29 00:18:56 PDT","I","test2@match_com","MinuteService","Logging Storage Status"
"2016-10-29 00:18:56 PDT","I","test2@match_com","StorageManager","Internal Total,2247,Internal Free,589,External Total,4637,External Free,3937"
"2016-10-29 00:18:56 PDT","I","test2@match_com","MinuteService","Logging Power Status"
"2016-10-29 00:18:56 PDT","I","test2@match_com","PowerManager","isDeviceIdleMode - false - isInteractive - false - isPowerSaveMode - false - isSustainedPerformanceModeSupported - false"
"2016-10-29 00:18:56 PDT","I","test2@match_com","MinuteService","Logging Notifications Status"
"2016-10-29 00:18:56 PDT","I","test2@match_com","NotificationManager","AreNotificationsEnabled - true - Importance - Unspecified"
"2016-10-29 00:18:56 PDT","I","test2@match_com","MinuteService","Logging Location"
"2016-10-29 00:18:56 PDT","I","test2@match_com","MinuteService","Fetching latest study data"
"2016-10-29 00:18:56 PDT","I","test2@match_com","MinuteService","Starting UploadManagerService"
"2016-10-29 00:18:56 PDT","I","test2@match_com","MinuteService","Starting SurveyManagerService"
"2016-10-29 00:18:56 PDT","I","test2@match_com","UploadManagerService","Inside onCreate"
"2016-10-29 00:18:56 PDT","I","test2@match_com","UploadManagerService","Processing Logs"
"2016-10-29 00:18:56 PDT","I","test2@match_com","UploadManagerService","Processing Logs for Date - /storage/emulated/0/.MATCH/logs/2016-10-26"
"2016-10-29 00:18:56 PDT","I","test2@match_com","UploadManagerService","Processing Logs for Date - /storage/emulated/0/.MATCH/logs/2016-10-27"
"2016-10-29 00:18:56 PDT","I","test2@match_com","UploadManagerService","Processing Logs for Date - /storage/emulated/0/.MATCH/logs/2016-10-28"
"2016-10-29 00:18:56 PDT","I","test2@match_com","UploadManagerService","Processing Logs for Date - /storage/emulated/0/.MATCH/logs/2016-10-29"
"2016-10-29 00:18:56 PDT","I","test2@match_com","UploadManagerService","Processing Surveys"
"2016-10-29 00:18:56 PDT","I","test2@match_com","UploadManagerService","Processing Data files"
"2016-10-29 00:18:56 PDT","I","test2@match_com","UploadManagerService","Processing data for date - /storage/emulated/0/.MATCH/data/2016-10-26"
"2016-10-29 00:18:56 PDT","I","test2@match_com","UploadManagerService","Processing data for hour /storage/emulated/0/.MATCH/data/2016-10-26/19-PDT.zip.uploaded"
"2016-10-29 00:18:56 PDT","I","test2@match_com","UploadManagerService","Processing data for hour /storage/emulated/0/.MATCH/data/2016-10-26/13-PDT.zip.uploaded"
"2016-10-29 00:18:56 PDT","I","test2@match_com","UploadManagerService","Processing data for hour /storage/emulated/0/.MATCH/data/2016-10-26/14-PDT.zip.uploaded"
"2016-10-29 00:18:56 PDT","I","test2@match_com","UploadManagerService","Processing data for hour /storage/emulated/0/.MATCH/data/2016-10-26/15-PDT.zip.uploaded"
"2016-10-29 00:18:56 PDT","I","test2@match_com","UploadManagerService","Processing data for hour /storage/emulated/0/.MATCH/data/2016-10-26/16-PDT.zip.uploaded"
"2016-10-29 00:18:56 PDT","I","test2@match_com","UploadManagerService","Processing data for hour /storage/emulated/0/.MATCH/data/2016-10-26/17-PDT.zip.uploaded"
"2016-10-29 00:18:56 PDT","I","test2@match_com","UploadManagerService","Processing data for hour /storage/emulated/0/.MATCH/data/2016-10-26/21-PDT.zip.uploaded"
"2016-10-29 00:18:56 PDT","I","test2@match_com","UploadManagerService","Processing data for hour /storage/emulated/0/.MATCH/data/2016-10-26/22-PDT.zip.uploaded"
"2016-10-29 00:18:56 PDT","I","test2@match_com","UploadManagerService","Processing data for hour /storage/emulated/0/.MATCH/data/2016-10-26/18-PDT.zip.uploaded"
"2016-10-29 00:18:56 PDT","I","test2@match_com","UploadManagerService","Processing data for hour /storage/emulated/0/.MATCH/data/2016-10-26/20-PDT.zip.uploaded"
"2016-10-29 00:18:56 PDT","I","test2@match_com","UploadManagerService","Processing data for hour /storage/emulated/0/.MATCH/data/2016-10-26/23-PDT.zip.uploaded"
"2016-10-29 00:18:56 PDT","I","test2@match_com","UploadManagerService","Processing data for date - /storage/emulated/0/.MATCH/data/2016-10-27"
"2016-10-29 00:18:56 PDT","I","test2@match_com","UploadManagerService","Processing data for hour /storage/emulated/0/.MATCH/data/2016-10-27/01-PDT.zip.uploaded"
"2016-10-29 00:18:56 PDT","I","test2@match_com","UploadManagerService","Processing data for hour /storage/emulated/0/.MATCH/data/2016-10-27/03-PDT.zip.uploaded"
"2016-10-29 00:18:56 PDT","I","test2@match_com","UploadManagerService","Processing data for hour /storage/emulated/0/.MATCH/data/2016-10-27/04-PDT.zip.uploaded"
"2016-10-29 00:18:56 PDT","I","test2@match_com","UploadManagerService","Processing data for hour /storage/emulated/0/.MATCH/data/2016-10-27/06-PDT.zip.uploaded"
"2016-10-29 00:18:56 PDT","I","test2@match_com","UploadManagerService","Processing data for hour /storage/emulated/0/.MATCH/data/2016-10-27/00-PDT.zip.uploaded"
"2016-10-29 00:18:56 PDT","I","test2@match_com","UploadManagerService","Processing data for hour /storage/emulated/0/.MATCH/data/2016-10-27/02-PDT.zip.uploaded"
"2016-10-29 00:18:56 PDT","I","test2@match_com","UploadManagerService","Processing data for hour /storage/emulated/0/.MATCH/data/2016-10-27/05-PDT.zip.uploaded"
"2016-10-29 00:18:56 PDT","I","test2@match_com","UploadManagerService","Processing data for date - /storage/emulated/0/.MATCH/data/2016-10-28"
"2016-10-29 00:18:56 PDT","I","test2@match_com","UploadManagerService","Processing data for hour /storage/emulated/0/.MATCH/data/2016-10-28/13-PDT.zip"
"2016-10-29 00:18:56 PDT","I","test2@match_com","UploadManagerService","Processing data for hour /storage/emulated/0/.MATCH/data/2016-10-28/14-PDT.zip"
"2016-10-29 00:18:56 PDT","I","test2@match_com","UploadManagerService","Processing data for hour /storage/emulated/0/.MATCH/data/2016-10-28/15-PDT.zip"
"2016-10-29 00:18:56 PDT","I","test2@match_com","UploadManagerService","Processing data for hour /storage/emulated/0/.MATCH/data/2016-10-28/16-PDT.zip"
"2016-10-29 00:18:56 PDT","I","test2@match_com","UploadManagerService","Processing data for hour /storage/emulated/0/.MATCH/data/2016-10-28/17-PDT.zip"
"2016-10-29 00:18:56 PDT","I","test2@match_com","UploadManagerService","Processing data for hour /storage/emulated/0/.MATCH/data/2016-10-28/18-PDT.zip"
"2016-10-29 00:18:56 PDT","I","test2@match_com","UploadManagerService","Processing data for hour /storage/emulated/0/.MATCH/data/2016-10-28/19-PDT.zip"
"2016-10-29 00:18:56 PDT","I","test2@match_com","UploadManagerService","Processing data for hour /storage/emulated/0/.MATCH/data/2016-10-28/20-PDT.zip"
"2016-10-29 00:18:56 PDT","I","test2@match_com","UploadManagerService","Processing data for hour /storage/emulated/0/.MATCH/data/2016-10-28/21-PDT.zip"
"2016-10-29 00:18:56 PDT","I","test2@match_com","UploadManagerService","Processing data for hour /storage/emulated/0/.MATCH/data/2016-10-28/22-PDT.zip"
"2016-10-29 00:18:56 PDT","I","test2@match_com","UploadManagerService","Processing data for hour /storage/emulated/0/.MATCH/data/2016-10-28/23-PDT.zip"
"2016-10-29 00:18:56 PDT","I","test2@match_com","UploadManagerService","Processing data for date - /storage/emulated/0/.MATCH/data/2016-10-29"
"2016-10-29 00:18:56 PDT","I","test2@match_com","UploadManagerService","Processing data for hour /storage/emulated/0/.MATCH/data/2016-10-29/00-PDT"
"2016-10-29 00:18:56 PDT","I","test2@match_com","UploadManagerService","Internet is not connected. Not trying to upload files."
"2016-10-29 00:18:57 PDT","I","test2@match_com","SurveyManagerService","Inside onCreate"
"2016-10-29 00:18:57 PDT","I","test2@match_com","SurveyManagerService","Current time is - Sat Oct 29 00:18:57 PDT 2016"
"2016-10-29 00:18:57 PDT","I","test2@match_com","SurveyManagerService","Start Date is - Tue Oct 25 19:00:00 PDT 2016"
"2016-10-29 00:18:57 PDT","I","test2@match_com","SurveyManagerService","End Date is - Tue Nov 01 16:00:00 PDT 2016"
"2016-10-29 00:18:57 PDT","I","test2@match_com","SurveyManagerService","Scheduling Survey for - KEY_EMA_0730TO0800_CHILD"
"2016-10-29 00:18:57 PDT","I","test2@match_com","SurveyManagerService","Survey KEY_EMA_0730TO0800_CHILD is already scheduled"
"2016-10-29 00:18:57 PDT","I","test2@match_com","SurveyManagerService","Scheduling Survey for - KEY_EMA_0930TO1000_CHILD"
"2016-10-29 00:18:57 PDT","I","test2@match_com","SurveyManagerService","Survey KEY_EMA_0930TO1000_CHILD is already scheduled"
"2016-10-29 00:18:57 PDT","I","test2@match_com","SurveyManagerService","Scheduling Survey for - KEY_EMA_1130TO1200_CHILD"
"2016-10-29 00:18:57 PDT","I","test2@match_com","SurveyManagerService","Survey KEY_EMA_1130TO1200_CHILD is already scheduled"
"2016-10-29 00:18:57 PDT","I","test2@match_com","SurveyManagerService","Scheduling Survey for - KEY_EMA_1330TO1400_CHILD"
"2016-10-29 00:18:57 PDT","I","test2@match_com","SurveyManagerService","Survey KEY_EMA_1330TO1400_CHILD is already scheduled"
"2016-10-29 00:18:57 PDT","I","test2@match_com","SurveyManagerService","Scheduling Survey for - KEY_EMA_1530TO1600_CHILD"
"2016-10-29 00:18:57 PDT","I","test2@match_com","SurveyManagerService","Survey KEY_EMA_1530TO1600_CHILD is already scheduled"
"2016-10-29 00:18:57 PDT","I","test2@match_com","SurveyManagerService","Scheduling Survey for - KEY_EMA_1730TO1800_CHILD"
"2016-10-29 00:18:57 PDT","I","test2@match_com","SurveyManagerService","Survey KEY_EMA_1730TO1800_CHILD is already scheduled"
"2016-10-29 00:18:57 PDT","I","test2@match_com","SurveyManagerService","Scheduling Survey for - KEY_EMA_1930TO2000_CHILD"
"2016-10-29 00:18:57 PDT","I","test2@match_com","SurveyManagerService","Survey KEY_EMA_1930TO2000_CHILD is already scheduled"
"2016-10-29 00:18:57 PDT","I","test2@match_com","SurveyManagerService","Saliva surveys are already scheduled"
"2016-10-29 00:18:57 PDT","I","test2@match_com","SurveyManagerService","Survey KEY_SALIVA_BEDTIME scheduled for Sat Oct 29 21:46:57 PDT 2016"
"2016-10-29 00:18:57 PDT","I","test2@match_com","SurveyManagerService","Survey Schedule for KEY_EMA_0730TO0800_CHILD is Sat Oct 29 07:47:17 PDT 2016"
"2016-10-29 00:18:57 PDT","I","test2@match_com","SurveyManagerService","Still not time to prompt the survey"
"2016-10-29 00:18:57 PDT","I","test2@match_com","SurveyManagerService","Survey Schedule for KEY_EMA_0930TO1000_CHILD is Sat Oct 29 09:57:24 PDT 2016"
"2016-10-29 00:18:57 PDT","I","test2@match_com","SurveyManagerService","Still not time to prompt the survey"
"2016-10-29 00:18:57 PDT","I","test2@match_com","SurveyManagerService","Survey Schedule for KEY_EMA_1130TO1200_CHILD is Sat Oct 29 11:45:10 PDT 2016"
"2016-10-29 00:18:57 PDT","I","test2@match_com","SurveyManagerService","Still not time to prompt the survey"
"2016-10-29 00:18:57 PDT","I","test2@match_com","SurveyManagerService","Survey Schedule for KEY_EMA_1330TO1400_CHILD is Sat Oct 29 13:44:02 PDT 2016"
"2016-10-29 00:18:57 PDT","I","test2@match_com","SurveyManagerService","Still not time to prompt the survey"
"2016-10-29 00:18:57 PDT","I","test2@match_com","SurveyManagerService","Survey Schedule for KEY_EMA_1530TO1600_CHILD is Sat Oct 29 15:33:41 PDT 2016"
"2016-10-29 00:18:57 PDT","I","test2@match_com","SurveyManagerService","Still not time to prompt the survey"
"2016-10-29 00:18:57 PDT","I","test2@match_com","SurveyManagerService","Survey Schedule for KEY_EMA_1730TO1800_CHILD is Sat Oct 29 17:47:43 PDT 2016"
"2016-10-29 00:18:57 PDT","I","test2@match_com","SurveyManagerService","Still not time to prompt the survey"
"2016-10-29 00:18:57 PDT","I","test2@match_com","SurveyManagerService","Survey Schedule for KEY_EMA_1930TO2000_CHILD is Sat Oct 29 19:36:11 PDT 2016"
"2016-10-29 00:18:57 PDT","I","test2@match_com","SurveyManagerService","Still not time to prompt the survey"
"2016-10-29 00:18:57 PDT","I","test2@match_com","SurveyManagerService","KEY_SALIVA_WAKING is scheduled for Sat Oct 29 06:46:56 PDT 2016"
"2016-10-29 00:18:57 PDT","I","test2@match_com","SurveyManagerService","Prompt KEY_SALIVA_WAKING is in the future - Sat Oct 29 06:46:56 PDT 2016"
"2016-10-29 00:18:57 PDT","I","test2@match_com","SurveyManagerService","KEY_SALIVA_WAKING_PLUS_30 is scheduled for Sat Oct 29 07:16:56 PDT 2016"
"2016-10-29 00:18:57 PDT","I","test2@match_com","SurveyManagerService","Prompt KEY_SALIVA_WAKING_PLUS_30 is in the future - Sat Oct 29 07:16:56 PDT 2016"
"2016-10-29 00:18:57 PDT","I","test2@match_com","SurveyManagerService","KEY_SALIVA_AFTERNOON_4TO430_CHILD is scheduled for Sat Oct 29 16:16:27 PDT 2016"
"2016-10-29 00:18:57 PDT","I","test2@match_com","SurveyManagerService","Prompt KEY_SALIVA_AFTERNOON_4TO430_CHILD is in the future - Sat Oct 29 16:16:27 PDT 2016"
"2016-10-29 00:18:57 PDT","I","test2@match_com","SurveyManagerService","KEY_SALIVA_BEDTIME is scheduled for Sat Oct 29 21:46:57 PDT 2016"
"2016-10-29 00:18:57 PDT","I","test2@match_com","SurveyManagerService","Prompt KEY_SALIVA_BEDTIME is in the future - Sat Oct 29 21:46:57 PDT 2016"
"2016-10-29 00:18:57 PDT","I","test2@match_com","MinuteService","Inside onDestroy"
"2016-10-29 00:18:57 PDT","I","test2@match_com","UploadManagerService","Inside onDestroy"
"2016-10-29 00:18:57 PDT","I","test2@match_com","SurveyManagerService","Inside onDestroy"
"2016-10-29 00:18:57 PDT","I","test2@match_com","Zipper","unzipFileWithEncryption"
"2016-10-29 00:18:57 PDT","I","test2@match_com","Zipper","Deleting File - /storage/emulated/0/.MATCH/data/2016-10-29/00-PDT/GPS.csv.zip"
"2016-10-29 00:18:57 PDT","I","test2@match_com","Zipper","zipFileWithEncryption - /storage/emulated/0/.MATCH/data/2016-10-29/00-PDT/GPS.csv"
"2016-10-29 00:18:57 PDT","I","test2@match_com","Zipper","Creating ZipFile - /storage/emulated/0/.MATCH/data/2016-10-29/00-PDT/GPS.csv.zip"
"2016-10-29 00:18:57 PDT","I","test2@match_com","Zipper","Deleting File - /storage/emulated/0/.MATCH/data/2016-10-29/00-PDT/GPS.csv"
"2016-10-29 00:19:01 PDT","I","test2@match_com","UploadManagerService","Inside onCreate"
"2016-10-29 00:19:01 PDT","I","test2@match_com","UploadManagerService","Processing Logs"
"2016-10-29 00:19:01 PDT","I","test2@match_com","UploadManagerService","Processing Logs for Date - /storage/emulated/0/.MATCH/logs/2016-10-26"
"2016-10-29 00:19:01 PDT","I","test2@match_com","UploadManagerService","Processing Logs for Date - /storage/emulated/0/.MATCH/logs/2016-10-27"
"2016-10-29 00:19:01 PDT","I","test2@match_com","UploadManagerService","Processing Logs for Date - /storage/emulated/0/.MATCH/logs/2016-10-28"
"2016-10-29 00:19:01 PDT","I","test2@match_com","UploadManagerService","Processing Logs for Date - /storage/emulated/0/.MATCH/logs/2016-10-29"
"2016-10-29 00:19:01 PDT","I","test2@match_com","UploadManagerService","Processing Surveys"
"2016-10-29 00:19:01 PDT","I","test2@match_com","UploadManagerService","Processing Data files"
"2016-10-29 00:19:01 PDT","I","test2@match_com","UploadManagerService","Processing data for date - /storage/emulated/0/.MATCH/data/2016-10-26"
"2016-10-29 00:19:01 PDT","I","test2@match_com","UploadManagerService","Processing data for hour /storage/emulated/0/.MATCH/data/2016-10-26/19-PDT.zip.uploaded"
"2016-10-29 00:19:01 PDT","I","test2@match_com","UploadManagerService","Processing data for hour /storage/emulated/0/.MATCH/data/2016-10-26/13-PDT.zip.uploaded"
"2016-10-29 00:19:01 PDT","I","test2@match_com","UploadManagerService","Processing data for hour /storage/emulated/0/.MATCH/data/2016-10-26/14-PDT.zip.uploaded"
"2016-10-29 00:19:01 PDT","I","test2@match_com","UploadManagerService","Processing data for hour /storage/emulated/0/.MATCH/data/2016-10-26/15-PDT.zip.uploaded"
"2016-10-29 00:19:01 PDT","I","test2@match_com","UploadManagerService","Processing data for hour /storage/emulated/0/.MATCH/data/2016-10-26/16-PDT.zip.uploaded"
"2016-10-29 00:19:01 PDT","I","test2@match_com","UploadManagerService","Processing data for hour /storage/emulated/0/.MATCH/data/2016-10-26/17-PDT.zip.uploaded"
"2016-10-29 00:19:01 PDT","I","test2@match_com","UploadManagerService","Processing data for hour /storage/emulated/0/.MATCH/data/2016-10-26/21-PDT.zip.uploaded"
"2016-10-29 00:19:01 PDT","I","test2@match_com","UploadManagerService","Processing data for hour /storage/emulated/0/.MATCH/data/2016-10-26/22-PDT.zip.uploaded"
"2016-10-29 00:19:01 PDT","I","test2@match_com","UploadManagerService","Processing data for hour /storage/emulated/0/.MATCH/data/2016-10-26/18-PDT.zip.uploaded"
"2016-10-29 00:19:01 PDT","I","test2@match_com","UploadManagerService","Processing data for hour /storage/emulated/0/.MATCH/data/2016-10-26/20-PDT.zip.uploaded"
"2016-10-29 00:19:01 PDT","I","test2@match_com","UploadManagerService","Processing data for hour /storage/emulated/0/.MATCH/data/2016-10-26/23-PDT.zip.uploaded"
"2016-10-29 00:19:01 PDT","I","test2@match_com","UploadManagerService","Processing data for date - /storage/emulated/0/.MATCH/data/2016-10-27"
"2016-10-29 00:19:01 PDT","I","test2@match_com","UploadManagerService","Processing data for hour /storage/emulated/0/.MATCH/data/2016-10-27/01-PDT.zip.uploaded"
"2016-10-29 00:19:01 PDT","I","test2@match_com","UploadManagerService","Processing data for hour /storage/emulated/0/.MATCH/data/2016-10-27/03-PDT.zip.uploaded"
"2016-10-29 00:19:01 PDT","I","test2@match_com","UploadManagerService","Processing data for hour /storage/emulated/0/.MATCH/data/2016-10-27/04-PDT.zip.uploaded"
"2016-10-29 00:19:01 PDT","I","test2@match_com","UploadManagerService","Processing data for hour /storage/emulated/0/.MATCH/data/2016-10-27/06-PDT.zip.uploaded"
"2016-10-29 00:19:01 PDT","I","test2@match_com","UploadManagerService","Processing data for hour /storage/emulated/0/.MATCH/data/2016-10-27/00-PDT.zip.uploaded"
"2016-10-29 00:19:01 PDT","I","test2@match_com","UploadManagerService","Processing data for hour /storage/emulated/0/.MATCH/data/2016-10-27/02-PDT.zip.uploaded"
"2016-10-29 00:19:01 PDT","I","test2@match_com","UploadManagerService","Processing data for hour /storage/emulated/0/.MATCH/data/2016-10-27/05-PDT.zip.uploaded"
"2016-10-29 00:19:01 PDT","I","test2@match_com","UploadManagerService","Processing data for date - /storage/emulated/0/.MATCH/data/2016-10-28"
"2016-10-29 00:19:01 PDT","I","test2@match_com","UploadManagerService","Processing data for hour /storage/emulated/0/.MATCH/data/2016-10-28/13-PDT.zip"
"2016-10-29 00:19:01 PDT","I","test2@match_com","UploadManagerService","Processing data for hour /storage/emulated/0/.MATCH/data/2016-10-28/14-PDT.zip"
"2016-10-29 00:19:01 PDT","I","test2@match_com","UploadManagerService","Processing data for hour /storage/emulated/0/.MATCH/data/2016-10-28/15-PDT.zip"
"2016-10-29 00:19:01 PDT","I","test2@match_com","UploadManagerService","Processing data for hour /storage/emulated/0/.MATCH/data/2016-10-28/16-PDT.zip"
"2016-10-29 00:19:01 PDT","I","test2@match_com","UploadManagerService","Processing data for hour /storage/emulated/0/.MATCH/data/2016-10-28/17-PDT.zip"
"2016-10-29 00:19:01 PDT","I","test2@match_com","UploadManagerService","Processing data for hour /storage/emulated/0/.MATCH/data/2016-10-28/18-PDT.zip"
"2016-10-29 00:19:01 PDT","I","test2@match_com","UploadManagerService","Processing data for hour /storage/emulated/0/.MATCH/data/2016-10-28/19-PDT.zip"
"2016-10-29 00:19:01 PDT","I","test2@match_com","UploadManagerService","Processing data for hour /storage/emulated/0/.MATCH/data/2016-10-28/20-PDT.zip"
"2016-10-29 00:19:01 PDT","I","test2@match_com","UploadManagerService","Processing data for hour /storage/emulated/0/.MATCH/data/2016-10-28/21-PDT.zip"
"2016-10-29 00:19:01 PDT","I","test2@match_com","UploadManagerService","Processing data for hour /storage/emulated/0/.MATCH/data/2016-10-28/22-PDT.zip"
"2016-10-29 00:19:01 PDT","I","test2@match_com","UploadManagerService","Processing data for hour /storage/emulated/0/.MATCH/data/2016-10-28/23-PDT.zip"
"2016-10-29 00:19:01 PDT","I","test2@match_com","UploadManagerService","Processing data for date - /storage/emulated/0/.MATCH/data/2016-10-29"
"2016-10-29 00:19:01 PDT","I","test2@match_com","UploadManagerService","Processing data for hour /storage/emulated/0/.MATCH/data/2016-10-29/00-PDT"
"2016-10-29 00:19:01 PDT","I","test2@match_com","UploadManagerService","Internet is not connected. Not trying to upload files."
"2016-10-29 00:19:01 PDT","I","test2@match_com","MinuteService","Inside onCreate"
"2016-10-29 00:19:01 PDT","I","test2@match_com","MinuteService","Minute Service Alarm was set by - MinuteService"
"2016-10-29 00:19:01 PDT","I","test2@match_com","MinuteService","Time since previous run - 4"
"2016-10-29 00:19:01 PDT","I","test2@match_com","MinuteService","Previous run within last 50 seconds, ignoring this run"
"2016-10-29 00:19:01 PDT","I","test2@match_com","UploadManagerService","Inside onDestroy"
"2016-10-29 00:19:01 PDT","I","test2@match_com","MinuteService","Inside onDestroy"
"2016-10-29 00:19:01 PDT","I","test2@match_com","BackupMinuteService","Inside onCreate"
"2016-10-29 00:19:01 PDT","I","test2@match_com","Util","Inside setBackupMinuteServiceAlarm"
"2016-10-29 00:19:01 PDT","I","test2@match_com","Util","BackupMinuteService last run at - Sat Oct 29 00:19:01 PDT 2016"
"2016-10-29 00:19:01 PDT","I","test2@match_com","Util","BackupMinuteService next run at - Sat Oct 29 00:20:01 PDT 2016"
"2016-10-29 00:19:01 PDT","I","test2@match_com","MinuteService","Inside onCreate"
"2016-10-29 00:19:01 PDT","I","test2@match_com","MinuteService","Minute Service Alarm was set by - MinuteService"
"2016-10-29 00:19:01 PDT","I","test2@match_com","MinuteService","Time since previous run - 5"
"2016-10-29 00:19:01 PDT","I","test2@match_com","MinuteService","Previous run within last 50 seconds, ignoring this run"
"2016-10-29 00:19:01 PDT","I","test2@match_com","BackupMinuteService","Inside onDestroy"
"2016-10-29 00:19:01 PDT","I","test2@match_com","MinuteService","Inside onDestroy"
"2016-10-29 00:19:01 PDT","I","test2@match_com","AlwaysOnService","Received Intent - android.intent.action.TIME_TICK"
"2016-10-29 00:19:23 PDT","I","test2@match_com","AlwaysOnService","Received Intent - android.intent.action.BATTERY_CHANGED"
"2016-10-29 00:19:36 PDT","I","test2@match_com","AlwaysOnService","Received Intent - android.intent.action.BATTERY_CHANGED"
"2016-10-29 00:19:56 PDT","I","test2@match_com","MinuteService","Inside onCreate"
"2016-10-29 00:19:56 PDT","I","test2@match_com","MinuteService","Minute Service Alarm was set by - MinuteService"
"2016-10-29 00:19:56 PDT","I","test2@match_com","MinuteService","Time since previous run - 60"
"2016-10-29 00:19:56 PDT","I","test2@match_com","MinuteService","Setting Minute Service Last Run"
"2016-10-29 00:19:56 PDT","I","test2@match_com","MinuteService","Setting Minute Service Alarm"
"2016-10-29 00:19:56 PDT","I","test2@match_com","Util","Inside setMinuteServiceAlarmFromMinuteService"
"2016-10-29 00:19:56 PDT","I","test2@match_com","Util","MinuteService last run at - Sat Oct 29 00:19:56 PDT 2016"
"2016-10-29 00:19:56 PDT","I","test2@match_com","Util","MinuteService next run at - Sat Oct 29 00:20:56 PDT 2016"
"2016-10-29 00:19:56 PDT","I","test2@match_com","MinuteService","Setting Minute Service Backup Alarm"
"2016-10-29 00:19:56 PDT","I","test2@match_com","Util","Inside setBackupMinuteServiceAlarm"
"2016-10-29 00:19:56 PDT","I","test2@match_com","Util","BackupMinuteService last run at - Sat Oct 29 00:19:01 PDT 2016"
"2016-10-29 00:19:56 PDT","I","test2@match_com","Util","BackupMinuteService next run at - Sat Oct 29 00:20:01 PDT 2016"
"2016-10-29 00:19:56 PDT","I","test2@match_com","MinuteService","Initializing MATCHConstants"
"2016-10-29 00:19:56 PDT","I","test2@match_com","MinuteService","Notifying user about minute service run"
"2016-10-29 00:19:56 PDT","I","test2@match_com","MinuteService","Writing status to Firebase Database"
"2016-10-29 00:19:56 PDT","I","test2@match_com","MinuteService","Logging Network Status"
"2016-10-29 00:19:56 PDT","I","test2@match_com","ConnectivityManager","isConnected - false - isWifi - false - isMobileInternet - false"
"2016-10-29 00:19:56 PDT","I","test2@match_com","MinuteService","Logging Battery Status"
"2016-10-29 00:19:56 PDT","I","test2@match_com","BatteryManager","Percentage - 83 - isCharging - true - isUSBCharging - false - isACCharging - true - isWirelessCharging - false"
"2016-10-29 00:19:56 PDT","I","test2@match_com","MinuteService","Logging Memory Status"
"2016-10-29 00:19:56 PDT","I","test2@match_com","MemoryManager","Total Memory,898,Available Memory,415,Threshold Memory,144,IsLowMemory,false"
"2016-10-29 00:19:56 PDT","I","test2@match_com","MinuteService","Logging Storage Status"
"2016-10-29 00:19:56 PDT","I","test2@match_com","StorageManager","Internal Total,2247,Internal Free,589,External Total,4637,External Free,3937"
"2016-10-29 00:19:56 PDT","I","test2@match_com","MinuteService","Logging Power Status"
"2016-10-29 00:19:56 PDT","I","test2@match_com","PowerManager","isDeviceIdleMode - false - isInteractive - false - isPowerSaveMode - false - isSustainedPerformanceModeSupported - false"
"2016-10-29 00:19:56 PDT","I","test2@match_com","MinuteService","Logging Notifications Status"
"2016-10-29 00:19:56 PDT","I","test2@match_com","NotificationManager","AreNotificationsEnabled - true - Importance - Unspecified"
"2016-10-29 00:19:56 PDT","I","test2@match_com","MinuteService","Logging Location"
"2016-10-29 00:19:56 PDT","I","test2@match_com","MinuteService","Fetching latest study data"
"2016-10-29 00:19:56 PDT","I","test2@match_com","MinuteService","Starting UploadManagerService"
"2016-10-29 00:19:56 PDT","I","test2@match_com","MinuteService","Starting SurveyManagerService"
"2016-10-29 00:19:56 PDT","I","test2@match_com","UploadManagerService","Inside onCreate"
"2016-10-29 00:19:56 PDT","I","test2@match_com","UploadManagerService","Processing Logs"
"2016-10-29 00:19:56 PDT","I","test2@match_com","UploadManagerService","Processing Logs for Date - /storage/emulated/0/.MATCH/logs/2016-10-26"
"2016-10-29 00:19:56 PDT","I","test2@match_com","UploadManagerService","Processing Logs for Date - /storage/emulated/0/.MATCH/logs/2016-10-27"
"2016-10-29 00:19:56 PDT","I","test2@match_com","UploadManagerService","Processing Logs for Date - /storage/emulated/0/.MATCH/logs/2016-10-28"
"2016-10-29 00:19:56 PDT","I","test2@match_com","UploadManagerService","Processing Logs for Date - /storage/emulated/0/.MATCH/logs/2016-10-29"
"2016-10-29 00:19:56 PDT","I","test2@match_com","UploadManagerService","Processing Surveys"
"2016-10-29 00:19:56 PDT","I","test2@match_com","UploadManagerService","Processing Data files"
"2016-10-29 00:19:56 PDT","I","test2@match_com","UploadManagerService","Processing data for date - /storage/emulated/0/.MATCH/data/2016-10-26"
"2016-10-29 00:19:56 PDT","I","test2@match_com","UploadManagerService","Processing data for hour /storage/emulated/0/.MATCH/data/2016-10-26/19-PDT.zip.uploaded"
"2016-10-29 00:19:56 PDT","I","test2@match_com","UploadManagerService","Processing data for hour /storage/emulated/0/.MATCH/data/2016-10-26/13-PDT.zip.uploaded"
"2016-10-29 00:19:56 PDT","I","test2@match_com","UploadManagerService","Processing data for hour /storage/emulated/0/.MATCH/data/2016-10-26/14-PDT.zip.uploaded"
"2016-10-29 00:19:56 PDT","I","test2@match_com","UploadManagerService","Processing data for hour /storage/emulated/0/.MATCH/data/2016-10-26/15-PDT.zip.uploaded"
"2016-10-29 00:19:56 PDT","I","test2@match_com","UploadManagerService","Processing data for hour /storage/emulated/0/.MATCH/data/2016-10-26/16-PDT.zip.uploaded"
"2016-10-29 00:19:56 PDT","I","test2@match_com","UploadManagerService","Processing data for hour /storage/emulated/0/.MATCH/data/2016-10-26/17-PDT.zip.uploaded"
"2016-10-29 00:19:56 PDT","I","test2@match_com","UploadManagerService","Processing data for hour /storage/emulated/0/.MATCH/data/2016-10-26/21-PDT.zip.uploaded"
"2016-10-29 00:19:56 PDT","I","test2@match_com","UploadManagerService","Processing data for hour /storage/emulated/0/.MATCH/data/2016-10-26/22-PDT.zip.uploaded"
"2016-10-29 00:19:56 PDT","I","test2@match_com","UploadManagerService","Processing data for hour /storage/emulated/0/.MATCH/data/2016-10-26/18-PDT.zip.uploaded"
"2016-10-29 00:19:56 PDT","I","test2@match_com","UploadManagerService","Processing data for hour /storage/emulated/0/.MATCH/data/2016-10-26/20-PDT.zip.uploaded"
"2016-10-29 00:19:56 PDT","I","test2@match_com","UploadManagerService","Processing data for hour /storage/emulated/0/.MATCH/data/2016-10-26/23-PDT.zip.uploaded"
"2016-10-29 00:19:56 PDT","I","test2@match_com","UploadManagerService","Processing data for date - /storage/emulated/0/.MATCH/data/2016-10-27"
"2016-10-29 00:19:56 PDT","I","test2@match_com","UploadManagerService","Processing data for hour /storage/emulated/0/.MATCH/data/2016-10-27/01-PDT.zip.uploaded"
"2016-10-29 00:19:56 PDT","I","test2@match_com","UploadManagerService","Processing data for hour /storage/emulated/0/.MATCH/data/2016-10-27/03-PDT.zip.uploaded"
"2016-10-29 00:19:56 PDT","I","test2@match_com","UploadManagerService","Processing data for hour /storage/emulated/0/.MATCH/data/2016-10-27/04-PDT.zip.uploaded"
"2016-10-29 00:19:56 PDT","I","test2@match_com","UploadManagerService","Processing data for hour /storage/emulated/0/.MATCH/data/2016-10-27/06-PDT.zip.uploaded"
"2016-10-29 00:19:56 PDT","I","test2@match_com","UploadManagerService","Processing data for hour /storage/emulated/0/.MATCH/data/2016-10-27/00-PDT.zip.uploaded"
"2016-10-29 00:19:56 PDT","I","test2@match_com","UploadManagerService","Processing data for hour /storage/emulated/0/.MATCH/data/2016-10-27/02-PDT.zip.uploaded"
"2016-10-29 00:19:56 PDT","I","test2@match_com","UploadManagerService","Processing data for hour /storage/emulated/0/.MATCH/data/2016-10-27/05-PDT.zip.uploaded"
"2016-10-29 00:19:56 PDT","I","test2@match_com","UploadManagerService","Processing data for date - /storage/emulated/0/.MATCH/data/2016-10-28"
"2016-10-29 00:19:56 PDT","I","test2@match_com","UploadManagerService","Processing data for hour /storage/emulated/0/.MATCH/data/2016-10-28/13-PDT.zip"
"2016-10-29 00:19:56 PDT","I","test2@match_com","UploadManagerService","Processing data for hour /storage/emulated/0/.MATCH/data/2016-10-28/14-PDT.zip"
"2016-10-29 00:19:56 PDT","I","test2@match_com","UploadManagerService","Processing data for hour /storage/emulated/0/.MATCH/data/2016-10-28/15-PDT.zip"
"2016-10-29 00:19:56 PDT","I","test2@match_com","UploadManagerService","Processing data for hour /storage/emulated/0/.MATCH/data/2016-10-28/16-PDT.zip"
"2016-10-29 00:19:56 PDT","I","test2@match_com","UploadManagerService","Processing data for hour /storage/emulated/0/.MATCH/data/2016-10-28/17-PDT.zip"
"2016-10-29 00:19:57 PDT","I","test2@match_com","UploadManagerService","Processing data for hour /storage/emulated/0/.MATCH/data/2016-10-28/18-PDT.zip"
"2016-10-29 00:19:57 PDT","I","test2@match_com","UploadManagerService","Processing data for hour /storage/emulated/0/.MATCH/data/2016-10-28/19-PDT.zip"
"2016-10-29 00:19:57 PDT","I","test2@match_com","UploadManagerService","Processing data for hour /storage/emulated/0/.MATCH/data/2016-10-28/20-PDT.zip"
"2016-10-29 00:19:57 PDT","I","test2@match_com","UploadManagerService","Processing data for hour /storage/emulated/0/.MATCH/data/2016-10-28/21-PDT.zip"
"2016-10-29 00:19:57 PDT","I","test2@match_com","UploadManagerService","Processing data for hour /storage/emulated/0/.MATCH/data/2016-10-28/22-PDT.zip"
"2016-10-29 00:19:57 PDT","I","test2@match_com","UploadManagerService","Processing data for hour /storage/emulated/0/.MATCH/data/2016-10-28/23-PDT.zip"
"2016-10-29 00:19:57 PDT","I","test2@match_com","UploadManagerService","Processing data for date - /storage/emulated/0/.MATCH/data/2016-10-29"
"2016-10-29 00:19:57 PDT","I","test2@match_com","UploadManagerService","Processing data for hour /storage/emulated/0/.MATCH/data/2016-10-29/00-PDT"
"2016-10-29 00:19:57 PDT","I","test2@match_com","UploadManagerService","Internet is not connected. Not trying to upload files."
"2016-10-29 00:19:57 PDT","I","test2@match_com","SurveyManagerService","Inside onCreate"
"2016-10-29 00:19:57 PDT","I","test2@match_com","SurveyManagerService","Current time is - Sat Oct 29 00:19:57 PDT 2016"
"2016-10-29 00:19:57 PDT","I","test2@match_com","SurveyManagerService","Start Date is - Tue Oct 25 19:00:00 PDT 2016"
"2016-10-29 00:19:57 PDT","I","test2@match_com","SurveyManagerService","End Date is - Tue Nov 01 16:00:00 PDT 2016"
"2016-10-29 00:19:57 PDT","I","test2@match_com","SurveyManagerService","Scheduling Survey for - KEY_EMA_0730TO0800_CHILD"
"2016-10-29 00:19:57 PDT","I","test2@match_com","SurveyManagerService","Survey KEY_EMA_0730TO0800_CHILD is already scheduled"
"2016-10-29 00:19:57 PDT","I","test2@match_com","SurveyManagerService","Scheduling Survey for - KEY_EMA_0930TO1000_CHILD"
"2016-10-29 00:19:57 PDT","I","test2@match_com","SurveyManagerService","Survey KEY_EMA_0930TO1000_CHILD is already scheduled"
"2016-10-29 00:19:57 PDT","I","test2@match_com","SurveyManagerService","Scheduling Survey for - KEY_EMA_1130TO1200_CHILD"
"2016-10-29 00:19:57 PDT","I","test2@match_com","SurveyManagerService","Survey KEY_EMA_1130TO1200_CHILD is already scheduled"
"2016-10-29 00:19:57 PDT","I","test2@match_com","SurveyManagerService","Scheduling Survey for - KEY_EMA_1330TO1400_CHILD"
"2016-10-29 00:19:57 PDT","I","test2@match_com","SurveyManagerService","Survey KEY_EMA_1330TO1400_CHILD is already scheduled"
"2016-10-29 00:19:57 PDT","I","test2@match_com","SurveyManagerService","Scheduling Survey for - KEY_EMA_1530TO1600_CHILD"
"2016-10-29 00:19:57 PDT","I","test2@match_com","SurveyManagerService","Survey KEY_EMA_1530TO1600_CHILD is already scheduled"
"2016-10-29 00:19:57 PDT","I","test2@match_com","SurveyManagerService","Scheduling Survey for - KEY_EMA_1730TO1800_CHILD"
"2016-10-29 00:19:57 PDT","I","test2@match_com","SurveyManagerService","Survey KEY_EMA_1730TO1800_CHILD is already scheduled"
"2016-10-29 00:19:57 PDT","I","test2@match_com","SurveyManagerService","Scheduling Survey for - KEY_EMA_1930TO2000_CHILD"
"2016-10-29 00:19:57 PDT","I","test2@match_com","SurveyManagerService","Survey KEY_EMA_1930TO2000_CHILD is already scheduled"
"2016-10-29 00:19:57 PDT","I","test2@match_com","SurveyManagerService","Saliva surveys are already scheduled"
"2016-10-29 00:19:57 PDT","I","test2@match_com","SurveyManagerService","Survey KEY_SALIVA_BEDTIME scheduled for Sat Oct 29 21:46:57 PDT 2016"
"2016-10-29 00:19:57 PDT","I","test2@match_com","SurveyManagerService","Survey Schedule for KEY_EMA_0730TO0800_CHILD is Sat Oct 29 07:47:17 PDT 2016"
"2016-10-29 00:19:57 PDT","I","test2@match_com","SurveyManagerService","Still not time to prompt the survey"
"2016-10-29 00:19:57 PDT","I","test2@match_com","SurveyManagerService","Survey Schedule for KEY_EMA_0930TO1000_CHILD is Sat Oct 29 09:57:24 PDT 2016"
"2016-10-29 00:19:57 PDT","I","test2@match_com","SurveyManagerService","Still not time to prompt the survey"
"2016-10-29 00:19:57 PDT","I","test2@match_com","SurveyManagerService","Survey Schedule for KEY_EMA_1130TO1200_CHILD is Sat Oct 29 11:45:10 PDT 2016"
"2016-10-29 00:19:57 PDT","I","test2@match_com","SurveyManagerService","Still not time to prompt the survey"
"2016-10-29 00:19:57 PDT","I","test2@match_com","SurveyManagerService","Survey Schedule for KEY_EMA_1330TO1400_CHILD is Sat Oct 29 13:44:02 PDT 2016"
"2016-10-29 00:19:57 PDT","I","test2@match_com","SurveyManagerService","Still not time to prompt the survey"
"2016-10-29 00:19:57 PDT","I","test2@match_com","SurveyManagerService","Survey Schedule for KEY_EMA_1530TO1600_CHILD is Sat Oct 29 15:33:41 PDT 2016"
"2016-10-29 00:19:57 PDT","I","test2@match_com","SurveyManagerService","Still not time to prompt the survey"
"2016-10-29 00:19:57 PDT","I","test2@match_com","SurveyManagerService","Survey Schedule for KEY_EMA_1730TO1800_CHILD is Sat Oct 29 17:47:43 PDT 2016"
"2016-10-29 00:19:57 PDT","I","test2@match_com","SurveyManagerService","Still not time to prompt the survey"
"2016-10-29 00:19:57 PDT","I","test2@match_com","SurveyManagerService","Survey Schedule for KEY_EMA_1930TO2000_CHILD is Sat Oct 29 19:36:11 PDT 2016"
"2016-10-29 00:19:57 PDT","I","test2@match_com","SurveyManagerService","Still not time to prompt the survey"
"2016-10-29 00:19:57 PDT","I","test2@match_com","SurveyManagerService","KEY_SALIVA_WAKING is scheduled for Sat Oct 29 06:46:56 PDT 2016"
"2016-10-29 00:19:57 PDT","I","test2@match_com","SurveyManagerService","Prompt KEY_SALIVA_WAKING is in the future - Sat Oct 29 06:46:56 PDT 2016"
"2016-10-29 00:19:57 PDT","I","test2@match_com","SurveyManagerService","KEY_SALIVA_WAKING_PLUS_30 is scheduled for Sat Oct 29 07:16:56 PDT 2016"
"2016-10-29 00:19:57 PDT","I","test2@match_com","SurveyManagerService","Prompt KEY_SALIVA_WAKING_PLUS_30 is in the future - Sat Oct 29 07:16:56 PDT 2016"
"2016-10-29 00:19:57 PDT","I","test2@match_com","SurveyManagerService","KEY_SALIVA_AFTERNOON_4TO430_CHILD is scheduled for Sat Oct 29 16:16:27 PDT 2016"
"2016-10-29 00:19:57 PDT","I","test2@match_com","SurveyManagerService","Prompt KEY_SALIVA_AFTERNOON_4TO430_CHILD is in the future - Sat Oct 29 16:16:27 PDT 2016"
"2016-10-29 00:19:57 PDT","I","test2@match_com","SurveyManagerService","KEY_SALIVA_BEDTIME is scheduled for Sat Oct 29 21:46:57 PDT 2016"
"2016-10-29 00:19:57 PDT","I","test2@match_com","SurveyManagerService","Prompt KEY_SALIVA_BEDTIME is in the future - Sat Oct 29 21:46:57 PDT 2016"
"2016-10-29 00:19:57 PDT","I","test2@match_com","MinuteService","Inside onDestroy"
"2016-10-29 00:19:57 PDT","I","test2@match_com","UploadManagerService","Inside onDestroy"
"2016-10-29 00:19:57 PDT","I","test2@match_com","SurveyManagerService","Inside onDestroy"
"2016-10-29 00:19:57 PDT","I","test2@match_com","Zipper","unzipFileWithEncryption"
"2016-10-29 00:19:57 PDT","I","test2@match_com","Zipper","Deleting File - /storage/emulated/0/.MATCH/data/2016-10-29/00-PDT/GPS.csv.zip"
"2016-10-29 00:19:57 PDT","I","test2@match_com","Zipper","zipFileWithEncryption - /storage/emulated/0/.MATCH/data/2016-10-29/00-PDT/GPS.csv"
"2016-10-29 00:19:57 PDT","I","test2@match_com","Zipper","Creating ZipFile - /storage/emulated/0/.MATCH/data/2016-10-29/00-PDT/GPS.csv.zip"
"2016-10-29 00:19:57 PDT","I","test2@match_com","Zipper","Deleting File - /storage/emulated/0/.MATCH/data/2016-10-29/00-PDT/GPS.csv"
"2016-10-29 00:20:01 PDT","I","test2@match_com","UploadManagerService","Inside onCreate"
"2016-10-29 00:20:01 PDT","I","test2@match_com","UploadManagerService","Processing Logs"
"2016-10-29 00:20:01 PDT","I","test2@match_com","UploadManagerService","Processing Logs for Date - /storage/emulated/0/.MATCH/logs/2016-10-26"
"2016-10-29 00:20:01 PDT","I","test2@match_com","UploadManagerService","Processing Logs for Date - /storage/emulated/0/.MATCH/logs/2016-10-27"
"2016-10-29 00:20:01 PDT","I","test2@match_com","UploadManagerService","Processing Logs for Date - /storage/emulated/0/.MATCH/logs/2016-10-28"
"2016-10-29 00:20:01 PDT","I","test2@match_com","UploadManagerService","Processing Logs for Date - /storage/emulated/0/.MATCH/logs/2016-10-29"
"2016-10-29 00:20:01 PDT","I","test2@match_com","UploadManagerService","Processing Surveys"
"2016-10-29 00:20:01 PDT","I","test2@match_com","UploadManagerService","Processing Data files"
"2016-10-29 00:20:01 PDT","I","test2@match_com","UploadManagerService","Processing data for date - /storage/emulated/0/.MATCH/data/2016-10-26"
"2016-10-29 00:20:01 PDT","I","test2@match_com","UploadManagerService","Processing data for hour /storage/emulated/0/.MATCH/data/2016-10-26/19-PDT.zip.uploaded"
"2016-10-29 00:20:01 PDT","I","test2@match_com","UploadManagerService","Processing data for hour /storage/emulated/0/.MATCH/data/2016-10-26/13-PDT.zip.uploaded"
"2016-10-29 00:20:01 PDT","I","test2@match_com","UploadManagerService","Processing data for hour /storage/emulated/0/.MATCH/data/2016-10-26/14-PDT.zip.uploaded"
"2016-10-29 00:20:01 PDT","I","test2@match_com","UploadManagerService","Processing data for hour /storage/emulated/0/.MATCH/data/2016-10-26/15-PDT.zip.uploaded"
"2016-10-29 00:20:01 PDT","I","test2@match_com","UploadManagerService","Processing data for hour /storage/emulated/0/.MATCH/data/2016-10-26/16-PDT.zip.uploaded"
"2016-10-29 00:20:01 PDT","I","test2@match_com","UploadManagerService","Processing data for hour /storage/emulated/0/.MATCH/data/2016-10-26/17-PDT.zip.uploaded"
"2016-10-29 00:20:01 PDT","I","test2@match_com","UploadManagerService","Processing data for hour /storage/emulated/0/.MATCH/data/2016-10-26/21-PDT.zip.uploaded"
"2016-10-29 00:20:01 PDT","I","test2@match_com","UploadManagerService","Processing data for hour /storage/emulated/0/.MATCH/data/2016-10-26/22-PDT.zip.uploaded"
"2016-10-29 00:20:01 PDT","I","test2@match_com","UploadManagerService","Processing data for hour /storage/emulated/0/.MATCH/data/2016-10-26/18-PDT.zip.uploaded"
"2016-10-29 00:20:01 PDT","I","test2@match_com","UploadManagerService","Processing data for hour /storage/emulated/0/.MATCH/data/2016-10-26/20-PDT.zip.uploaded"
"2016-10-29 00:20:01 PDT","I","test2@match_com","UploadManagerService","Processing data for hour /storage/emulated/0/.MATCH/data/2016-10-26/23-PDT.zip.uploaded"
"2016-10-29 00:20:01 PDT","I","test2@match_com","UploadManagerService","Processing data for date - /storage/emulated/0/.MATCH/data/2016-10-27"
"2016-10-29 00:20:01 PDT","I","test2@match_com","UploadManagerService","Processing data for hour /storage/emulated/0/.MATCH/data/2016-10-27/01-PDT.zip.uploaded"
"2016-10-29 00:20:01 PDT","I","test2@match_com","UploadManagerService","Processing data for hour /storage/emulated/0/.MATCH/data/2016-10-27/03-PDT.zip.uploaded"
"2016-10-29 00:20:01 PDT","I","test2@match_com","UploadManagerService","Processing data for hour /storage/emulated/0/.MATCH/data/2016-10-27/04-PDT.zip.uploaded"
"2016-10-29 00:20:01 PDT","I","test2@match_com","UploadManagerService","Processing data for hour /storage/emulated/0/.MATCH/data/2016-10-27/06-PDT.zip.uploaded"
"2016-10-29 00:20:01 PDT","I","test2@match_com","UploadManagerService","Processing data for hour /storage/emulated/0/.MATCH/data/2016-10-27/00-PDT.zip.uploaded"
"2016-10-29 00:20:01 PDT","I","test2@match_com","UploadManagerService","Processing data for hour /storage/emulated/0/.MATCH/data/2016-10-27/02-PDT.zip.uploaded"
"2016-10-29 00:20:01 PDT","I","test2@match_com","UploadManagerService","Processing data for hour /storage/emulated/0/.MATCH/data/2016-10-27/05-PDT.zip.uploaded"
"2016-10-29 00:20:01 PDT","I","test2@match_com","UploadManagerService","Processing data for date - /storage/emulated/0/.MATCH/data/2016-10-28"
"2016-10-29 00:20:01 PDT","I","test2@match_com","UploadManagerService","Processing data for hour /storage/emulated/0/.MATCH/data/2016-10-28/13-PDT.zip"
"2016-10-29 00:20:01 PDT","I","test2@match_com","UploadManagerService","Processing data for hour /storage/emulated/0/.MATCH/data/2016-10-28/14-PDT.zip"
"2016-10-29 00:20:01 PDT","I","test2@match_com","UploadManagerService","Processing data for hour /storage/emulated/0/.MATCH/data/2016-10-28/15-PDT.zip"
"2016-10-29 00:20:01 PDT","I","test2@match_com","UploadManagerService","Processing data for hour /storage/emulated/0/.MATCH/data/2016-10-28/16-PDT.zip"
"2016-10-29 00:20:01 PDT","I","test2@match_com","UploadManagerService","Processing data for hour /storage/emulated/0/.MATCH/data/2016-10-28/17-PDT.zip"
"2016-10-29 00:20:01 PDT","I","test2@match_com","UploadManagerService","Processing data for hour /storage/emulated/0/.MATCH/data/2016-10-28/18-PDT.zip"
"2016-10-29 00:20:01 PDT","I","test2@match_com","UploadManagerService","Processing data for hour /storage/emulated/0/.MATCH/data/2016-10-28/19-PDT.zip"
"2016-10-29 00:20:01 PDT","I","test2@match_com","UploadManagerService","Processing data for hour /storage/emulated/0/.MATCH/data/2016-10-28/20-PDT.zip"
"2016-10-29 00:20:01 PDT","I","test2@match_com","UploadManagerService","Processing data for hour /storage/emulated/0/.MATCH/data/2016-10-28/21-PDT.zip"
"2016-10-29 00:20:01 PDT","I","test2@match_com","UploadManagerService","Processing data for hour /storage/emulated/0/.MATCH/data/2016-10-28/22-PDT.zip"
"2016-10-29 00:20:01 PDT","I","test2@match_com","UploadManagerService","Processing data for hour /storage/emulated/0/.MATCH/data/2016-10-28/23-PDT.zip"
"2016-10-29 00:20:01 PDT","I","test2@match_com","UploadManagerService","Processing data for date - /storage/emulated/0/.MATCH/data/2016-10-29"
"2016-10-29 00:20:01 PDT","I","test2@match_com","UploadManagerService","Processing data for hour /storage/emulated/0/.MATCH/data/2016-10-29/00-PDT"
"2016-10-29 00:20:01 PDT","I","test2@match_com","UploadManagerService","Internet is not connected. Not trying to upload files."
"2016-10-29 00:20:01 PDT","I","test2@match_com","MinuteService","Inside onCreate"
"2016-10-29 00:20:01 PDT","I","test2@match_com","MinuteService","Minute Service Alarm was set by - MinuteService"
"2016-10-29 00:20:01 PDT","I","test2@match_com","MinuteService","Time since previous run - 4"
"2016-10-29 00:20:01 PDT","I","test2@match_com","MinuteService","Previous run within last 50 seconds, ignoring this run"
"2016-10-29 00:20:01 PDT","I","test2@match_com","UploadManagerService","Inside onDestroy"
"2016-10-29 00:20:01 PDT","I","test2@match_com","MinuteService","Inside onDestroy"
"2016-10-29 00:20:01 PDT","I","test2@match_com","BackupMinuteService","Inside onCreate"
"2016-10-29 00:20:01 PDT","I","test2@match_com","Util","Inside setBackupMinuteServiceAlarm"
"2016-10-29 00:20:01 PDT","I","test2@match_com","Util","BackupMinuteService last run at - Sat Oct 29 00:20:01 PDT 2016"
"2016-10-29 00:20:01 PDT","I","test2@match_com","Util","BackupMinuteService next run at - Sat Oct 29 00:21:01 PDT 2016"
"2016-10-29 00:20:01 PDT","I","test2@match_com","MinuteService","Inside onCreate"
"2016-10-29 00:20:01 PDT","I","test2@match_com","MinuteService","Minute Service Alarm was set by - MinuteService"
"2016-10-29 00:20:01 PDT","I","test2@match_com","MinuteService","Time since previous run - 5"
"2016-10-29 00:20:01 PDT","I","test2@match_com","MinuteService","Previous run within last 50 seconds, ignoring this run"
"2016-10-29 00:20:01 PDT","I","test2@match_com","BackupMinuteService","Inside onDestroy"
"2016-10-29 00:20:01 PDT","I","test2@match_com","MinuteService","Inside onDestroy"
"2016-10-29 00:20:01 PDT","I","test2@match_com","AlwaysOnService","Received Intent - android.intent.action.TIME_TICK"
"2016-10-29 00:20:23 PDT","I","test2@match_com","AlwaysOnService","Received Intent - android.intent.action.BATTERY_CHANGED"
"2016-10-29 00:20:36 PDT","I","test2@match_com","AlwaysOnService","Received Intent - android.intent.action.BATTERY_CHANGED"
"2016-10-29 00:20:56 PDT","I","test2@match_com","MinuteService","Inside onCreate"
"2016-10-29 00:20:56 PDT","I","test2@match_com","MinuteService","Minute Service Alarm was set by - MinuteService"
"2016-10-29 00:20:56 PDT","I","test2@match_com","MinuteService","Time since previous run - 60"
"2016-10-29 00:20:56 PDT","I","test2@match_com","MinuteService","Setting Minute Service Last Run"
"2016-10-29 00:20:56 PDT","I","test2@match_com","MinuteService","Setting Minute Service Alarm"
"2016-10-29 00:20:56 PDT","I","test2@match_com","Util","Inside setMinuteServiceAlarmFromMinuteService"
"2016-10-29 00:20:56 PDT","I","test2@match_com","Util","MinuteService last run at - Sat Oct 29 00:20:56 PDT 2016"
"2016-10-29 00:20:56 PDT","I","test2@match_com","Util","MinuteService next run at - Sat Oct 29 00:21:56 PDT 2016"
"2016-10-29 00:20:56 PDT","I","test2@match_com","MinuteService","Setting Minute Service Backup Alarm"
"2016-10-29 00:20:56 PDT","I","test2@match_com","Util","Inside setBackupMinuteServiceAlarm"
"2016-10-29 00:20:56 PDT","I","test2@match_com","Util","BackupMinuteService last run at - Sat Oct 29 00:20:01 PDT 2016"
"2016-10-29 00:20:56 PDT","I","test2@match_com","Util","BackupMinuteService next run at - Sat Oct 29 00:21:01 PDT 2016"
"2016-10-29 00:20:56 PDT","I","test2@match_com","MinuteService","Initializing MATCHConstants"
"2016-10-29 00:20:56 PDT","I","test2@match_com","MinuteService","Notifying user about minute service run"
"2016-10-29 00:20:56 PDT","I","test2@match_com","MinuteService","Writing status to Firebase Database"
"2016-10-29 00:20:56 PDT","I","test2@match_com","MinuteService","Logging Network Status"
"2016-10-29 00:20:56 PDT","I","test2@match_com","ConnectivityManager","isConnected - false - isWifi - false - isMobileInternet - false"
"2016-10-29 00:20:56 PDT","I","test2@match_com","MinuteService","Logging Battery Status"
"2016-10-29 00:20:56 PDT","I","test2@match_com","BatteryManager","Percentage - 83 - isCharging - true - isUSBCharging - false - isACCharging - true - isWirelessCharging - false"
"2016-10-29 00:20:56 PDT","I","test2@match_com","MinuteService","Logging Memory Status"
"2016-10-29 00:20:56 PDT","I","test2@match_com","MemoryManager","Total Memory,898,Available Memory,415,Threshold Memory,144,IsLowMemory,false"
"2016-10-29 00:20:56 PDT","I","test2@match_com","MinuteService","Logging Storage Status"
"2016-10-29 00:20:56 PDT","I","test2@match_com","StorageManager","Internal Total,2247,Internal Free,589,External Total,4637,External Free,3937"
"2016-10-29 00:20:56 PDT","I","test2@match_com","MinuteService","Logging Power Status"
"2016-10-29 00:20:56 PDT","I","test2@match_com","PowerManager","isDeviceIdleMode - false - isInteractive - false - isPowerSaveMode - false - isSustainedPerformanceModeSupported - false"
"2016-10-29 00:20:56 PDT","I","test2@match_com","MinuteService","Logging Notifications Status"
"2016-10-29 00:20:56 PDT","I","test2@match_com","NotificationManager","AreNotificationsEnabled - true - Importance - Unspecified"
"2016-10-29 00:20:56 PDT","I","test2@match_com","MinuteService","Logging Location"
"2016-10-29 00:20:56 PDT","I","test2@match_com","MinuteService","Fetching latest study data"
"2016-10-29 00:20:56 PDT","I","test2@match_com","MinuteService","Starting UploadManagerService"
"2016-10-29 00:20:56 PDT","I","test2@match_com","MinuteService","Starting SurveyManagerService"
"2016-10-29 00:20:56 PDT","I","test2@match_com","UploadManagerService","Inside onCreate"
"2016-10-29 00:20:56 PDT","I","test2@match_com","UploadManagerService","Processing Logs"
"2016-10-29 00:20:56 PDT","I","test2@match_com","UploadManagerService","Processing Logs for Date - /storage/emulated/0/.MATCH/logs/2016-10-26"
"2016-10-29 00:20:56 PDT","I","test2@match_com","UploadManagerService","Processing Logs for Date - /storage/emulated/0/.MATCH/logs/2016-10-27"
"2016-10-29 00:20:56 PDT","I","test2@match_com","UploadManagerService","Processing Logs for Date - /storage/emulated/0/.MATCH/logs/2016-10-28"
"2016-10-29 00:20:56 PDT","I","test2@match_com","UploadManagerService","Processing Logs for Date - /storage/emulated/0/.MATCH/logs/2016-10-29"
"2016-10-29 00:20:56 PDT","I","test2@match_com","UploadManagerService","Processing Surveys"
"2016-10-29 00:20:56 PDT","I","test2@match_com","UploadManagerService","Processing Data files"
"2016-10-29 00:20:56 PDT","I","test2@match_com","UploadManagerService","Processing data for date - /storage/emulated/0/.MATCH/data/2016-10-26"
"2016-10-29 00:20:56 PDT","I","test2@match_com","UploadManagerService","Processing data for hour /storage/emulated/0/.MATCH/data/2016-10-26/19-PDT.zip.uploaded"
"2016-10-29 00:20:56 PDT","I","test2@match_com","UploadManagerService","Processing data for hour /storage/emulated/0/.MATCH/data/2016-10-26/13-PDT.zip.uploaded"
"2016-10-29 00:20:56 PDT","I","test2@match_com","UploadManagerService","Processing data for hour /storage/emulated/0/.MATCH/data/2016-10-26/14-PDT.zip.uploaded"
"2016-10-29 00:20:56 PDT","I","test2@match_com","UploadManagerService","Processing data for hour /storage/emulated/0/.MATCH/data/2016-10-26/15-PDT.zip.uploaded"
"2016-10-29 00:20:56 PDT","I","test2@match_com","UploadManagerService","Processing data for hour /storage/emulated/0/.MATCH/data/2016-10-26/16-PDT.zip.uploaded"
"2016-10-29 00:20:56 PDT","I","test2@match_com","UploadManagerService","Processing data for hour /storage/emulated/0/.MATCH/data/2016-10-26/17-PDT.zip.uploaded"
"2016-10-29 00:20:56 PDT","I","test2@match_com","UploadManagerService","Processing data for hour /storage/emulated/0/.MATCH/data/2016-10-26/21-PDT.zip.uploaded"
"2016-10-29 00:20:56 PDT","I","test2@match_com","UploadManagerService","Processing data for hour /storage/emulated/0/.MATCH/data/2016-10-26/22-PDT.zip.uploaded"
"2016-10-29 00:20:56 PDT","I","test2@match_com","UploadManagerService","Processing data for hour /storage/emulated/0/.MATCH/data/2016-10-26/18-PDT.zip.uploaded"
"2016-10-29 00:20:56 PDT","I","test2@match_com","UploadManagerService","Processing data for hour /storage/emulated/0/.MATCH/data/2016-10-26/20-PDT.zip.uploaded"
"2016-10-29 00:20:56 PDT","I","test2@match_com","UploadManagerService","Processing data for hour /storage/emulated/0/.MATCH/data/2016-10-26/23-PDT.zip.uploaded"
"2016-10-29 00:20:56 PDT","I","test2@match_com","UploadManagerService","Processing data for date - /storage/emulated/0/.MATCH/data/2016-10-27"
"2016-10-29 00:20:56 PDT","I","test2@match_com","UploadManagerService","Processing data for hour /storage/emulated/0/.MATCH/data/2016-10-27/01-PDT.zip.uploaded"
"2016-10-29 00:20:56 PDT","I","test2@match_com","UploadManagerService","Processing data for hour /storage/emulated/0/.MATCH/data/2016-10-27/03-PDT.zip.uploaded"
"2016-10-29 00:20:56 PDT","I","test2@match_com","UploadManagerService","Processing data for hour /storage/emulated/0/.MATCH/data/2016-10-27/04-PDT.zip.uploaded"
"2016-10-29 00:20:56 PDT","I","test2@match_com","UploadManagerService","Processing data for hour /storage/emulated/0/.MATCH/data/2016-10-27/06-PDT.zip.uploaded"
"2016-10-29 00:20:56 PDT","I","test2@match_com","UploadManagerService","Processing data for hour /storage/emulated/0/.MATCH/data/2016-10-27/00-PDT.zip.uploaded"
"2016-10-29 00:20:57 PDT","I","test2@match_com","UploadManagerService","Processing data for hour /storage/emulated/0/.MATCH/data/2016-10-27/02-PDT.zip.uploaded"
"2016-10-29 00:20:57 PDT","I","test2@match_com","UploadManagerService","Processing data for hour /storage/emulated/0/.MATCH/data/2016-10-27/05-PDT.zip.uploaded"
"2016-10-29 00:20:57 PDT","I","test2@match_com","UploadManagerService","Processing data for date - /storage/emulated/0/.MATCH/data/2016-10-28"
"2016-10-29 00:20:57 PDT","I","test2@match_com","UploadManagerService","Processing data for hour /storage/emulated/0/.MATCH/data/2016-10-28/13-PDT.zip"
"2016-10-29 00:20:57 PDT","I","test2@match_com","UploadManagerService","Processing data for hour /storage/emulated/0/.MATCH/data/2016-10-28/14-PDT.zip"
"2016-10-29 00:20:57 PDT","I","test2@match_com","UploadManagerService","Processing data for hour /storage/emulated/0/.MATCH/data/2016-10-28/15-PDT.zip"
"2016-10-29 00:20:57 PDT","I","test2@match_com","UploadManagerService","Processing data for hour /storage/emulated/0/.MATCH/data/2016-10-28/16-PDT.zip"
"2016-10-29 00:20:57 PDT","I","test2@match_com","UploadManagerService","Processing data for hour /storage/emulated/0/.MATCH/data/2016-10-28/17-PDT.zip"
"2016-10-29 00:20:57 PDT","I","test2@match_com","UploadManagerService","Processing data for hour /storage/emulated/0/.MATCH/data/2016-10-28/18-PDT.zip"
"2016-10-29 00:20:57 PDT","I","test2@match_com","UploadManagerService","Processing data for hour /storage/emulated/0/.MATCH/data/2016-10-28/19-PDT.zip"
"2016-10-29 00:20:57 PDT","I","test2@match_com","UploadManagerService","Processing data for hour /storage/emulated/0/.MATCH/data/2016-10-28/20-PDT.zip"
"2016-10-29 00:20:57 PDT","I","test2@match_com","UploadManagerService","Processing data for hour /storage/emulated/0/.MATCH/data/2016-10-28/21-PDT.zip"
"2016-10-29 00:20:57 PDT","I","test2@match_com","UploadManagerService","Processing data for hour /storage/emulated/0/.MATCH/data/2016-10-28/22-PDT.zip"
"2016-10-29 00:20:57 PDT","I","test2@match_com","UploadManagerService","Processing data for hour /storage/emulated/0/.MATCH/data/2016-10-28/23-PDT.zip"
"2016-10-29 00:20:57 PDT","I","test2@match_com","UploadManagerService","Processing data for date - /storage/emulated/0/.MATCH/data/2016-10-29"
"2016-10-29 00:20:57 PDT","I","test2@match_com","UploadManagerService","Processing data for hour /storage/emulated/0/.MATCH/data/2016-10-29/00-PDT"
"2016-10-29 00:20:57 PDT","I","test2@match_com","UploadManagerService","Internet is not connected. Not trying to upload files."
"2016-10-29 00:20:57 PDT","I","test2@match_com","SurveyManagerService","Inside onCreate"
"2016-10-29 00:20:57 PDT","I","test2@match_com","SurveyManagerService","Current time is - Sat Oct 29 00:20:57 PDT 2016"
"2016-10-29 00:20:57 PDT","I","test2@match_com","SurveyManagerService","Start Date is - Tue Oct 25 19:00:00 PDT 2016"
"2016-10-29 00:20:57 PDT","I","test2@match_com","SurveyManagerService","End Date is - Tue Nov 01 16:00:00 PDT 2016"
"2016-10-29 00:20:57 PDT","I","test2@match_com","SurveyManagerService","Scheduling Survey for - KEY_EMA_0730TO0800_CHILD"
"2016-10-29 00:20:57 PDT","I","test2@match_com","SurveyManagerService","Survey KEY_EMA_0730TO0800_CHILD is already scheduled"
"2016-10-29 00:20:57 PDT","I","test2@match_com","SurveyManagerService","Scheduling Survey for - KEY_EMA_0930TO1000_CHILD"
"2016-10-29 00:20:57 PDT","I","test2@match_com","SurveyManagerService","Survey KEY_EMA_0930TO1000_CHILD is already scheduled"
"2016-10-29 00:20:57 PDT","I","test2@match_com","SurveyManagerService","Scheduling Survey for - KEY_EMA_1130TO1200_CHILD"
"2016-10-29 00:20:57 PDT","I","test2@match_com","SurveyManagerService","Survey KEY_EMA_1130TO1200_CHILD is already scheduled"
"2016-10-29 00:20:57 PDT","I","test2@match_com","SurveyManagerService","Scheduling Survey for - KEY_EMA_1330TO1400_CHILD"
"2016-10-29 00:20:57 PDT","I","test2@match_com","SurveyManagerService","Survey KEY_EMA_1330TO1400_CHILD is already scheduled"
"2016-10-29 00:20:57 PDT","I","test2@match_com","SurveyManagerService","Scheduling Survey for - KEY_EMA_1530TO1600_CHILD"
"2016-10-29 00:20:57 PDT","I","test2@match_com","SurveyManagerService","Survey KEY_EMA_1530TO1600_CHILD is already scheduled"
"2016-10-29 00:20:57 PDT","I","test2@match_com","SurveyManagerService","Scheduling Survey for - KEY_EMA_1730TO1800_CHILD"
"2016-10-29 00:20:57 PDT","I","test2@match_com","SurveyManagerService","Survey KEY_EMA_1730TO1800_CHILD is already scheduled"
"2016-10-29 00:20:57 PDT","I","test2@match_com","SurveyManagerService","Scheduling Survey for - KEY_EMA_1930TO2000_CHILD"
"2016-10-29 00:20:57 PDT","I","test2@match_com","SurveyManagerService","Survey KEY_EMA_1930TO2000_CHILD is already scheduled"
"2016-10-29 00:20:57 PDT","I","test2@match_com","SurveyManagerService","Saliva surveys are already scheduled"
"2016-10-29 00:20:57 PDT","I","test2@match_com","SurveyManagerService","Survey KEY_SALIVA_BEDTIME scheduled for Sat Oct 29 21:46:57 PDT 2016"
"2016-10-29 00:20:57 PDT","I","test2@match_com","SurveyManagerService","Survey Schedule for KEY_EMA_0730TO0800_CHILD is Sat Oct 29 07:47:17 PDT 2016"
"2016-10-29 00:20:57 PDT","I","test2@match_com","SurveyManagerService","Still not time to prompt the survey"
"2016-10-29 00:20:57 PDT","I","test2@match_com","SurveyManagerService","Survey Schedule for KEY_EMA_0930TO1000_CHILD is Sat Oct 29 09:57:24 PDT 2016"
"2016-10-29 00:20:57 PDT","I","test2@match_com","SurveyManagerService","Still not time to prompt the survey"
"2016-10-29 00:20:57 PDT","I","test2@match_com","SurveyManagerService","Survey Schedule for KEY_EMA_1130TO1200_CHILD is Sat Oct 29 11:45:10 PDT 2016"
"2016-10-29 00:20:57 PDT","I","test2@match_com","SurveyManagerService","Still not time to prompt the survey"
"2016-10-29 00:20:57 PDT","I","test2@match_com","SurveyManagerService","Survey Schedule for KEY_EMA_1330TO1400_CHILD is Sat Oct 29 13:44:02 PDT 2016"
"2016-10-29 00:20:57 PDT","I","test2@match_com","SurveyManagerService","Still not time to prompt the survey"
"2016-10-29 00:20:57 PDT","I","test2@match_com","SurveyManagerService","Survey Schedule for KEY_EMA_1530TO1600_CHILD is Sat Oct 29 15:33:41 PDT 2016"
"2016-10-29 00:20:57 PDT","I","test2@match_com","SurveyManagerService","Still not time to prompt the survey"
"2016-10-29 00:20:57 PDT","I","test2@match_com","SurveyManagerService","Survey Schedule for KEY_EMA_1730TO1800_CHILD is Sat Oct 29 17:47:43 PDT 2016"
"2016-10-29 00:20:57 PDT","I","test2@match_com","SurveyManagerService","Still not time to prompt the survey"
"2016-10-29 00:20:57 PDT","I","test2@match_com","SurveyManagerService","Survey Schedule for KEY_EMA_1930TO2000_CHILD is Sat Oct 29 19:36:11 PDT 2016"
"2016-10-29 00:20:57 PDT","I","test2@match_com","SurveyManagerService","Still not time to prompt the survey"
"2016-10-29 00:20:57 PDT","I","test2@match_com","SurveyManagerService","KEY_SALIVA_WAKING is scheduled for Sat Oct 29 06:46:56 PDT 2016"
"2016-10-29 00:20:57 PDT","I","test2@match_com","SurveyManagerService","Prompt KEY_SALIVA_WAKING is in the future - Sat Oct 29 06:46:56 PDT 2016"
"2016-10-29 00:20:57 PDT","I","test2@match_com","SurveyManagerService","KEY_SALIVA_WAKING_PLUS_30 is scheduled for Sat Oct 29 07:16:56 PDT 2016"
"2016-10-29 00:20:57 PDT","I","test2@match_com","SurveyManagerService","Prompt KEY_SALIVA_WAKING_PLUS_30 is in the future - Sat Oct 29 07:16:56 PDT 2016"
"2016-10-29 00:20:57 PDT","I","test2@match_com","SurveyManagerService","KEY_SALIVA_AFTERNOON_4TO430_CHILD is scheduled for Sat Oct 29 16:16:27 PDT 2016"
"2016-10-29 00:20:57 PDT","I","test2@match_com","SurveyManagerService","Prompt KEY_SALIVA_AFTERNOON_4TO430_CHILD is in the future - Sat Oct 29 16:16:27 PDT 2016"
"2016-10-29 00:20:57 PDT","I","test2@match_com","SurveyManagerService","KEY_SALIVA_BEDTIME is scheduled for Sat Oct 29 21:46:57 PDT 2016"
"2016-10-29 00:20:57 PDT","I","test2@match_com","SurveyManagerService","Prompt KEY_SALIVA_BEDTIME is in the future - Sat Oct 29 21:46:57 PDT 2016"
"2016-10-29 00:20:57 PDT","I","test2@match_com","MinuteService","Inside onDestroy"
"2016-10-29 00:20:57 PDT","I","test2@match_com","UploadManagerService","Inside onDestroy"
"2016-10-29 00:20:57 PDT","I","test2@match_com","SurveyManagerService","Inside onDestroy"
"2016-10-29 00:20:57 PDT","I","test2@match_com","Zipper","unzipFileWithEncryption"
"2016-10-29 00:20:57 PDT","I","test2@match_com","Zipper","Deleting File - /storage/emulated/0/.MATCH/data/2016-10-29/00-PDT/GPS.csv.zip"
"2016-10-29 00:20:57 PDT","I","test2@match_com","Zipper","zipFileWithEncryption - /storage/emulated/0/.MATCH/data/2016-10-29/00-PDT/GPS.csv"
"2016-10-29 00:20:57 PDT","I","test2@match_com","Zipper","Creating ZipFile - /storage/emulated/0/.MATCH/data/2016-10-29/00-PDT/GPS.csv.zip"
"2016-10-29 00:20:57 PDT","I","test2@match_com","Zipper","Deleting File - /storage/emulated/0/.MATCH/data/2016-10-29/00-PDT/GPS.csv"
"2016-10-29 00:21:01 PDT","I","test2@match_com","UploadManagerService","Inside onCreate"
"2016-10-29 00:21:01 PDT","I","test2@match_com","UploadManagerService","Processing Logs"
"2016-10-29 00:21:01 PDT","I","test2@match_com","UploadManagerService","Processing Logs for Date - /storage/emulated/0/.MATCH/logs/2016-10-26"
"2016-10-29 00:21:01 PDT","I","test2@match_com","UploadManagerService","Processing Logs for Date - /storage/emulated/0/.MATCH/logs/2016-10-27"
"2016-10-29 00:21:01 PDT","I","test2@match_com","UploadManagerService","Processing Logs for Date - /storage/emulated/0/.MATCH/logs/2016-10-28"
"2016-10-29 00:21:01 PDT","I","test2@match_com","UploadManagerService","Processing Logs for Date - /storage/emulated/0/.MATCH/logs/2016-10-29"
"2016-10-29 00:21:01 PDT","I","test2@match_com","UploadManagerService","Processing Surveys"
"2016-10-29 00:21:01 PDT","I","test2@match_com","UploadManagerService","Processing Data files"
"2016-10-29 00:21:01 PDT","I","test2@match_com","UploadManagerService","Processing data for date - /storage/emulated/0/.MATCH/data/2016-10-26"
"2016-10-29 00:21:01 PDT","I","test2@match_com","UploadManagerService","Processing data for hour /storage/emulated/0/.MATCH/data/2016-10-26/19-PDT.zip.uploaded"
"2016-10-29 00:21:01 PDT","I","test2@match_com","UploadManagerService","Processing data for hour /storage/emulated/0/.MATCH/data/2016-10-26/13-PDT.zip.uploaded"
"2016-10-29 00:21:01 PDT","I","test2@match_com","UploadManagerService","Processing data for hour /storage/emulated/0/.MATCH/data/2016-10-26/14-PDT.zip.uploaded"
"2016-10-29 00:21:01 PDT","I","test2@match_com","UploadManagerService","Processing data for hour /storage/emulated/0/.MATCH/data/2016-10-26/15-PDT.zip.uploaded"
"2016-10-29 00:21:01 PDT","I","test2@match_com","UploadManagerService","Processing data for hour /storage/emulated/0/.MATCH/data/2016-10-26/16-PDT.zip.uploaded"
"2016-10-29 00:21:01 PDT","I","test2@match_com","UploadManagerService","Processing data for hour /storage/emulated/0/.MATCH/data/2016-10-26/17-PDT.zip.uploaded"
"2016-10-29 00:21:01 PDT","I","test2@match_com","UploadManagerService","Processing data for hour /storage/emulated/0/.MATCH/data/2016-10-26/21-PDT.zip.uploaded"
"2016-10-29 00:21:01 PDT","I","test2@match_com","UploadManagerService","Processing data for hour /storage/emulated/0/.MATCH/data/2016-10-26/22-PDT.zip.uploaded"
"2016-10-29 00:21:01 PDT","I","test2@match_com","UploadManagerService","Processing data for hour /storage/emulated/0/.MATCH/data/2016-10-26/18-PDT.zip.uploaded"
"2016-10-29 00:21:01 PDT","I","test2@match_com","UploadManagerService","Processing data for hour /storage/emulated/0/.MATCH/data/2016-10-26/20-PDT.zip.uploaded"
"2016-10-29 00:21:01 PDT","I","test2@match_com","UploadManagerService","Processing data for hour /storage/emulated/0/.MATCH/data/2016-10-26/23-PDT.zip.uploaded"
"2016-10-29 00:21:01 PDT","I","test2@match_com","UploadManagerService","Processing data for date - /storage/emulated/0/.MATCH/data/2016-10-27"
"2016-10-29 00:21:01 PDT","I","test2@match_com","UploadManagerService","Processing data for hour /storage/emulated/0/.MATCH/data/2016-10-27/01-PDT.zip.uploaded"
"2016-10-29 00:21:01 PDT","I","test2@match_com","UploadManagerService","Processing data for hour /storage/emulated/0/.MATCH/data/2016-10-27/03-PDT.zip.uploaded"
"2016-10-29 00:21:01 PDT","I","test2@match_com","UploadManagerService","Processing data for hour /storage/emulated/0/.MATCH/data/2016-10-27/04-PDT.zip.uploaded"
"2016-10-29 00:21:01 PDT","I","test2@match_com","UploadManagerService","Processing data for hour /storage/emulated/0/.MATCH/data/2016-10-27/06-PDT.zip.uploaded"
"2016-10-29 00:21:01 PDT","I","test2@match_com","UploadManagerService","Processing data for hour /storage/emulated/0/.MATCH/data/2016-10-27/00-PDT.zip.uploaded"
"2016-10-29 00:21:01 PDT","I","test2@match_com","UploadManagerService","Processing data for hour /storage/emulated/0/.MATCH/data/2016-10-27/02-PDT.zip.uploaded"
"2016-10-29 00:21:01 PDT","I","test2@match_com","UploadManagerService","Processing data for hour /storage/emulated/0/.MATCH/data/2016-10-27/05-PDT.zip.uploaded"
"2016-10-29 00:21:01 PDT","I","test2@match_com","UploadManagerService","Processing data for date - /storage/emulated/0/.MATCH/data/2016-10-28"
"2016-10-29 00:21:01 PDT","I","test2@match_com","UploadManagerService","Processing data for hour /storage/emulated/0/.MATCH/data/2016-10-28/13-PDT.zip"
"2016-10-29 00:21:01 PDT","I","test2@match_com","UploadManagerService","Processing data for hour /storage/emulated/0/.MATCH/data/2016-10-28/14-PDT.zip"
"2016-10-29 00:21:01 PDT","I","test2@match_com","UploadManagerService","Processing data for hour /storage/emulated/0/.MATCH/data/2016-10-28/15-PDT.zip"
"2016-10-29 00:21:01 PDT","I","test2@match_com","UploadManagerService","Processing data for hour /storage/emulated/0/.MATCH/data/2016-10-28/16-PDT.zip"
"2016-10-29 00:21:01 PDT","I","test2@match_com","UploadManagerService","Processing data for hour /storage/emulated/0/.MATCH/data/2016-10-28/17-PDT.zip"
"2016-10-29 00:21:01 PDT","I","test2@match_com","UploadManagerService","Processing data for hour /storage/emulated/0/.MATCH/data/2016-10-28/18-PDT.zip"
"2016-10-29 00:21:01 PDT","I","test2@match_com","UploadManagerService","Processing data for hour /storage/emulated/0/.MATCH/data/2016-10-28/19-PDT.zip"
"2016-10-29 00:21:01 PDT","I","test2@match_com","UploadManagerService","Processing data for hour /storage/emulated/0/.MATCH/data/2016-10-28/20-PDT.zip"
"2016-10-29 00:21:01 PDT","I","test2@match_com","UploadManagerService","Processing data for hour /storage/emulated/0/.MATCH/data/2016-10-28/21-PDT.zip"
"2016-10-29 00:21:01 PDT","I","test2@match_com","UploadManagerService","Processing data for hour /storage/emulated/0/.MATCH/data/2016-10-28/22-PDT.zip"
"2016-10-29 00:21:01 PDT","I","test2@match_com","UploadManagerService","Processing data for hour /storage/emulated/0/.MATCH/data/2016-10-28/23-PDT.zip"
"2016-10-29 00:21:01 PDT","I","test2@match_com","UploadManagerService","Processing data for date - /storage/emulated/0/.MATCH/data/2016-10-29"
"2016-10-29 00:21:01 PDT","I","test2@match_com","UploadManagerService","Processing data for hour /storage/emulated/0/.MATCH/data/2016-10-29/00-PDT"
"2016-10-29 00:21:01 PDT","I","test2@match_com","UploadManagerService","Internet is not connected. Not trying to upload files."
"2016-10-29 00:21:01 PDT","I","test2@match_com","MinuteService","Inside onCreate"
"2016-10-29 00:21:01 PDT","I","test2@match_com","MinuteService","Minute Service Alarm was set by - MinuteService"
"2016-10-29 00:21:01 PDT","I","test2@match_com","MinuteService","Time since previous run - 4"
"2016-10-29 00:21:01 PDT","I","test2@match_com","MinuteService","Previous run within last 50 seconds, ignoring this run"
"2016-10-29 00:21:01 PDT","I","test2@match_com","UploadManagerService","Inside onDestroy"
"2016-10-29 00:21:01 PDT","I","test2@match_com","MinuteService","Inside onDestroy"
"2016-10-29 00:21:01 PDT","I","test2@match_com","BackupMinuteService","Inside onCreate"
"2016-10-29 00:21:01 PDT","I","test2@match_com","Util","Inside setBackupMinuteServiceAlarm"
"2016-10-29 00:21:01 PDT","I","test2@match_com","Util","BackupMinuteService last run at - Sat Oct 29 00:21:01 PDT 2016"
"2016-10-29 00:21:01 PDT","I","test2@match_com","Util","BackupMinuteService next run at - Sat Oct 29 00:22:01 PDT 2016"
"2016-10-29 00:21:01 PDT","I","test2@match_com","MinuteService","Inside onCreate"
"2016-10-29 00:21:01 PDT","I","test2@match_com","MinuteService","Minute Service Alarm was set by - MinuteService"
"2016-10-29 00:21:01 PDT","I","test2@match_com","MinuteService","Time since previous run - 5"
"2016-10-29 00:21:01 PDT","I","test2@match_com","MinuteService","Previous run within last 50 seconds, ignoring this run"
"2016-10-29 00:21:01 PDT","I","test2@match_com","BackupMinuteService","Inside onDestroy"
"2016-10-29 00:21:01 PDT","I","test2@match_com","MinuteService","Inside onDestroy"
"2016-10-29 00:21:01 PDT","I","test2@match_com","AlwaysOnService","Received Intent - android.intent.action.TIME_TICK"
"2016-10-29 00:21:23 PDT","I","test2@match_com","AlwaysOnService","Received Intent - android.intent.action.BATTERY_CHANGED"
"2016-10-29 00:21:36 PDT","I","test2@match_com","AlwaysOnService","Received Intent - android.intent.action.BATTERY_CHANGED"
"2016-10-29 00:21:56 PDT","I","test2@match_com","MinuteService","Inside onCreate"
"2016-10-29 00:21:56 PDT","I","test2@match_com","MinuteService","Minute Service Alarm was set by - MinuteService"
"2016-10-29 00:21:56 PDT","I","test2@match_com","MinuteService","Time since previous run - 60"
"2016-10-29 00:21:56 PDT","I","test2@match_com","MinuteService","Setting Minute Service Last Run"
"2016-10-29 00:21:56 PDT","I","test2@match_com","MinuteService","Setting Minute Service Alarm"
"2016-10-29 00:21:56 PDT","I","test2@match_com","Util","Inside setMinuteServiceAlarmFromMinuteService"
"2016-10-29 00:21:56 PDT","I","test2@match_com","Util","MinuteService last run at - Sat Oct 29 00:21:56 PDT 2016"
"2016-10-29 00:21:56 PDT","I","test2@match_com","Util","MinuteService next run at - Sat Oct 29 00:22:56 PDT 2016"
"2016-10-29 00:21:56 PDT","I","test2@match_com","MinuteService","Setting Minute Service Backup Alarm"
"2016-10-29 00:21:56 PDT","I","test2@match_com","Util","Inside setBackupMinuteServiceAlarm"
"2016-10-29 00:21:56 PDT","I","test2@match_com","Util","BackupMinuteService last run at - Sat Oct 29 00:21:01 PDT 2016"
"2016-10-29 00:21:56 PDT","I","test2@match_com","Util","BackupMinuteService next run at - Sat Oct 29 00:22:01 PDT 2016"
"2016-10-29 00:21:56 PDT","I","test2@match_com","MinuteService","Initializing MATCHConstants"
"2016-10-29 00:21:56 PDT","I","test2@match_com","MinuteService","Notifying user about minute service run"
"2016-10-29 00:21:56 PDT","I","test2@match_com","MinuteService","Writing status to Firebase Database"
"2016-10-29 00:21:56 PDT","I","test2@match_com","MinuteService","Logging Network Status"
"2016-10-29 00:21:56 PDT","I","test2@match_com","ConnectivityManager","isConnected - false - isWifi - false - isMobileInternet - false"
"2016-10-29 00:21:56 PDT","I","test2@match_com","MinuteService","Logging Battery Status"
"2016-10-29 00:21:56 PDT","I","test2@match_com","BatteryManager","Percentage - 83 - isCharging - true - isUSBCharging - false - isACCharging - true - isWirelessCharging - false"
"2016-10-29 00:21:56 PDT","I","test2@match_com","MinuteService","Logging Memory Status"
"2016-10-29 00:21:56 PDT","I","test2@match_com","MemoryManager","Total Memory,898,Available Memory,413,Threshold Memory,144,IsLowMemory,false"
"2016-10-29 00:21:56 PDT","I","test2@match_com","MinuteService","Logging Storage Status"
"2016-10-29 00:21:56 PDT","I","test2@match_com","StorageManager","Internal Total,2247,Internal Free,589,External Total,4637,External Free,3937"
"2016-10-29 00:21:56 PDT","I","test2@match_com","MinuteService","Logging Power Status"
"2016-10-29 00:21:56 PDT","I","test2@match_com","PowerManager","isDeviceIdleMode - false - isInteractive - false - isPowerSaveMode - false - isSustainedPerformanceModeSupported - false"
"2016-10-29 00:21:56 PDT","I","test2@match_com","MinuteService","Logging Notifications Status"
"2016-10-29 00:21:56 PDT","I","test2@match_com","NotificationManager","AreNotificationsEnabled - true - Importance - Unspecified"
"2016-10-29 00:21:56 PDT","I","test2@match_com","MinuteService","Logging Location"
"2016-10-29 00:21:56 PDT","I","test2@match_com","MinuteService","Fetching latest study data"
"2016-10-29 00:21:56 PDT","I","test2@match_com","MinuteService","Starting UploadManagerService"
"2016-10-29 00:21:56 PDT","I","test2@match_com","MinuteService","Starting SurveyManagerService"
"2016-10-29 00:21:56 PDT","I","test2@match_com","UploadManagerService","Inside onCreate"
"2016-10-29 00:21:56 PDT","I","test2@match_com","UploadManagerService","Processing Logs"
"2016-10-29 00:21:56 PDT","I","test2@match_com","UploadManagerService","Processing Logs for Date - /storage/emulated/0/.MATCH/logs/2016-10-26"
"2016-10-29 00:21:56 PDT","I","test2@match_com","UploadManagerService","Processing Logs for Date - /storage/emulated/0/.MATCH/logs/2016-10-27"
"2016-10-29 00:21:56 PDT","I","test2@match_com","UploadManagerService","Processing Logs for Date - /storage/emulated/0/.MATCH/logs/2016-10-28"
"2016-10-29 00:21:56 PDT","I","test2@match_com","UploadManagerService","Processing Logs for Date - /storage/emulated/0/.MATCH/logs/2016-10-29"
"2016-10-29 00:21:56 PDT","I","test2@match_com","UploadManagerService","Processing Surveys"
"2016-10-29 00:21:56 PDT","I","test2@match_com","UploadManagerService","Processing Data files"
"2016-10-29 00:21:56 PDT","I","test2@match_com","UploadManagerService","Processing data for date - /storage/emulated/0/.MATCH/data/2016-10-26"
"2016-10-29 00:21:56 PDT","I","test2@match_com","UploadManagerService","Processing data for hour /storage/emulated/0/.MATCH/data/2016-10-26/19-PDT.zip.uploaded"
"2016-10-29 00:21:56 PDT","I","test2@match_com","UploadManagerService","Processing data for hour /storage/emulated/0/.MATCH/data/2016-10-26/13-PDT.zip.uploaded"
"2016-10-29 00:21:56 PDT","I","test2@match_com","UploadManagerService","Processing data for hour /storage/emulated/0/.MATCH/data/2016-10-26/14-PDT.zip.uploaded"
"2016-10-29 00:21:56 PDT","I","test2@match_com","UploadManagerService","Processing data for hour /storage/emulated/0/.MATCH/data/2016-10-26/15-PDT.zip.uploaded"
"2016-10-29 00:21:57 PDT","I","test2@match_com","UploadManagerService","Processing data for hour /storage/emulated/0/.MATCH/data/2016-10-26/16-PDT.zip.uploaded"
"2016-10-29 00:21:57 PDT","I","test2@match_com","UploadManagerService","Processing data for hour /storage/emulated/0/.MATCH/data/2016-10-26/17-PDT.zip.uploaded"
"2016-10-29 00:21:57 PDT","I","test2@match_com","UploadManagerService","Processing data for hour /storage/emulated/0/.MATCH/data/2016-10-26/21-PDT.zip.uploaded"
"2016-10-29 00:21:57 PDT","I","test2@match_com","UploadManagerService","Processing data for hour /storage/emulated/0/.MATCH/data/2016-10-26/22-PDT.zip.uploaded"
"2016-10-29 00:21:57 PDT","I","test2@match_com","UploadManagerService","Processing data for hour /storage/emulated/0/.MATCH/data/2016-10-26/18-PDT.zip.uploaded"
"2016-10-29 00:21:57 PDT","I","test2@match_com","UploadManagerService","Processing data for hour /storage/emulated/0/.MATCH/data/2016-10-26/20-PDT.zip.uploaded"
"2016-10-29 00:21:57 PDT","I","test2@match_com","UploadManagerService","Processing data for hour /storage/emulated/0/.MATCH/data/2016-10-26/23-PDT.zip.uploaded"
"2016-10-29 00:21:57 PDT","I","test2@match_com","UploadManagerService","Processing data for date - /storage/emulated/0/.MATCH/data/2016-10-27"
"2016-10-29 00:21:57 PDT","I","test2@match_com","UploadManagerService","Processing data for hour /storage/emulated/0/.MATCH/data/2016-10-27/01-PDT.zip.uploaded"
"2016-10-29 00:21:57 PDT","I","test2@match_com","UploadManagerService","Processing data for hour /storage/emulated/0/.MATCH/data/2016-10-27/03-PDT.zip.uploaded"
"2016-10-29 00:21:57 PDT","I","test2@match_com","UploadManagerService","Processing data for hour /storage/emulated/0/.MATCH/data/2016-10-27/04-PDT.zip.uploaded"
"2016-10-29 00:21:57 PDT","I","test2@match_com","UploadManagerService","Processing data for hour /storage/emulated/0/.MATCH/data/2016-10-27/06-PDT.zip.uploaded"
"2016-10-29 00:21:57 PDT","I","test2@match_com","UploadManagerService","Processing data for hour /storage/emulated/0/.MATCH/data/2016-10-27/00-PDT.zip.uploaded"
"2016-10-29 00:21:57 PDT","I","test2@match_com","UploadManagerService","Processing data for hour /storage/emulated/0/.MATCH/data/2016-10-27/02-PDT.zip.uploaded"
"2016-10-29 00:21:57 PDT","I","test2@match_com","UploadManagerService","Processing data for hour /storage/emulated/0/.MATCH/data/2016-10-27/05-PDT.zip.uploaded"
"2016-10-29 00:21:57 PDT","I","test2@match_com","UploadManagerService","Processing data for date - /storage/emulated/0/.MATCH/data/2016-10-28"
"2016-10-29 00:21:57 PDT","I","test2@match_com","UploadManagerService","Processing data for hour /storage/emulated/0/.MATCH/data/2016-10-28/13-PDT.zip"
"2016-10-29 00:21:57 PDT","I","test2@match_com","UploadManagerService","Processing data for hour /storage/emulated/0/.MATCH/data/2016-10-28/14-PDT.zip"
"2016-10-29 00:21:57 PDT","I","test2@match_com","UploadManagerService","Processing data for hour /storage/emulated/0/.MATCH/data/2016-10-28/15-PDT.zip"
"2016-10-29 00:21:57 PDT","I","test2@match_com","UploadManagerService","Processing data for hour /storage/emulated/0/.MATCH/data/2016-10-28/16-PDT.zip"
"2016-10-29 00:21:57 PDT","I","test2@match_com","UploadManagerService","Processing data for hour /storage/emulated/0/.MATCH/data/2016-10-28/17-PDT.zip"
"2016-10-29 00:21:57 PDT","I","test2@match_com","UploadManagerService","Processing data for hour /storage/emulated/0/.MATCH/data/2016-10-28/18-PDT.zip"
"2016-10-29 00:21:57 PDT","I","test2@match_com","UploadManagerService","Processing data for hour /storage/emulated/0/.MATCH/data/2016-10-28/19-PDT.zip"
"2016-10-29 00:21:57 PDT","I","test2@match_com","UploadManagerService","Processing data for hour /storage/emulated/0/.MATCH/data/2016-10-28/20-PDT.zip"
"2016-10-29 00:21:57 PDT","I","test2@match_com","UploadManagerService","Processing data for hour /storage/emulated/0/.MATCH/data/2016-10-28/21-PDT.zip"
"2016-10-29 00:21:57 PDT","I","test2@match_com","UploadManagerService","Processing data for hour /storage/emulated/0/.MATCH/data/2016-10-28/22-PDT.zip"
"2016-10-29 00:21:57 PDT","I","test2@match_com","UploadManagerService","Processing data for hour /storage/emulated/0/.MATCH/data/2016-10-28/23-PDT.zip"
"2016-10-29 00:21:57 PDT","I","test2@match_com","UploadManagerService","Processing data for date - /storage/emulated/0/.MATCH/data/2016-10-29"
"2016-10-29 00:21:57 PDT","I","test2@match_com","UploadManagerService","Processing data for hour /storage/emulated/0/.MATCH/data/2016-10-29/00-PDT"
"2016-10-29 00:21:57 PDT","I","test2@match_com","UploadManagerService","Internet is not connected. Not trying to upload files."
"2016-10-29 00:21:57 PDT","I","test2@match_com","SurveyManagerService","Inside onCreate"
"2016-10-29 00:21:57 PDT","I","test2@match_com","SurveyManagerService","Current time is - Sat Oct 29 00:21:57 PDT 2016"
"2016-10-29 00:21:57 PDT","I","test2@match_com","SurveyManagerService","Start Date is - Tue Oct 25 19:00:00 PDT 2016"
"2016-10-29 00:21:57 PDT","I","test2@match_com","SurveyManagerService","End Date is - Tue Nov 01 16:00:00 PDT 2016"
"2016-10-29 00:21:57 PDT","I","test2@match_com","SurveyManagerService","Scheduling Survey for - KEY_EMA_0730TO0800_CHILD"
"2016-10-29 00:21:57 PDT","I","test2@match_com","SurveyManagerService","Survey KEY_EMA_0730TO0800_CHILD is already scheduled"
"2016-10-29 00:21:57 PDT","I","test2@match_com","SurveyManagerService","Scheduling Survey for - KEY_EMA_0930TO1000_CHILD"
"2016-10-29 00:21:57 PDT","I","test2@match_com","SurveyManagerService","Survey KEY_EMA_0930TO1000_CHILD is already scheduled"
"2016-10-29 00:21:57 PDT","I","test2@match_com","SurveyManagerService","Scheduling Survey for - KEY_EMA_1130TO1200_CHILD"
"2016-10-29 00:21:57 PDT","I","test2@match_com","SurveyManagerService","Survey KEY_EMA_1130TO1200_CHILD is already scheduled"
"2016-10-29 00:21:57 PDT","I","test2@match_com","SurveyManagerService","Scheduling Survey for - KEY_EMA_1330TO1400_CHILD"
"2016-10-29 00:21:57 PDT","I","test2@match_com","SurveyManagerService","Survey KEY_EMA_1330TO1400_CHILD is already scheduled"
"2016-10-29 00:21:57 PDT","I","test2@match_com","SurveyManagerService","Scheduling Survey for - KEY_EMA_1530TO1600_CHILD"
"2016-10-29 00:21:57 PDT","I","test2@match_com","SurveyManagerService","Survey KEY_EMA_1530TO1600_CHILD is already scheduled"
"2016-10-29 00:21:57 PDT","I","test2@match_com","SurveyManagerService","Scheduling Survey for - KEY_EMA_1730TO1800_CHILD"
"2016-10-29 00:21:57 PDT","I","test2@match_com","SurveyManagerService","Survey KEY_EMA_1730TO1800_CHILD is already scheduled"
"2016-10-29 00:21:57 PDT","I","test2@match_com","SurveyManagerService","Scheduling Survey for - KEY_EMA_1930TO2000_CHILD"
"2016-10-29 00:21:57 PDT","I","test2@match_com","SurveyManagerService","Survey KEY_EMA_1930TO2000_CHILD is already scheduled"
"2016-10-29 00:21:57 PDT","I","test2@match_com","SurveyManagerService","Saliva surveys are already scheduled"
"2016-10-29 00:21:57 PDT","I","test2@match_com","SurveyManagerService","Survey KEY_SALIVA_BEDTIME scheduled for Sat Oct 29 21:46:57 PDT 2016"
"2016-10-29 00:21:57 PDT","I","test2@match_com","SurveyManagerService","Survey Schedule for KEY_EMA_0730TO0800_CHILD is Sat Oct 29 07:47:17 PDT 2016"
"2016-10-29 00:21:57 PDT","I","test2@match_com","SurveyManagerService","Still not time to prompt the survey"
"2016-10-29 00:21:57 PDT","I","test2@match_com","SurveyManagerService","Survey Schedule for KEY_EMA_0930TO1000_CHILD is Sat Oct 29 09:57:24 PDT 2016"
"2016-10-29 00:21:57 PDT","I","test2@match_com","SurveyManagerService","Still not time to prompt the survey"
"2016-10-29 00:21:57 PDT","I","test2@match_com","SurveyManagerService","Survey Schedule for KEY_EMA_1130TO1200_CHILD is Sat Oct 29 11:45:10 PDT 2016"
"2016-10-29 00:21:57 PDT","I","test2@match_com","SurveyManagerService","Still not time to prompt the survey"
"2016-10-29 00:21:57 PDT","I","test2@match_com","SurveyManagerService","Survey Schedule for KEY_EMA_1330TO1400_CHILD is Sat Oct 29 13:44:02 PDT 2016"
"2016-10-29 00:21:57 PDT","I","test2@match_com","SurveyManagerService","Still not time to prompt the survey"
"2016-10-29 00:21:57 PDT","I","test2@match_com","SurveyManagerService","Survey Schedule for KEY_EMA_1530TO1600_CHILD is Sat Oct 29 15:33:41 PDT 2016"
"2016-10-29 00:21:57 PDT","I","test2@match_com","SurveyManagerService","Still not time to prompt the survey"
"2016-10-29 00:21:57 PDT","I","test2@match_com","SurveyManagerService","Survey Schedule for KEY_EMA_1730TO1800_CHILD is Sat Oct 29 17:47:43 PDT 2016"
"2016-10-29 00:21:57 PDT","I","test2@match_com","SurveyManagerService","Still not time to prompt the survey"
"2016-10-29 00:21:57 PDT","I","test2@match_com","SurveyManagerService","Survey Schedule for KEY_EMA_1930TO2000_CHILD is Sat Oct 29 19:36:11 PDT 2016"
"2016-10-29 00:21:57 PDT","I","test2@match_com","SurveyManagerService","Still not time to prompt the survey"
"2016-10-29 00:21:57 PDT","I","test2@match_com","SurveyManagerService","KEY_SALIVA_WAKING is scheduled for Sat Oct 29 06:46:56 PDT 2016"
"2016-10-29 00:21:57 PDT","I","test2@match_com","SurveyManagerService","Prompt KEY_SALIVA_WAKING is in the future - Sat Oct 29 06:46:56 PDT 2016"
"2016-10-29 00:21:57 PDT","I","test2@match_com","SurveyManagerService","KEY_SALIVA_WAKING_PLUS_30 is scheduled for Sat Oct 29 07:16:56 PDT 2016"
"2016-10-29 00:21:57 PDT","I","test2@match_com","SurveyManagerService","Prompt KEY_SALIVA_WAKING_PLUS_30 is in the future - Sat Oct 29 07:16:56 PDT 2016"
"2016-10-29 00:21:57 PDT","I","test2@match_com","SurveyManagerService","KEY_SALIVA_AFTERNOON_4TO430_CHILD is scheduled for Sat Oct 29 16:16:27 PDT 2016"
"2016-10-29 00:21:57 PDT","I","test2@match_com","SurveyManagerService","Prompt KEY_SALIVA_AFTERNOON_4TO430_CHILD is in the future - Sat Oct 29 16:16:27 PDT 2016"
"2016-10-29 00:21:57 PDT","I","test2@match_com","SurveyManagerService","KEY_SALIVA_BEDTIME is scheduled for Sat Oct 29 21:46:57 PDT 2016"
"2016-10-29 00:21:57 PDT","I","test2@match_com","SurveyManagerService","Prompt KEY_SALIVA_BEDTIME is in the future - Sat Oct 29 21:46:57 PDT 2016"
"2016-10-29 00:21:57 PDT","I","test2@match_com","MinuteService","Inside onDestroy"
"2016-10-29 00:21:57 PDT","I","test2@match_com","UploadManagerService","Inside onDestroy"
"2016-10-29 00:21:57 PDT","I","test2@match_com","SurveyManagerService","Inside onDestroy"
"2016-10-29 00:21:57 PDT","I","test2@match_com","Zipper","unzipFileWithEncryption"
"2016-10-29 00:21:57 PDT","I","test2@match_com","Zipper","Deleting File - /storage/emulated/0/.MATCH/data/2016-10-29/00-PDT/GPS.csv.zip"
"2016-10-29 00:21:57 PDT","I","test2@match_com","Zipper","zipFileWithEncryption - /storage/emulated/0/.MATCH/data/2016-10-29/00-PDT/GPS.csv"
"2016-10-29 00:21:57 PDT","I","test2@match_com","Zipper","Creating ZipFile - /storage/emulated/0/.MATCH/data/2016-10-29/00-PDT/GPS.csv.zip"
"2016-10-29 00:21:57 PDT","I","test2@match_com","Zipper","Deleting File - /storage/emulated/0/.MATCH/data/2016-10-29/00-PDT/GPS.csv"
"2016-10-29 00:22:01 PDT","I","test2@match_com","UploadManagerService","Inside onCreate"
"2016-10-29 00:22:01 PDT","I","test2@match_com","UploadManagerService","Processing Logs"
"2016-10-29 00:22:01 PDT","I","test2@match_com","UploadManagerService","Processing Logs for Date - /storage/emulated/0/.MATCH/logs/2016-10-26"
"2016-10-29 00:22:01 PDT","I","test2@match_com","UploadManagerService","Processing Logs for Date - /storage/emulated/0/.MATCH/logs/2016-10-27"
"2016-10-29 00:22:01 PDT","I","test2@match_com","UploadManagerService","Processing Logs for Date - /storage/emulated/0/.MATCH/logs/2016-10-28"
"2016-10-29 00:22:01 PDT","I","test2@match_com","UploadManagerService","Processing Logs for Date - /storage/emulated/0/.MATCH/logs/2016-10-29"
"2016-10-29 00:22:01 PDT","I","test2@match_com","UploadManagerService","Processing Surveys"
"2016-10-29 00:22:01 PDT","I","test2@match_com","UploadManagerService","Processing Data files"
"2016-10-29 00:22:01 PDT","I","test2@match_com","UploadManagerService","Processing data for date - /storage/emulated/0/.MATCH/data/2016-10-26"
"2016-10-29 00:22:01 PDT","I","test2@match_com","UploadManagerService","Processing data for hour /storage/emulated/0/.MATCH/data/2016-10-26/19-PDT.zip.uploaded"
"2016-10-29 00:22:01 PDT","I","test2@match_com","UploadManagerService","Processing data for hour /storage/emulated/0/.MATCH/data/2016-10-26/13-PDT.zip.uploaded"
"2016-10-29 00:22:01 PDT","I","test2@match_com","UploadManagerService","Processing data for hour /storage/emulated/0/.MATCH/data/2016-10-26/14-PDT.zip.uploaded"
"2016-10-29 00:22:01 PDT","I","test2@match_com","UploadManagerService","Processing data for hour /storage/emulated/0/.MATCH/data/2016-10-26/15-PDT.zip.uploaded"
"2016-10-29 00:22:01 PDT","I","test2@match_com","UploadManagerService","Processing data for hour /storage/emulated/0/.MATCH/data/2016-10-26/16-PDT.zip.uploaded"
"2016-10-29 00:22:01 PDT","I","test2@match_com","UploadManagerService","Processing data for hour /storage/emulated/0/.MATCH/data/2016-10-26/17-PDT.zip.uploaded"
"2016-10-29 00:22:01 PDT","I","test2@match_com","UploadManagerService","Processing data for hour /storage/emulated/0/.MATCH/data/2016-10-26/21-PDT.zip.uploaded"
"2016-10-29 00:22:01 PDT","I","test2@match_com","UploadManagerService","Processing data for hour /storage/emulated/0/.MATCH/data/2016-10-26/22-PDT.zip.uploaded"
"2016-10-29 00:22:01 PDT","I","test2@match_com","UploadManagerService","Processing data for hour /storage/emulated/0/.MATCH/data/2016-10-26/18-PDT.zip.uploaded"
"2016-10-29 00:22:01 PDT","I","test2@match_com","UploadManagerService","Processing data for hour /storage/emulated/0/.MATCH/data/2016-10-26/20-PDT.zip.uploaded"
"2016-10-29 00:22:01 PDT","I","test2@match_com","UploadManagerService","Processing data for hour /storage/emulated/0/.MATCH/data/2016-10-26/23-PDT.zip.uploaded"
"2016-10-29 00:22:01 PDT","I","test2@match_com","UploadManagerService","Processing data for date - /storage/emulated/0/.MATCH/data/2016-10-27"
"2016-10-29 00:22:01 PDT","I","test2@match_com","UploadManagerService","Processing data for hour /storage/emulated/0/.MATCH/data/2016-10-27/01-PDT.zip.uploaded"
"2016-10-29 00:22:01 PDT","I","test2@match_com","UploadManagerService","Processing data for hour /storage/emulated/0/.MATCH/data/2016-10-27/03-PDT.zip.uploaded"
"2016-10-29 00:22:01 PDT","I","test2@match_com","UploadManagerService","Processing data for hour /storage/emulated/0/.MATCH/data/2016-10-27/04-PDT.zip.uploaded"
"2016-10-29 00:22:01 PDT","I","test2@match_com","UploadManagerService","Processing data for hour /storage/emulated/0/.MATCH/data/2016-10-27/06-PDT.zip.uploaded"
"2016-10-29 00:22:01 PDT","I","test2@match_com","UploadManagerService","Processing data for hour /storage/emulated/0/.MATCH/data/2016-10-27/00-PDT.zip.uploaded"
"2016-10-29 00:22:01 PDT","I","test2@match_com","UploadManagerService","Processing data for hour /storage/emulated/0/.MATCH/data/2016-10-27/02-PDT.zip.uploaded"
"2016-10-29 00:22:01 PDT","I","test2@match_com","UploadManagerService","Processing data for hour /storage/emulated/0/.MATCH/data/2016-10-27/05-PDT.zip.uploaded"
"2016-10-29 00:22:01 PDT","I","test2@match_com","UploadManagerService","Processing data for date - /storage/emulated/0/.MATCH/data/2016-10-28"
"2016-10-29 00:22:01 PDT","I","test2@match_com","UploadManagerService","Processing data for hour /storage/emulated/0/.MATCH/data/2016-10-28/13-PDT.zip"
"2016-10-29 00:22:01 PDT","I","test2@match_com","UploadManagerService","Processing data for hour /storage/emulated/0/.MATCH/data/2016-10-28/14-PDT.zip"
"2016-10-29 00:22:01 PDT","I","test2@match_com","UploadManagerService","Processing data for hour /storage/emulated/0/.MATCH/data/2016-10-28/15-PDT.zip"
"2016-10-29 00:22:01 PDT","I","test2@match_com","UploadManagerService","Processing data for hour /storage/emulated/0/.MATCH/data/2016-10-28/16-PDT.zip"
"2016-10-29 00:22:01 PDT","I","test2@match_com","UploadManagerService","Processing data for hour /storage/emulated/0/.MATCH/data/2016-10-28/17-PDT.zip"
"2016-10-29 00:22:01 PDT","I","test2@match_com","UploadManagerService","Processing data for hour /storage/emulated/0/.MATCH/data/2016-10-28/18-PDT.zip"
"2016-10-29 00:22:01 PDT","I","test2@match_com","UploadManagerService","Processing data for hour /storage/emulated/0/.MATCH/data/2016-10-28/19-PDT.zip"
"2016-10-29 00:22:01 PDT","I","test2@match_com","UploadManagerService","Processing data for hour /storage/emulated/0/.MATCH/data/2016-10-28/20-PDT.zip"
"2016-10-29 00:22:01 PDT","I","test2@match_com","UploadManagerService","Processing data for hour /storage/emulated/0/.MATCH/data/2016-10-28/21-PDT.zip"
"2016-10-29 00:22:01 PDT","I","test2@match_com","UploadManagerService","Processing data for hour /storage/emulated/0/.MATCH/data/2016-10-28/22-PDT.zip"
"2016-10-29 00:22:01 PDT","I","test2@match_com","UploadManagerService","Processing data for hour /storage/emulated/0/.MATCH/data/2016-10-28/23-PDT.zip"
"2016-10-29 00:22:01 PDT","I","test2@match_com","UploadManagerService","Processing data for date - /storage/emulated/0/.MATCH/data/2016-10-29"
"2016-10-29 00:22:01 PDT","I","test2@match_com","UploadManagerService","Processing data for hour /storage/emulated/0/.MATCH/data/2016-10-29/00-PDT"
"2016-10-29 00:22:01 PDT","I","test2@match_com","UploadManagerService","Internet is not connected. Not trying to upload files."
"2016-10-29 00:22:01 PDT","I","test2@match_com","MinuteService","Inside onCreate"
"2016-10-29 00:22:01 PDT","I","test2@match_com","MinuteService","Minute Service Alarm was set by - MinuteService"
"2016-10-29 00:22:01 PDT","I","test2@match_com","MinuteService","Time since previous run - 4"
"2016-10-29 00:22:01 PDT","I","test2@match_com","MinuteService","Previous run within last 50 seconds, ignoring this run"
"2016-10-29 00:22:01 PDT","I","test2@match_com","UploadManagerService","Inside onDestroy"
"2016-10-29 00:22:01 PDT","I","test2@match_com","MinuteService","Inside onDestroy"
"2016-10-29 00:22:01 PDT","I","test2@match_com","BackupMinuteService","Inside onCreate"
"2016-10-29 00:22:01 PDT","I","test2@match_com","Util","Inside setBackupMinuteServiceAlarm"
"2016-10-29 00:22:01 PDT","I","test2@match_com","Util","BackupMinuteService last run at - Sat Oct 29 00:22:01 PDT 2016"
"2016-10-29 00:22:01 PDT","I","test2@match_com","Util","BackupMinuteService next run at - Sat Oct 29 00:23:01 PDT 2016"
"2016-10-29 00:22:01 PDT","I","test2@match_com","MinuteService","Inside onCreate"
"2016-10-29 00:22:01 PDT","I","test2@match_com","MinuteService","Minute Service Alarm was set by - MinuteService"
"2016-10-29 00:22:01 PDT","I","test2@match_com","MinuteService","Time since previous run - 5"
"2016-10-29 00:22:01 PDT","I","test2@match_com","MinuteService","Previous run within last 50 seconds, ignoring this run"
"2016-10-29 00:22:01 PDT","I","test2@match_com","BackupMinuteService","Inside onDestroy"
"2016-10-29 00:22:01 PDT","I","test2@match_com","MinuteService","Inside onDestroy"
"2016-10-29 00:22:01 PDT","I","test2@match_com","AlwaysOnService","Received Intent - android.intent.action.TIME_TICK"
"2016-10-29 00:22:23 PDT","I","test2@match_com","AlwaysOnService","Received Intent - android.intent.action.BATTERY_CHANGED"
"2016-10-29 00:22:34 PDT","I","test2@match_com","AlwaysOnService","Received Intent - android.intent.action.BATTERY_CHANGED"
"2016-10-29 00:22:56 PDT","I","test2@match_com","MinuteService","Inside onCreate"
"2016-10-29 00:22:56 PDT","I","test2@match_com","MinuteService","Minute Service Alarm was set by - MinuteService"
"2016-10-29 00:22:56 PDT","I","test2@match_com","MinuteService","Time since previous run - 60"
"2016-10-29 00:22:56 PDT","I","test2@match_com","MinuteService","Setting Minute Service Last Run"
"2016-10-29 00:22:56 PDT","I","test2@match_com","MinuteService","Setting Minute Service Alarm"
"2016-10-29 00:22:56 PDT","I","test2@match_com","Util","Inside setMinuteServiceAlarmFromMinuteService"
"2016-10-29 00:22:56 PDT","I","test2@match_com","Util","MinuteService last run at - Sat Oct 29 00:22:56 PDT 2016"
"2016-10-29 00:22:56 PDT","I","test2@match_com","Util","MinuteService next run at - Sat Oct 29 00:23:56 PDT 2016"
"2016-10-29 00:22:56 PDT","I","test2@match_com","MinuteService","Setting Minute Service Backup Alarm"
"2016-10-29 00:22:56 PDT","I","test2@match_com","Util","Inside setBackupMinuteServiceAlarm"
"2016-10-29 00:22:56 PDT","I","test2@match_com","Util","BackupMinuteService last run at - Sat Oct 29 00:22:01 PDT 2016"
"2016-10-29 00:22:56 PDT","I","test2@match_com","Util","BackupMinuteService next run at - Sat Oct 29 00:23:01 PDT 2016"
"2016-10-29 00:22:56 PDT","I","test2@match_com","MinuteService","Initializing MATCHConstants"
"2016-10-29 00:22:56 PDT","I","test2@match_com","MinuteService","Notifying user about minute service run"
"2016-10-29 00:22:56 PDT","I","test2@match_com","MinuteService","Writing status to Firebase Database"
"2016-10-29 00:22:56 PDT","I","test2@match_com","MinuteService","Logging Network Status"
"2016-10-29 00:22:56 PDT","I","test2@match_com","ConnectivityManager","isConnected - false - isWifi - false - isMobileInternet - false"
"2016-10-29 00:22:56 PDT","I","test2@match_com","MinuteService","Logging Battery Status"
"2016-10-29 00:22:56 PDT","I","test2@match_com","BatteryManager","Percentage - 84 - isCharging - true - isUSBCharging - false - isACCharging - true - isWirelessCharging - false"
"2016-10-29 00:22:56 PDT","I","test2@match_com","MinuteService","Logging Memory Status"
"2016-10-29 00:22:56 PDT","I","test2@match_com","MemoryManager","Total Memory,898,Available Memory,417,Threshold Memory,144,IsLowMemory,false"
"2016-10-29 00:22:56 PDT","I","test2@match_com","MinuteService","Logging Storage Status"
"2016-10-29 00:22:56 PDT","I","test2@match_com","StorageManager","Internal Total,2247,Internal Free,589,External Total,4637,External Free,3936"
"2016-10-29 00:22:56 PDT","I","test2@match_com","MinuteService","Logging Power Status"
"2016-10-29 00:22:56 PDT","I","test2@match_com","PowerManager","isDeviceIdleMode - false - isInteractive - false - isPowerSaveMode - false - isSustainedPerformanceModeSupported - false"
"2016-10-29 00:22:56 PDT","I","test2@match_com","MinuteService","Logging Notifications Status"
"2016-10-29 00:22:56 PDT","I","test2@match_com","NotificationManager","AreNotificationsEnabled - true - Importance - Unspecified"
"2016-10-29 00:22:56 PDT","I","test2@match_com","MinuteService","Logging Location"
"2016-10-29 00:22:56 PDT","I","test2@match_com","MinuteService","Fetching latest study data"
"2016-10-29 00:22:56 PDT","I","test2@match_com","MinuteService","Starting UploadManagerService"
"2016-10-29 00:22:56 PDT","I","test2@match_com","MinuteService","Starting SurveyManagerService"
"2016-10-29 00:22:56 PDT","I","test2@match_com","UploadManagerService","Inside onCreate"
"2016-10-29 00:22:56 PDT","I","test2@match_com","UploadManagerService","Processing Logs"
"2016-10-29 00:22:56 PDT","I","test2@match_com","UploadManagerService","Processing Logs for Date - /storage/emulated/0/.MATCH/logs/2016-10-26"
"2016-10-29 00:22:56 PDT","I","test2@match_com","UploadManagerService","Processing Logs for Date - /storage/emulated/0/.MATCH/logs/2016-10-27"
"2016-10-29 00:22:56 PDT","I","test2@match_com","UploadManagerService","Processing Logs for Date - /storage/emulated/0/.MATCH/logs/2016-10-28"
"2016-10-29 00:22:56 PDT","I","test2@match_com","UploadManagerService","Processing Logs for Date - /storage/emulated/0/.MATCH/logs/2016-10-29"
"2016-10-29 00:22:56 PDT","I","test2@match_com","UploadManagerService","Processing Surveys"
"2016-10-29 00:22:56 PDT","I","test2@match_com","UploadManagerService","Processing Data files"
"2016-10-29 00:22:56 PDT","I","test2@match_com","UploadManagerService","Processing data for date - /storage/emulated/0/.MATCH/data/2016-10-26"
"2016-10-29 00:22:57 PDT","I","test2@match_com","UploadManagerService","Processing data for hour /storage/emulated/0/.MATCH/data/2016-10-26/19-PDT.zip.uploaded"
"2016-10-29 00:22:57 PDT","I","test2@match_com","UploadManagerService","Processing data for hour /storage/emulated/0/.MATCH/data/2016-10-26/13-PDT.zip.uploaded"
"2016-10-29 00:22:57 PDT","I","test2@match_com","UploadManagerService","Processing data for hour /storage/emulated/0/.MATCH/data/2016-10-26/14-PDT.zip.uploaded"
"2016-10-29 00:22:57 PDT","I","test2@match_com","UploadManagerService","Processing data for hour /storage/emulated/0/.MATCH/data/2016-10-26/15-PDT.zip.uploaded"
"2016-10-29 00:22:57 PDT","I","test2@match_com","UploadManagerService","Processing data for hour /storage/emulated/0/.MATCH/data/2016-10-26/16-PDT.zip.uploaded"
"2016-10-29 00:22:57 PDT","I","test2@match_com","UploadManagerService","Processing data for hour /storage/emulated/0/.MATCH/data/2016-10-26/17-PDT.zip.uploaded"
"2016-10-29 00:22:57 PDT","I","test2@match_com","UploadManagerService","Processing data for hour /storage/emulated/0/.MATCH/data/2016-10-26/21-PDT.zip.uploaded"
"2016-10-29 00:22:57 PDT","I","test2@match_com","UploadManagerService","Processing data for hour /storage/emulated/0/.MATCH/data/2016-10-26/22-PDT.zip.uploaded"
"2016-10-29 00:22:57 PDT","I","test2@match_com","UploadManagerService","Processing data for hour /storage/emulated/0/.MATCH/data/2016-10-26/18-PDT.zip.uploaded"
"2016-10-29 00:22:57 PDT","I","test2@match_com","UploadManagerService","Processing data for hour /storage/emulated/0/.MATCH/data/2016-10-26/20-PDT.zip.uploaded"
"2016-10-29 00:22:57 PDT","I","test2@match_com","UploadManagerService","Processing data for hour /storage/emulated/0/.MATCH/data/2016-10-26/23-PDT.zip.uploaded"
"2016-10-29 00:22:57 PDT","I","test2@match_com","UploadManagerService","Processing data for date - /storage/emulated/0/.MATCH/data/2016-10-27"
"2016-10-29 00:22:57 PDT","I","test2@match_com","UploadManagerService","Processing data for hour /storage/emulated/0/.MATCH/data/2016-10-27/01-PDT.zip.uploaded"
"2016-10-29 00:22:57 PDT","I","test2@match_com","UploadManagerService","Processing data for hour /storage/emulated/0/.MATCH/data/2016-10-27/03-PDT.zip.uploaded"
"2016-10-29 00:22:57 PDT","I","test2@match_com","UploadManagerService","Processing data for hour /storage/emulated/0/.MATCH/data/2016-10-27/04-PDT.zip.uploaded"
"2016-10-29 00:22:57 PDT","I","test2@match_com","UploadManagerService","Processing data for hour /storage/emulated/0/.MATCH/data/2016-10-27/06-PDT.zip.uploaded"
"2016-10-29 00:22:57 PDT","I","test2@match_com","UploadManagerService","Processing data for hour /storage/emulated/0/.MATCH/data/2016-10-27/00-PDT.zip.uploaded"
"2016-10-29 00:22:57 PDT","I","test2@match_com","UploadManagerService","Processing data for hour /storage/emulated/0/.MATCH/data/2016-10-27/02-PDT.zip.uploaded"
"2016-10-29 00:22:57 PDT","I","test2@match_com","UploadManagerService","Processing data for hour /storage/emulated/0/.MATCH/data/2016-10-27/05-PDT.zip.uploaded"
"2016-10-29 00:22:57 PDT","I","test2@match_com","UploadManagerService","Processing data for date - /storage/emulated/0/.MATCH/data/2016-10-28"
"2016-10-29 00:22:57 PDT","I","test2@match_com","UploadManagerService","Processing data for hour /storage/emulated/0/.MATCH/data/2016-10-28/13-PDT.zip"
"2016-10-29 00:22:57 PDT","I","test2@match_com","UploadManagerService","Processing data for hour /storage/emulated/0/.MATCH/data/2016-10-28/14-PDT.zip"
"2016-10-29 00:22:57 PDT","I","test2@match_com","UploadManagerService","Processing data for hour /storage/emulated/0/.MATCH/data/2016-10-28/15-PDT.zip"
"2016-10-29 00:22:57 PDT","I","test2@match_com","UploadManagerService","Processing data for hour /storage/emulated/0/.MATCH/data/2016-10-28/16-PDT.zip"
"2016-10-29 00:22:57 PDT","I","test2@match_com","UploadManagerService","Processing data for hour /storage/emulated/0/.MATCH/data/2016-10-28/17-PDT.zip"
"2016-10-29 00:22:57 PDT","I","test2@match_com","UploadManagerService","Processing data for hour /storage/emulated/0/.MATCH/data/2016-10-28/18-PDT.zip"
"2016-10-29 00:22:57 PDT","I","test2@match_com","UploadManagerService","Processing data for hour /storage/emulated/0/.MATCH/data/2016-10-28/19-PDT.zip"
"2016-10-29 00:22:57 PDT","I","test2@match_com","UploadManagerService","Processing data for hour /storage/emulated/0/.MATCH/data/2016-10-28/20-PDT.zip"
"2016-10-29 00:22:57 PDT","I","test2@match_com","UploadManagerService","Processing data for hour /storage/emulated/0/.MATCH/data/2016-10-28/21-PDT.zip"
"2016-10-29 00:22:57 PDT","I","test2@match_com","UploadManagerService","Processing data for hour /storage/emulated/0/.MATCH/data/2016-10-28/22-PDT.zip"
"2016-10-29 00:22:57 PDT","I","test2@match_com","UploadManagerService","Processing data for hour /storage/emulated/0/.MATCH/data/2016-10-28/23-PDT.zip"
"2016-10-29 00:22:57 PDT","I","test2@match_com","UploadManagerService","Processing data for date - /storage/emulated/0/.MATCH/data/2016-10-29"
"2016-10-29 00:22:57 PDT","I","test2@match_com","UploadManagerService","Processing data for hour /storage/emulated/0/.MATCH/data/2016-10-29/00-PDT"
"2016-10-29 00:22:57 PDT","I","test2@match_com","UploadManagerService","Internet is not connected. Not trying to upload files."
"2016-10-29 00:22:57 PDT","I","test2@match_com","SurveyManagerService","Inside onCreate"
"2016-10-29 00:22:57 PDT","I","test2@match_com","SurveyManagerService","Current time is - Sat Oct 29 00:22:57 PDT 2016"
"2016-10-29 00:22:57 PDT","I","test2@match_com","SurveyManagerService","Start Date is - Tue Oct 25 19:00:00 PDT 2016"
"2016-10-29 00:22:57 PDT","I","test2@match_com","SurveyManagerService","End Date is - Tue Nov 01 16:00:00 PDT 2016"
"2016-10-29 00:22:57 PDT","I","test2@match_com","SurveyManagerService","Scheduling Survey for - KEY_EMA_0730TO0800_CHILD"
"2016-10-29 00:22:57 PDT","I","test2@match_com","SurveyManagerService","Survey KEY_EMA_0730TO0800_CHILD is already scheduled"
"2016-10-29 00:22:57 PDT","I","test2@match_com","SurveyManagerService","Scheduling Survey for - KEY_EMA_0930TO1000_CHILD"
"2016-10-29 00:22:57 PDT","I","test2@match_com","SurveyManagerService","Survey KEY_EMA_0930TO1000_CHILD is already scheduled"
"2016-10-29 00:22:57 PDT","I","test2@match_com","SurveyManagerService","Scheduling Survey for - KEY_EMA_1130TO1200_CHILD"
"2016-10-29 00:22:57 PDT","I","test2@match_com","SurveyManagerService","Survey KEY_EMA_1130TO1200_CHILD is already scheduled"
"2016-10-29 00:22:57 PDT","I","test2@match_com","SurveyManagerService","Scheduling Survey for - KEY_EMA_1330TO1400_CHILD"
"2016-10-29 00:22:57 PDT","I","test2@match_com","SurveyManagerService","Survey KEY_EMA_1330TO1400_CHILD is already scheduled"
"2016-10-29 00:22:57 PDT","I","test2@match_com","SurveyManagerService","Scheduling Survey for - KEY_EMA_1530TO1600_CHILD"
"2016-10-29 00:22:57 PDT","I","test2@match_com","SurveyManagerService","Survey KEY_EMA_1530TO1600_CHILD is already scheduled"
"2016-10-29 00:22:57 PDT","I","test2@match_com","SurveyManagerService","Scheduling Survey for - KEY_EMA_1730TO1800_CHILD"
"2016-10-29 00:22:57 PDT","I","test2@match_com","SurveyManagerService","Survey KEY_EMA_1730TO1800_CHILD is already scheduled"
"2016-10-29 00:22:57 PDT","I","test2@match_com","SurveyManagerService","Scheduling Survey for - KEY_EMA_1930TO2000_CHILD"
"2016-10-29 00:22:57 PDT","I","test2@match_com","SurveyManagerService","Survey KEY_EMA_1930TO2000_CHILD is already scheduled"
"2016-10-29 00:22:57 PDT","I","test2@match_com","SurveyManagerService","Saliva surveys are already scheduled"
"2016-10-29 00:22:57 PDT","I","test2@match_com","SurveyManagerService","Survey KEY_SALIVA_BEDTIME scheduled for Sat Oct 29 21:46:57 PDT 2016"
"2016-10-29 00:22:57 PDT","I","test2@match_com","SurveyManagerService","Survey Schedule for KEY_EMA_0730TO0800_CHILD is Sat Oct 29 07:47:17 PDT 2016"
"2016-10-29 00:22:57 PDT","I","test2@match_com","SurveyManagerService","Still not time to prompt the survey"
"2016-10-29 00:22:57 PDT","I","test2@match_com","SurveyManagerService","Survey Schedule for KEY_EMA_0930TO1000_CHILD is Sat Oct 29 09:57:24 PDT 2016"
"2016-10-29 00:22:57 PDT","I","test2@match_com","SurveyManagerService","Still not time to prompt the survey"
"2016-10-29 00:22:57 PDT","I","test2@match_com","SurveyManagerService","Survey Schedule for KEY_EMA_1130TO1200_CHILD is Sat Oct 29 11:45:10 PDT 2016"
"2016-10-29 00:22:57 PDT","I","test2@match_com","SurveyManagerService","Still not time to prompt the survey"
"2016-10-29 00:22:57 PDT","I","test2@match_com","SurveyManagerService","Survey Schedule for KEY_EMA_1330TO1400_CHILD is Sat Oct 29 13:44:02 PDT 2016"
"2016-10-29 00:22:57 PDT","I","test2@match_com","SurveyManagerService","Still not time to prompt the survey"
"2016-10-29 00:22:57 PDT","I","test2@match_com","SurveyManagerService","Survey Schedule for KEY_EMA_1530TO1600_CHILD is Sat Oct 29 15:33:41 PDT 2016"
"2016-10-29 00:22:57 PDT","I","test2@match_com","SurveyManagerService","Still not time to prompt the survey"
"2016-10-29 00:22:57 PDT","I","test2@match_com","SurveyManagerService","Survey Schedule for KEY_EMA_1730TO1800_CHILD is Sat Oct 29 17:47:43 PDT 2016"
"2016-10-29 00:22:57 PDT","I","test2@match_com","SurveyManagerService","Still not time to prompt the survey"
"2016-10-29 00:22:57 PDT","I","test2@match_com","SurveyManagerService","Survey Schedule for KEY_EMA_1930TO2000_CHILD is Sat Oct 29 19:36:11 PDT 2016"
"2016-10-29 00:22:57 PDT","I","test2@match_com","SurveyManagerService","Still not time to prompt the survey"
"2016-10-29 00:22:57 PDT","I","test2@match_com","SurveyManagerService","KEY_SALIVA_WAKING is scheduled for Sat Oct 29 06:46:56 PDT 2016"
"2016-10-29 00:22:57 PDT","I","test2@match_com","SurveyManagerService","Prompt KEY_SALIVA_WAKING is in the future - Sat Oct 29 06:46:56 PDT 2016"
"2016-10-29 00:22:57 PDT","I","test2@match_com","SurveyManagerService","KEY_SALIVA_WAKING_PLUS_30 is scheduled for Sat Oct 29 07:16:56 PDT 2016"
"2016-10-29 00:22:57 PDT","I","test2@match_com","SurveyManagerService","Prompt KEY_SALIVA_WAKING_PLUS_30 is in the future - Sat Oct 29 07:16:56 PDT 2016"
"2016-10-29 00:22:57 PDT","I","test2@match_com","SurveyManagerService","KEY_SALIVA_AFTERNOON_4TO430_CHILD is scheduled for Sat Oct 29 16:16:27 PDT 2016"
"2016-10-29 00:22:57 PDT","I","test2@match_com","SurveyManagerService","Prompt KEY_SALIVA_AFTERNOON_4TO430_CHILD is in the future - Sat Oct 29 16:16:27 PDT 2016"
"2016-10-29 00:22:57 PDT","I","test2@match_com","SurveyManagerService","KEY_SALIVA_BEDTIME is scheduled for Sat Oct 29 21:46:57 PDT 2016"
"2016-10-29 00:22:57 PDT","I","test2@match_com","SurveyManagerService","Prompt KEY_SALIVA_BEDTIME is in the future - Sat Oct 29 21:46:57 PDT 2016"
"2016-10-29 00:22:57 PDT","I","test2@match_com","MinuteService","Inside onDestroy"
"2016-10-29 00:22:57 PDT","I","test2@match_com","UploadManagerService","Inside onDestroy"
"2016-10-29 00:22:57 PDT","I","test2@match_com","SurveyManagerService","Inside onDestroy"
"2016-10-29 00:22:57 PDT","I","test2@match_com","Zipper","unzipFileWithEncryption"
"2016-10-29 00:22:57 PDT","I","test2@match_com","Zipper","Deleting File - /storage/emulated/0/.MATCH/data/2016-10-29/00-PDT/GPS.csv.zip"
"2016-10-29 00:22:57 PDT","I","test2@match_com","Zipper","zipFileWithEncryption - /storage/emulated/0/.MATCH/data/2016-10-29/00-PDT/GPS.csv"
"2016-10-29 00:22:57 PDT","I","test2@match_com","Zipper","Creating ZipFile - /storage/emulated/0/.MATCH/data/2016-10-29/00-PDT/GPS.csv.zip"
"2016-10-29 00:22:57 PDT","I","test2@match_com","Zipper","Deleting File - /storage/emulated/0/.MATCH/data/2016-10-29/00-PDT/GPS.csv"
"2016-10-29 00:23:01 PDT","I","test2@match_com","UploadManagerService","Inside onCreate"
"2016-10-29 00:23:01 PDT","I","test2@match_com","UploadManagerService","Processing Logs"
"2016-10-29 00:23:01 PDT","I","test2@match_com","UploadManagerService","Processing Logs for Date - /storage/emulated/0/.MATCH/logs/2016-10-26"
"2016-10-29 00:23:01 PDT","I","test2@match_com","UploadManagerService","Processing Logs for Date - /storage/emulated/0/.MATCH/logs/2016-10-27"
"2016-10-29 00:23:01 PDT","I","test2@match_com","UploadManagerService","Processing Logs for Date - /storage/emulated/0/.MATCH/logs/2016-10-28"
"2016-10-29 00:23:01 PDT","I","test2@match_com","UploadManagerService","Processing Logs for Date - /storage/emulated/0/.MATCH/logs/2016-10-29"
"2016-10-29 00:23:01 PDT","I","test2@match_com","UploadManagerService","Processing Surveys"
"2016-10-29 00:23:01 PDT","I","test2@match_com","UploadManagerService","Processing Data files"
"2016-10-29 00:23:01 PDT","I","test2@match_com","UploadManagerService","Processing data for date - /storage/emulated/0/.MATCH/data/2016-10-26"
"2016-10-29 00:23:01 PDT","I","test2@match_com","UploadManagerService","Processing data for hour /storage/emulated/0/.MATCH/data/2016-10-26/19-PDT.zip.uploaded"
"2016-10-29 00:23:01 PDT","I","test2@match_com","UploadManagerService","Processing data for hour /storage/emulated/0/.MATCH/data/2016-10-26/13-PDT.zip.uploaded"
"2016-10-29 00:23:01 PDT","I","test2@match_com","UploadManagerService","Processing data for hour /storage/emulated/0/.MATCH/data/2016-10-26/14-PDT.zip.uploaded"
"2016-10-29 00:23:01 PDT","I","test2@match_com","UploadManagerService","Processing data for hour /storage/emulated/0/.MATCH/data/2016-10-26/15-PDT.zip.uploaded"
"2016-10-29 00:23:01 PDT","I","test2@match_com","UploadManagerService","Processing data for hour /storage/emulated/0/.MATCH/data/2016-10-26/16-PDT.zip.uploaded"
"2016-10-29 00:23:01 PDT","I","test2@match_com","UploadManagerService","Processing data for hour /storage/emulated/0/.MATCH/data/2016-10-26/17-PDT.zip.uploaded"
"2016-10-29 00:23:01 PDT","I","test2@match_com","UploadManagerService","Processing data for hour /storage/emulated/0/.MATCH/data/2016-10-26/21-PDT.zip.uploaded"
"2016-10-29 00:23:01 PDT","I","test2@match_com","UploadManagerService","Processing data for hour /storage/emulated/0/.MATCH/data/2016-10-26/22-PDT.zip.uploaded"
"2016-10-29 00:23:01 PDT","I","test2@match_com","UploadManagerService","Processing data for hour /storage/emulated/0/.MATCH/data/2016-10-26/18-PDT.zip.uploaded"
"2016-10-29 00:23:01 PDT","I","test2@match_com","UploadManagerService","Processing data for hour /storage/emulated/0/.MATCH/data/2016-10-26/20-PDT.zip.uploaded"
"2016-10-29 00:23:01 PDT","I","test2@match_com","UploadManagerService","Processing data for hour /storage/emulated/0/.MATCH/data/2016-10-26/23-PDT.zip.uploaded"
"2016-10-29 00:23:01 PDT","I","test2@match_com","UploadManagerService","Processing data for date - /storage/emulated/0/.MATCH/data/2016-10-27"
"2016-10-29 00:23:01 PDT","I","test2@match_com","UploadManagerService","Processing data for hour /storage/emulated/0/.MATCH/data/2016-10-27/01-PDT.zip.uploaded"
"2016-10-29 00:23:01 PDT","I","test2@match_com","UploadManagerService","Processing data for hour /storage/emulated/0/.MATCH/data/2016-10-27/03-PDT.zip.uploaded"
"2016-10-29 00:23:01 PDT","I","test2@match_com","UploadManagerService","Processing data for hour /storage/emulated/0/.MATCH/data/2016-10-27/04-PDT.zip.uploaded"
"2016-10-29 00:23:01 PDT","I","test2@match_com","UploadManagerService","Processing data for hour /storage/emulated/0/.MATCH/data/2016-10-27/06-PDT.zip.uploaded"
"2016-10-29 00:23:01 PDT","I","test2@match_com","UploadManagerService","Processing data for hour /storage/emulated/0/.MATCH/data/2016-10-27/00-PDT.zip.uploaded"
"2016-10-29 00:23:01 PDT","I","test2@match_com","UploadManagerService","Processing data for hour /storage/emulated/0/.MATCH/data/2016-10-27/02-PDT.zip.uploaded"
"2016-10-29 00:23:01 PDT","I","test2@match_com","UploadManagerService","Processing data for hour /storage/emulated/0/.MATCH/data/2016-10-27/05-PDT.zip.uploaded"
"2016-10-29 00:23:01 PDT","I","test2@match_com","UploadManagerService","Processing data for date - /storage/emulated/0/.MATCH/data/2016-10-28"
"2016-10-29 00:23:01 PDT","I","test2@match_com","UploadManagerService","Processing data for hour /storage/emulated/0/.MATCH/data/2016-10-28/13-PDT.zip"
"2016-10-29 00:23:01 PDT","I","test2@match_com","UploadManagerService","Processing data for hour /storage/emulated/0/.MATCH/data/2016-10-28/14-PDT.zip"
"2016-10-29 00:23:01 PDT","I","test2@match_com","UploadManagerService","Processing data for hour /storage/emulated/0/.MATCH/data/2016-10-28/15-PDT.zip"
"2016-10-29 00:23:01 PDT","I","test2@match_com","UploadManagerService","Processing data for hour /storage/emulated/0/.MATCH/data/2016-10-28/16-PDT.zip"
"2016-10-29 00:23:01 PDT","I","test2@match_com","UploadManagerService","Processing data for hour /storage/emulated/0/.MATCH/data/2016-10-28/17-PDT.zip"
"2016-10-29 00:23:01 PDT","I","test2@match_com","UploadManagerService","Processing data for hour /storage/emulated/0/.MATCH/data/2016-10-28/18-PDT.zip"
"2016-10-29 00:23:01 PDT","I","test2@match_com","UploadManagerService","Processing data for hour /storage/emulated/0/.MATCH/data/2016-10-28/19-PDT.zip"
"2016-10-29 00:23:01 PDT","I","test2@match_com","UploadManagerService","Processing data for hour /storage/emulated/0/.MATCH/data/2016-10-28/20-PDT.zip"
"2016-10-29 00:23:01 PDT","I","test2@match_com","UploadManagerService","Processing data for hour /storage/emulated/0/.MATCH/data/2016-10-28/21-PDT.zip"
"2016-10-29 00:23:01 PDT","I","test2@match_com","UploadManagerService","Processing data for hour /storage/emulated/0/.MATCH/data/2016-10-28/22-PDT.zip"
"2016-10-29 00:23:01 PDT","I","test2@match_com","UploadManagerService","Processing data for hour /storage/emulated/0/.MATCH/data/2016-10-28/23-PDT.zip"
"2016-10-29 00:23:01 PDT","I","test2@match_com","UploadManagerService","Processing data for date - /storage/emulated/0/.MATCH/data/2016-10-29"
"2016-10-29 00:23:01 PDT","I","test2@match_com","UploadManagerService","Processing data for hour /storage/emulated/0/.MATCH/data/2016-10-29/00-PDT"
"2016-10-29 00:23:01 PDT","I","test2@match_com","UploadManagerService","Internet is not connected. Not trying to upload files."
"2016-10-29 00:23:01 PDT","I","test2@match_com","MinuteService","Inside onCreate"
"2016-10-29 00:23:01 PDT","I","test2@match_com","MinuteService","Minute Service Alarm was set by - MinuteService"
"2016-10-29 00:23:01 PDT","I","test2@match_com","MinuteService","Time since previous run - 4"
"2016-10-29 00:23:01 PDT","I","test2@match_com","MinuteService","Previous run within last 50 seconds, ignoring this run"
"2016-10-29 00:23:01 PDT","I","test2@match_com","UploadManagerService","Inside onDestroy"
"2016-10-29 00:23:01 PDT","I","test2@match_com","MinuteService","Inside onDestroy"
"2016-10-29 00:23:01 PDT","I","test2@match_com","BackupMinuteService","Inside onCreate"
"2016-10-29 00:23:01 PDT","I","test2@match_com","Util","Inside setBackupMinuteServiceAlarm"
"2016-10-29 00:23:01 PDT","I","test2@match_com","Util","BackupMinuteService last run at - Sat Oct 29 00:23:01 PDT 2016"
"2016-10-29 00:23:01 PDT","I","test2@match_com","Util","BackupMinuteService next run at - Sat Oct 29 00:24:01 PDT 2016"
"2016-10-29 00:23:01 PDT","I","test2@match_com","MinuteService","Inside onCreate"
"2016-10-29 00:23:01 PDT","I","test2@match_com","MinuteService","Minute Service Alarm was set by - MinuteService"
"2016-10-29 00:23:01 PDT","I","test2@match_com","MinuteService","Time since previous run - 5"
"2016-10-29 00:23:01 PDT","I","test2@match_com","MinuteService","Previous run within last 50 seconds, ignoring this run"
"2016-10-29 00:23:01 PDT","I","test2@match_com","BackupMinuteService","Inside onDestroy"
"2016-10-29 00:23:01 PDT","I","test2@match_com","MinuteService","Inside onDestroy"
"2016-10-29 00:23:01 PDT","I","test2@match_com","AlwaysOnService","Received Intent - android.intent.action.TIME_TICK"
"2016-10-29 00:23:23 PDT","I","test2@match_com","AlwaysOnService","Received Intent - android.intent.action.BATTERY_CHANGED"
"2016-10-29 00:23:34 PDT","I","test2@match_com","AlwaysOnService","Received Intent - android.intent.action.BATTERY_CHANGED"
"2016-10-29 00:23:56 PDT","I","test2@match_com","MinuteService","Inside onCreate"
"2016-10-29 00:23:56 PDT","I","test2@match_com","MinuteService","Minute Service Alarm was set by - MinuteService"
"2016-10-29 00:23:56 PDT","I","test2@match_com","MinuteService","Time since previous run - 60"
"2016-10-29 00:23:56 PDT","I","test2@match_com","MinuteService","Setting Minute Service Last Run"
"2016-10-29 00:23:56 PDT","I","test2@match_com","MinuteService","Setting Minute Service Alarm"
"2016-10-29 00:23:56 PDT","I","test2@match_com","Util","Inside setMinuteServiceAlarmFromMinuteService"
"2016-10-29 00:23:56 PDT","I","test2@match_com","Util","MinuteService last run at - Sat Oct 29 00:23:56 PDT 2016"
"2016-10-29 00:23:56 PDT","I","test2@match_com","Util","MinuteService next run at - Sat Oct 29 00:24:56 PDT 2016"
"2016-10-29 00:23:56 PDT","I","test2@match_com","MinuteService","Setting Minute Service Backup Alarm"
"2016-10-29 00:23:56 PDT","I","test2@match_com","Util","Inside setBackupMinuteServiceAlarm"
"2016-10-29 00:23:56 PDT","I","test2@match_com","Util","BackupMinuteService last run at - Sat Oct 29 00:23:01 PDT 2016"
"2016-10-29 00:23:56 PDT","I","test2@match_com","Util","BackupMinuteService next run at - Sat Oct 29 00:24:01 PDT 2016"
"2016-10-29 00:23:56 PDT","I","test2@match_com","MinuteService","Initializing MATCHConstants"
"2016-10-29 00:23:56 PDT","I","test2@match_com","MinuteService","Notifying user about minute service run"
"2016-10-29 00:23:56 PDT","I","test2@match_com","MinuteService","Writing status to Firebase Database"
"2016-10-29 00:23:56 PDT","I","test2@match_com","MinuteService","Logging Network Status"
"2016-10-29 00:23:56 PDT","I","test2@match_com","ConnectivityManager","isConnected - false - isWifi - false - isMobileInternet - false"
"2016-10-29 00:23:56 PDT","I","test2@match_com","MinuteService","Logging Battery Status"
"2016-10-29 00:23:56 PDT","I","test2@match_com","BatteryManager","Percentage - 84 - isCharging - true - isUSBCharging - false - isACCharging - true - isWirelessCharging - false"
"2016-10-29 00:23:56 PDT","I","test2@match_com","MinuteService","Logging Memory Status"
"2016-10-29 00:23:56 PDT","I","test2@match_com","MemoryManager","Total Memory,898,Available Memory,416,Threshold Memory,144,IsLowMemory,false"
"2016-10-29 00:23:56 PDT","I","test2@match_com","MinuteService","Logging Storage Status"
"2016-10-29 00:23:56 PDT","I","test2@match_com","StorageManager","Internal Total,2247,Internal Free,589,External Total,4637,External Free,3936"
"2016-10-29 00:23:56 PDT","I","test2@match_com","MinuteService","Logging Power Status"
"2016-10-29 00:23:56 PDT","I","test2@match_com","PowerManager","isDeviceIdleMode - false - isInteractive - false - isPowerSaveMode - false - isSustainedPerformanceModeSupported - false"
"2016-10-29 00:23:56 PDT","I","test2@match_com","MinuteService","Logging Notifications Status"
"2016-10-29 00:23:56 PDT","I","test2@match_com","NotificationManager","AreNotificationsEnabled - true - Importance - Unspecified"
"2016-10-29 00:23:56 PDT","I","test2@match_com","MinuteService","Logging Location"
"2016-10-29 00:23:56 PDT","I","test2@match_com","MinuteService","Fetching latest study data"
"2016-10-29 00:23:56 PDT","I","test2@match_com","MinuteService","Starting UploadManagerService"
"2016-10-29 00:23:56 PDT","I","test2@match_com","MinuteService","Starting SurveyManagerService"
"2016-10-29 00:23:56 PDT","I","test2@match_com","UploadManagerService","Inside onCreate"
"2016-10-29 00:23:56 PDT","I","test2@match_com","UploadManagerService","Processing Logs"
"2016-10-29 00:23:56 PDT","I","test2@match_com","UploadManagerService","Processing Logs for Date - /storage/emulated/0/.MATCH/logs/2016-10-26"
"2016-10-29 00:23:56 PDT","I","test2@match_com","UploadManagerService","Processing Logs for Date - /storage/emulated/0/.MATCH/logs/2016-10-27"
"2016-10-29 00:23:56 PDT","I","test2@match_com","UploadManagerService","Processing Logs for Date - /storage/emulated/0/.MATCH/logs/2016-10-28"
"2016-10-29 00:23:56 PDT","I","test2@match_com","UploadManagerService","Processing Logs for Date - /storage/emulated/0/.MATCH/logs/2016-10-29"
"2016-10-29 00:23:56 PDT","I","test2@match_com","UploadManagerService","Processing Surveys"
"2016-10-29 00:23:56 PDT","I","test2@match_com","UploadManagerService","Processing Data files"
"2016-10-29 00:23:56 PDT","I","test2@match_com","UploadManagerService","Processing data for date - /storage/emulated/0/.MATCH/data/2016-10-26"
"2016-10-29 00:23:56 PDT","I","test2@match_com","UploadManagerService","Processing data for hour /storage/emulated/0/.MATCH/data/2016-10-26/19-PDT.zip.uploaded"
"2016-10-29 00:23:56 PDT","I","test2@match_com","UploadManagerService","Processing data for hour /storage/emulated/0/.MATCH/data/2016-10-26/13-PDT.zip.uploaded"
"2016-10-29 00:23:57 PDT","I","test2@match_com","UploadManagerService","Processing data for hour /storage/emulated/0/.MATCH/data/2016-10-26/14-PDT.zip.uploaded"
"2016-10-29 00:23:57 PDT","I","test2@match_com","UploadManagerService","Processing data for hour /storage/emulated/0/.MATCH/data/2016-10-26/15-PDT.zip.uploaded"
"2016-10-29 00:23:57 PDT","I","test2@match_com","UploadManagerService","Processing data for hour /storage/emulated/0/.MATCH/data/2016-10-26/16-PDT.zip.uploaded"
"2016-10-29 00:23:57 PDT","I","test2@match_com","UploadManagerService","Processing data for hour /storage/emulated/0/.MATCH/data/2016-10-26/17-PDT.zip.uploaded"
"2016-10-29 00:23:57 PDT","I","test2@match_com","UploadManagerService","Processing data for hour /storage/emulated/0/.MATCH/data/2016-10-26/21-PDT.zip.uploaded"
"2016-10-29 00:23:57 PDT","I","test2@match_com","UploadManagerService","Processing data for hour /storage/emulated/0/.MATCH/data/2016-10-26/22-PDT.zip.uploaded"
"2016-10-29 00:23:57 PDT","I","test2@match_com","UploadManagerService","Processing data for hour /storage/emulated/0/.MATCH/data/2016-10-26/18-PDT.zip.uploaded"
"2016-10-29 00:23:57 PDT","I","test2@match_com","UploadManagerService","Processing data for hour /storage/emulated/0/.MATCH/data/2016-10-26/20-PDT.zip.uploaded"
"2016-10-29 00:23:57 PDT","I","test2@match_com","UploadManagerService","Processing data for hour /storage/emulated/0/.MATCH/data/2016-10-26/23-PDT.zip.uploaded"
"2016-10-29 00:23:57 PDT","I","test2@match_com","UploadManagerService","Processing data for date - /storage/emulated/0/.MATCH/data/2016-10-27"
"2016-10-29 00:23:57 PDT","I","test2@match_com","UploadManagerService","Processing data for hour /storage/emulated/0/.MATCH/data/2016-10-27/01-PDT.zip.uploaded"
"2016-10-29 00:23:57 PDT","I","test2@match_com","UploadManagerService","Processing data for hour /storage/emulated/0/.MATCH/data/2016-10-27/03-PDT.zip.uploaded"
"2016-10-29 00:23:57 PDT","I","test2@match_com","UploadManagerService","Processing data for hour /storage/emulated/0/.MATCH/data/2016-10-27/04-PDT.zip.uploaded"
"2016-10-29 00:23:57 PDT","I","test2@match_com","UploadManagerService","Processing data for hour /storage/emulated/0/.MATCH/data/2016-10-27/06-PDT.zip.uploaded"
"2016-10-29 00:23:57 PDT","I","test2@match_com","UploadManagerService","Processing data for hour /storage/emulated/0/.MATCH/data/2016-10-27/00-PDT.zip.uploaded"
"2016-10-29 00:23:57 PDT","I","test2@match_com","UploadManagerService","Processing data for hour /storage/emulated/0/.MATCH/data/2016-10-27/02-PDT.zip.uploaded"
"2016-10-29 00:23:57 PDT","I","test2@match_com","UploadManagerService","Processing data for hour /storage/emulated/0/.MATCH/data/2016-10-27/05-PDT.zip.uploaded"
"2016-10-29 00:23:57 PDT","I","test2@match_com","UploadManagerService","Processing data for date - /storage/emulated/0/.MATCH/data/2016-10-28"
"2016-10-29 00:23:57 PDT","I","test2@match_com","UploadManagerService","Processing data for hour /storage/emulated/0/.MATCH/data/2016-10-28/13-PDT.zip"
"2016-10-29 00:23:57 PDT","I","test2@match_com","UploadManagerService","Processing data for hour /storage/emulated/0/.MATCH/data/2016-10-28/14-PDT.zip"
"2016-10-29 00:23:57 PDT","I","test2@match_com","UploadManagerService","Processing data for hour /storage/emulated/0/.MATCH/data/2016-10-28/15-PDT.zip"
"2016-10-29 00:23:57 PDT","I","test2@match_com","UploadManagerService","Processing data for hour /storage/emulated/0/.MATCH/data/2016-10-28/16-PDT.zip"
"2016-10-29 00:23:57 PDT","I","test2@match_com","UploadManagerService","Processing data for hour /storage/emulated/0/.MATCH/data/2016-10-28/17-PDT.zip"
"2016-10-29 00:23:57 PDT","I","test2@match_com","UploadManagerService","Processing data for hour /storage/emulated/0/.MATCH/data/2016-10-28/18-PDT.zip"
"2016-10-29 00:23:57 PDT","I","test2@match_com","UploadManagerService","Processing data for hour /storage/emulated/0/.MATCH/data/2016-10-28/19-PDT.zip"
"2016-10-29 00:23:57 PDT","I","test2@match_com","UploadManagerService","Processing data for hour /storage/emulated/0/.MATCH/data/2016-10-28/20-PDT.zip"
"2016-10-29 00:23:57 PDT","I","test2@match_com","UploadManagerService","Processing data for hour /storage/emulated/0/.MATCH/data/2016-10-28/21-PDT.zip"
"2016-10-29 00:23:57 PDT","I","test2@match_com","UploadManagerService","Processing data for hour /storage/emulated/0/.MATCH/data/2016-10-28/22-PDT.zip"
"2016-10-29 00:23:57 PDT","I","test2@match_com","UploadManagerService","Processing data for hour /storage/emulated/0/.MATCH/data/2016-10-28/23-PDT.zip"
"2016-10-29 00:23:57 PDT","I","test2@match_com","UploadManagerService","Processing data for date - /storage/emulated/0/.MATCH/data/2016-10-29"
"2016-10-29 00:23:57 PDT","I","test2@match_com","UploadManagerService","Processing data for hour /storage/emulated/0/.MATCH/data/2016-10-29/00-PDT"
"2016-10-29 00:23:57 PDT","I","test2@match_com","UploadManagerService","Internet is not connected. Not trying to upload files."
"2016-10-29 00:23:57 PDT","I","test2@match_com","SurveyManagerService","Inside onCreate"
"2016-10-29 00:23:57 PDT","I","test2@match_com","SurveyManagerService","Current time is - Sat Oct 29 00:23:57 PDT 2016"
"2016-10-29 00:23:57 PDT","I","test2@match_com","SurveyManagerService","Start Date is - Tue Oct 25 19:00:00 PDT 2016"
"2016-10-29 00:23:57 PDT","I","test2@match_com","SurveyManagerService","End Date is - Tue Nov 01 16:00:00 PDT 2016"
"2016-10-29 00:23:57 PDT","I","test2@match_com","SurveyManagerService","Scheduling Survey for - KEY_EMA_0730TO0800_CHILD"
"2016-10-29 00:23:57 PDT","I","test2@match_com","SurveyManagerService","Survey KEY_EMA_0730TO0800_CHILD is already scheduled"
"2016-10-29 00:23:57 PDT","I","test2@match_com","SurveyManagerService","Scheduling Survey for - KEY_EMA_0930TO1000_CHILD"
"2016-10-29 00:23:57 PDT","I","test2@match_com","SurveyManagerService","Survey KEY_EMA_0930TO1000_CHILD is already scheduled"
"2016-10-29 00:23:57 PDT","I","test2@match_com","SurveyManagerService","Scheduling Survey for - KEY_EMA_1130TO1200_CHILD"
"2016-10-29 00:23:57 PDT","I","test2@match_com","SurveyManagerService","Survey KEY_EMA_1130TO1200_CHILD is already scheduled"
"2016-10-29 00:23:57 PDT","I","test2@match_com","SurveyManagerService","Scheduling Survey for - KEY_EMA_1330TO1400_CHILD"
"2016-10-29 00:23:57 PDT","I","test2@match_com","SurveyManagerService","Survey KEY_EMA_1330TO1400_CHILD is already scheduled"
"2016-10-29 00:23:57 PDT","I","test2@match_com","SurveyManagerService","Scheduling Survey for - KEY_EMA_1530TO1600_CHILD"
"2016-10-29 00:23:57 PDT","I","test2@match_com","SurveyManagerService","Survey KEY_EMA_1530TO1600_CHILD is already scheduled"
"2016-10-29 00:23:57 PDT","I","test2@match_com","SurveyManagerService","Scheduling Survey for - KEY_EMA_1730TO1800_CHILD"
"2016-10-29 00:23:57 PDT","I","test2@match_com","SurveyManagerService","Survey KEY_EMA_1730TO1800_CHILD is already scheduled"
"2016-10-29 00:23:57 PDT","I","test2@match_com","SurveyManagerService","Scheduling Survey for - KEY_EMA_1930TO2000_CHILD"
"2016-10-29 00:23:57 PDT","I","test2@match_com","SurveyManagerService","Survey KEY_EMA_1930TO2000_CHILD is already scheduled"
"2016-10-29 00:23:57 PDT","I","test2@match_com","SurveyManagerService","Saliva surveys are already scheduled"
"2016-10-29 00:23:57 PDT","I","test2@match_com","SurveyManagerService","Survey KEY_SALIVA_BEDTIME scheduled for Sat Oct 29 21:46:57 PDT 2016"
"2016-10-29 00:23:57 PDT","I","test2@match_com","SurveyManagerService","Survey Schedule for KEY_EMA_0730TO0800_CHILD is Sat Oct 29 07:47:17 PDT 2016"
"2016-10-29 00:23:57 PDT","I","test2@match_com","SurveyManagerService","Still not time to prompt the survey"
"2016-10-29 00:23:57 PDT","I","test2@match_com","SurveyManagerService","Survey Schedule for KEY_EMA_0930TO1000_CHILD is Sat Oct 29 09:57:24 PDT 2016"
"2016-10-29 00:23:57 PDT","I","test2@match_com","SurveyManagerService","Still not time to prompt the survey"
"2016-10-29 00:23:57 PDT","I","test2@match_com","SurveyManagerService","Survey Schedule for KEY_EMA_1130TO1200_CHILD is Sat Oct 29 11:45:10 PDT 2016"
"2016-10-29 00:23:57 PDT","I","test2@match_com","SurveyManagerService","Still not time to prompt the survey"
"2016-10-29 00:23:57 PDT","I","test2@match_com","SurveyManagerService","Survey Schedule for KEY_EMA_1330TO1400_CHILD is Sat Oct 29 13:44:02 PDT 2016"
"2016-10-29 00:23:57 PDT","I","test2@match_com","SurveyManagerService","Still not time to prompt the survey"
"2016-10-29 00:23:57 PDT","I","test2@match_com","SurveyManagerService","Survey Schedule for KEY_EMA_1530TO1600_CHILD is Sat Oct 29 15:33:41 PDT 2016"
"2016-10-29 00:23:57 PDT","I","test2@match_com","SurveyManagerService","Still not time to prompt the survey"
"2016-10-29 00:23:57 PDT","I","test2@match_com","SurveyManagerService","Survey Schedule for KEY_EMA_1730TO1800_CHILD is Sat Oct 29 17:47:43 PDT 2016"
"2016-10-29 00:23:57 PDT","I","test2@match_com","SurveyManagerService","Still not time to prompt the survey"
"2016-10-29 00:23:57 PDT","I","test2@match_com","SurveyManagerService","Survey Schedule for KEY_EMA_1930TO2000_CHILD is Sat Oct 29 19:36:11 PDT 2016"
"2016-10-29 00:23:57 PDT","I","test2@match_com","SurveyManagerService","Still not time to prompt the survey"
"2016-10-29 00:23:57 PDT","I","test2@match_com","SurveyManagerService","KEY_SALIVA_WAKING is scheduled for Sat Oct 29 06:46:56 PDT 2016"
"2016-10-29 00:23:57 PDT","I","test2@match_com","SurveyManagerService","Prompt KEY_SALIVA_WAKING is in the future - Sat Oct 29 06:46:56 PDT 2016"
"2016-10-29 00:23:57 PDT","I","test2@match_com","SurveyManagerService","KEY_SALIVA_WAKING_PLUS_30 is scheduled for Sat Oct 29 07:16:56 PDT 2016"
"2016-10-29 00:23:57 PDT","I","test2@match_com","SurveyManagerService","Prompt KEY_SALIVA_WAKING_PLUS_30 is in the future - Sat Oct 29 07:16:56 PDT 2016"
"2016-10-29 00:23:57 PDT","I","test2@match_com","SurveyManagerService","KEY_SALIVA_AFTERNOON_4TO430_CHILD is scheduled for Sat Oct 29 16:16:27 PDT 2016"
"2016-10-29 00:23:57 PDT","I","test2@match_com","SurveyManagerService","Prompt KEY_SALIVA_AFTERNOON_4TO430_CHILD is in the future - Sat Oct 29 16:16:27 PDT 2016"
"2016-10-29 00:23:57 PDT","I","test2@match_com","SurveyManagerService","KEY_SALIVA_BEDTIME is scheduled for Sat Oct 29 21:46:57 PDT 2016"
"2016-10-29 00:23:57 PDT","I","test2@match_com","SurveyManagerService","Prompt KEY_SALIVA_BEDTIME is in the future - Sat Oct 29 21:46:57 PDT 2016"
"2016-10-29 00:23:57 PDT","I","test2@match_com","MinuteService","Inside onDestroy"
"2016-10-29 00:23:57 PDT","I","test2@match_com","UploadManagerService","Inside onDestroy"
"2016-10-29 00:23:57 PDT","I","test2@match_com","SurveyManagerService","Inside onDestroy"
"2016-10-29 00:23:57 PDT","I","test2@match_com","Zipper","unzipFileWithEncryption"
"2016-10-29 00:23:57 PDT","I","test2@match_com","Zipper","Deleting File - /storage/emulated/0/.MATCH/data/2016-10-29/00-PDT/GPS.csv.zip"
"2016-10-29 00:23:57 PDT","I","test2@match_com","Zipper","zipFileWithEncryption - /storage/emulated/0/.MATCH/data/2016-10-29/00-PDT/GPS.csv"
"2016-10-29 00:23:57 PDT","I","test2@match_com","Zipper","Creating ZipFile - /storage/emulated/0/.MATCH/data/2016-10-29/00-PDT/GPS.csv.zip"
"2016-10-29 00:23:57 PDT","I","test2@match_com","Zipper","Deleting File - /storage/emulated/0/.MATCH/data/2016-10-29/00-PDT/GPS.csv"
"2016-10-29 00:24:01 PDT","I","test2@match_com","UploadManagerService","Inside onCreate"
"2016-10-29 00:24:01 PDT","I","test2@match_com","UploadManagerService","Processing Logs"
"2016-10-29 00:24:01 PDT","I","test2@match_com","UploadManagerService","Processing Logs for Date - /storage/emulated/0/.MATCH/logs/2016-10-26"
"2016-10-29 00:24:01 PDT","I","test2@match_com","UploadManagerService","Processing Logs for Date - /storage/emulated/0/.MATCH/logs/2016-10-27"
"2016-10-29 00:24:01 PDT","I","test2@match_com","UploadManagerService","Processing Logs for Date - /storage/emulated/0/.MATCH/logs/2016-10-28"
"2016-10-29 00:24:01 PDT","I","test2@match_com","UploadManagerService","Processing Logs for Date - /storage/emulated/0/.MATCH/logs/2016-10-29"
"2016-10-29 00:24:01 PDT","I","test2@match_com","UploadManagerService","Processing Surveys"
"2016-10-29 00:24:01 PDT","I","test2@match_com","UploadManagerService","Processing Data files"
"2016-10-29 00:24:01 PDT","I","test2@match_com","UploadManagerService","Processing data for date - /storage/emulated/0/.MATCH/data/2016-10-26"
"2016-10-29 00:24:01 PDT","I","test2@match_com","UploadManagerService","Processing data for hour /storage/emulated/0/.MATCH/data/2016-10-26/19-PDT.zip.uploaded"
"2016-10-29 00:24:01 PDT","I","test2@match_com","UploadManagerService","Processing data for hour /storage/emulated/0/.MATCH/data/2016-10-26/13-PDT.zip.uploaded"
"2016-10-29 00:24:01 PDT","I","test2@match_com","UploadManagerService","Processing data for hour /storage/emulated/0/.MATCH/data/2016-10-26/14-PDT.zip.uploaded"
"2016-10-29 00:24:01 PDT","I","test2@match_com","UploadManagerService","Processing data for hour /storage/emulated/0/.MATCH/data/2016-10-26/15-PDT.zip.uploaded"
"2016-10-29 00:24:01 PDT","I","test2@match_com","UploadManagerService","Processing data for hour /storage/emulated/0/.MATCH/data/2016-10-26/16-PDT.zip.uploaded"
"2016-10-29 00:24:01 PDT","I","test2@match_com","UploadManagerService","Processing data for hour /storage/emulated/0/.MATCH/data/2016-10-26/17-PDT.zip.uploaded"
"2016-10-29 00:24:01 PDT","I","test2@match_com","UploadManagerService","Processing data for hour /storage/emulated/0/.MATCH/data/2016-10-26/21-PDT.zip.uploaded"
"2016-10-29 00:24:01 PDT","I","test2@match_com","UploadManagerService","Processing data for hour /storage/emulated/0/.MATCH/data/2016-10-26/22-PDT.zip.uploaded"
"2016-10-29 00:24:01 PDT","I","test2@match_com","UploadManagerService","Processing data for hour /storage/emulated/0/.MATCH/data/2016-10-26/18-PDT.zip.uploaded"
"2016-10-29 00:24:01 PDT","I","test2@match_com","UploadManagerService","Processing data for hour /storage/emulated/0/.MATCH/data/2016-10-26/20-PDT.zip.uploaded"
"2016-10-29 00:24:01 PDT","I","test2@match_com","UploadManagerService","Processing data for hour /storage/emulated/0/.MATCH/data/2016-10-26/23-PDT.zip.uploaded"
"2016-10-29 00:24:01 PDT","I","test2@match_com","UploadManagerService","Processing data for date - /storage/emulated/0/.MATCH/data/2016-10-27"
"2016-10-29 00:24:01 PDT","I","test2@match_com","UploadManagerService","Processing data for hour /storage/emulated/0/.MATCH/data/2016-10-27/01-PDT.zip.uploaded"
"2016-10-29 00:24:01 PDT","I","test2@match_com","UploadManagerService","Processing data for hour /storage/emulated/0/.MATCH/data/2016-10-27/03-PDT.zip.uploaded"
"2016-10-29 00:24:01 PDT","I","test2@match_com","UploadManagerService","Processing data for hour /storage/emulated/0/.MATCH/data/2016-10-27/04-PDT.zip.uploaded"
"2016-10-29 00:24:01 PDT","I","test2@match_com","UploadManagerService","Processing data for hour /storage/emulated/0/.MATCH/data/2016-10-27/06-PDT.zip.uploaded"
"2016-10-29 00:24:01 PDT","I","test2@match_com","UploadManagerService","Processing data for hour /storage/emulated/0/.MATCH/data/2016-10-27/00-PDT.zip.uploaded"
"2016-10-29 00:24:01 PDT","I","test2@match_com","UploadManagerService","Processing data for hour /storage/emulated/0/.MATCH/data/2016-10-27/02-PDT.zip.uploaded"
"2016-10-29 00:24:01 PDT","I","test2@match_com","UploadManagerService","Processing data for hour /storage/emulated/0/.MATCH/data/2016-10-27/05-PDT.zip.uploaded"
"2016-10-29 00:24:01 PDT","I","test2@match_com","UploadManagerService","Processing data for date - /storage/emulated/0/.MATCH/data/2016-10-28"
"2016-10-29 00:24:01 PDT","I","test2@match_com","UploadManagerService","Processing data for hour /storage/emulated/0/.MATCH/data/2016-10-28/13-PDT.zip"
"2016-10-29 00:24:01 PDT","I","test2@match_com","UploadManagerService","Processing data for hour /storage/emulated/0/.MATCH/data/2016-10-28/14-PDT.zip"
"2016-10-29 00:24:01 PDT","I","test2@match_com","UploadManagerService","Processing data for hour /storage/emulated/0/.MATCH/data/2016-10-28/15-PDT.zip"
"2016-10-29 00:24:01 PDT","I","test2@match_com","UploadManagerService","Processing data for hour /storage/emulated/0/.MATCH/data/2016-10-28/16-PDT.zip"
"2016-10-29 00:24:01 PDT","I","test2@match_com","UploadManagerService","Processing data for hour /storage/emulated/0/.MATCH/data/2016-10-28/17-PDT.zip"
"2016-10-29 00:24:01 PDT","I","test2@match_com","UploadManagerService","Processing data for hour /storage/emulated/0/.MATCH/data/2016-10-28/18-PDT.zip"
"2016-10-29 00:24:01 PDT","I","test2@match_com","UploadManagerService","Processing data for hour /storage/emulated/0/.MATCH/data/2016-10-28/19-PDT.zip"
"2016-10-29 00:24:01 PDT","I","test2@match_com","UploadManagerService","Processing data for hour /storage/emulated/0/.MATCH/data/2016-10-28/20-PDT.zip"
"2016-10-29 00:24:01 PDT","I","test2@match_com","UploadManagerService","Processing data for hour /storage/emulated/0/.MATCH/data/2016-10-28/21-PDT.zip"
"2016-10-29 00:24:01 PDT","I","test2@match_com","UploadManagerService","Processing data for hour /storage/emulated/0/.MATCH/data/2016-10-28/22-PDT.zip"
"2016-10-29 00:24:01 PDT","I","test2@match_com","UploadManagerService","Processing data for hour /storage/emulated/0/.MATCH/data/2016-10-28/23-PDT.zip"
"2016-10-29 00:24:01 PDT","I","test2@match_com","UploadManagerService","Processing data for date - /storage/emulated/0/.MATCH/data/2016-10-29"
"2016-10-29 00:24:01 PDT","I","test2@match_com","UploadManagerService","Processing data for hour /storage/emulated/0/.MATCH/data/2016-10-29/00-PDT"
"2016-10-29 00:24:01 PDT","I","test2@match_com","UploadManagerService","Internet is not connected. Not trying to upload files."
"2016-10-29 00:24:01 PDT","I","test2@match_com","MinuteService","Inside onCreate"
"2016-10-29 00:24:01 PDT","I","test2@match_com","MinuteService","Minute Service Alarm was set by - MinuteService"
"2016-10-29 00:24:01 PDT","I","test2@match_com","MinuteService","Time since previous run - 4"
"2016-10-29 00:24:01 PDT","I","test2@match_com","MinuteService","Previous run within last 50 seconds, ignoring this run"
"2016-10-29 00:24:01 PDT","I","test2@match_com","UploadManagerService","Inside onDestroy"
"2016-10-29 00:24:01 PDT","I","test2@match_com","MinuteService","Inside onDestroy"
"2016-10-29 00:24:01 PDT","I","test2@match_com","BackupMinuteService","Inside onCreate"
"2016-10-29 00:24:01 PDT","I","test2@match_com","Util","Inside setBackupMinuteServiceAlarm"
"2016-10-29 00:24:01 PDT","I","test2@match_com","Util","BackupMinuteService last run at - Sat Oct 29 00:24:01 PDT 2016"
"2016-10-29 00:24:01 PDT","I","test2@match_com","Util","BackupMinuteService next run at - Sat Oct 29 00:25:01 PDT 2016"
"2016-10-29 00:24:01 PDT","I","test2@match_com","MinuteService","Inside onCreate"
"2016-10-29 00:24:01 PDT","I","test2@match_com","MinuteService","Minute Service Alarm was set by - MinuteService"
"2016-10-29 00:24:01 PDT","I","test2@match_com","MinuteService","Time since previous run - 5"
"2016-10-29 00:24:01 PDT","I","test2@match_com","MinuteService","Previous run within last 50 seconds, ignoring this run"
"2016-10-29 00:24:01 PDT","I","test2@match_com","BackupMinuteService","Inside onDestroy"
"2016-10-29 00:24:01 PDT","I","test2@match_com","MinuteService","Inside onDestroy"
"2016-10-29 00:24:01 PDT","I","test2@match_com","AlwaysOnService","Received Intent - android.intent.action.TIME_TICK"
"2016-10-29 00:24:23 PDT","I","test2@match_com","AlwaysOnService","Received Intent - android.intent.action.BATTERY_CHANGED"
"2016-10-29 00:24:34 PDT","I","test2@match_com","AlwaysOnService","Received Intent - android.intent.action.BATTERY_CHANGED"
"2016-10-29 00:24:56 PDT","I","test2@match_com","MinuteService","Inside onCreate"
"2016-10-29 00:24:56 PDT","I","test2@match_com","MinuteService","Minute Service Alarm was set by - MinuteService"
"2016-10-29 00:24:56 PDT","I","test2@match_com","MinuteService","Time since previous run - 60"
"2016-10-29 00:24:56 PDT","I","test2@match_com","MinuteService","Setting Minute Service Last Run"
"2016-10-29 00:24:56 PDT","I","test2@match_com","MinuteService","Setting Minute Service Alarm"
"2016-10-29 00:24:56 PDT","I","test2@match_com","Util","Inside setMinuteServiceAlarmFromMinuteService"
"2016-10-29 00:24:56 PDT","I","test2@match_com","Util","MinuteService last run at - Sat Oct 29 00:24:56 PDT 2016"
"2016-10-29 00:24:56 PDT","I","test2@match_com","Util","MinuteService next run at - Sat Oct 29 00:25:56 PDT 2016"
"2016-10-29 00:24:56 PDT","I","test2@match_com","MinuteService","Setting Minute Service Backup Alarm"
"2016-10-29 00:24:56 PDT","I","test2@match_com","Util","Inside setBackupMinuteServiceAlarm"
"2016-10-29 00:24:56 PDT","I","test2@match_com","Util","BackupMinuteService last run at - Sat Oct 29 00:24:01 PDT 2016"
"2016-10-29 00:24:56 PDT","I","test2@match_com","Util","BackupMinuteService next run at - Sat Oct 29 00:25:01 PDT 2016"
"2016-10-29 00:24:56 PDT","I","test2@match_com","MinuteService","Initializing MATCHConstants"
"2016-10-29 00:24:56 PDT","I","test2@match_com","MinuteService","Notifying user about minute service run"
"2016-10-29 00:24:56 PDT","I","test2@match_com","MinuteService","Writing status to Firebase Database"
"2016-10-29 00:24:56 PDT","I","test2@match_com","MinuteService","Logging Network Status"
"2016-10-29 00:24:56 PDT","I","test2@match_com","ConnectivityManager","isConnected - false - isWifi - false - isMobileInternet - false"
"2016-10-29 00:24:56 PDT","I","test2@match_com","MinuteService","Logging Battery Status"
"2016-10-29 00:24:56 PDT","I","test2@match_com","BatteryManager","Percentage - 84 - isCharging - true - isUSBCharging - false - isACCharging - true - isWirelessCharging - false"
"2016-10-29 00:24:56 PDT","I","test2@match_com","MinuteService","Logging Memory Status"
"2016-10-29 00:24:56 PDT","I","test2@match_com","MemoryManager","Total Memory,898,Available Memory,416,Threshold Memory,144,IsLowMemory,false"
"2016-10-29 00:24:56 PDT","I","test2@match_com","MinuteService","Logging Storage Status"
"2016-10-29 00:24:56 PDT","I","test2@match_com","StorageManager","Internal Total,2247,Internal Free,589,External Total,4637,External Free,3936"
"2016-10-29 00:24:56 PDT","I","test2@match_com","MinuteService","Logging Power Status"
"2016-10-29 00:24:56 PDT","I","test2@match_com","PowerManager","isDeviceIdleMode - false - isInteractive - false - isPowerSaveMode - false - isSustainedPerformanceModeSupported - false"
"2016-10-29 00:24:56 PDT","I","test2@match_com","MinuteService","Logging Notifications Status"
"2016-10-29 00:24:56 PDT","I","test2@match_com","NotificationManager","AreNotificationsEnabled - true - Importance - Unspecified"
"2016-10-29 00:24:56 PDT","I","test2@match_com","MinuteService","Logging Location"
"2016-10-29 00:24:56 PDT","I","test2@match_com","MinuteService","Fetching latest study data"
"2016-10-29 00:24:56 PDT","I","test2@match_com","MinuteService","Starting UploadManagerService"
"2016-10-29 00:24:56 PDT","I","test2@match_com","MinuteService","Starting SurveyManagerService"
"2016-10-29 00:24:56 PDT","I","test2@match_com","UploadManagerService","Inside onCreate"
"2016-10-29 00:24:56 PDT","I","test2@match_com","UploadManagerService","Processing Logs"
"2016-10-29 00:24:56 PDT","I","test2@match_com","UploadManagerService","Processing Logs for Date - /storage/emulated/0/.MATCH/logs/2016-10-26"
"2016-10-29 00:24:57 PDT","I","test2@match_com","UploadManagerService","Processing Logs for Date - /storage/emulated/0/.MATCH/logs/2016-10-27"
"2016-10-29 00:24:57 PDT","I","test2@match_com","UploadManagerService","Processing Logs for Date - /storage/emulated/0/.MATCH/logs/2016-10-28"
"2016-10-29 00:24:57 PDT","I","test2@match_com","UploadManagerService","Processing Logs for Date - /storage/emulated/0/.MATCH/logs/2016-10-29"
"2016-10-29 00:24:57 PDT","I","test2@match_com","UploadManagerService","Processing Surveys"
"2016-10-29 00:24:57 PDT","I","test2@match_com","UploadManagerService","Processing Data files"
"2016-10-29 00:24:57 PDT","I","test2@match_com","UploadManagerService","Processing data for date - /storage/emulated/0/.MATCH/data/2016-10-26"
"2016-10-29 00:24:57 PDT","I","test2@match_com","UploadManagerService","Processing data for hour /storage/emulated/0/.MATCH/data/2016-10-26/19-PDT.zip.uploaded"
"2016-10-29 00:24:57 PDT","I","test2@match_com","UploadManagerService","Processing data for hour /storage/emulated/0/.MATCH/data/2016-10-26/13-PDT.zip.uploaded"
"2016-10-29 00:24:57 PDT","I","test2@match_com","UploadManagerService","Processing data for hour /storage/emulated/0/.MATCH/data/2016-10-26/14-PDT.zip.uploaded"
"2016-10-29 00:24:57 PDT","I","test2@match_com","UploadManagerService","Processing data for hour /storage/emulated/0/.MATCH/data/2016-10-26/15-PDT.zip.uploaded"
"2016-10-29 00:24:57 PDT","I","test2@match_com","UploadManagerService","Processing data for hour /storage/emulated/0/.MATCH/data/2016-10-26/16-PDT.zip.uploaded"
"2016-10-29 00:24:57 PDT","I","test2@match_com","UploadManagerService","Processing data for hour /storage/emulated/0/.MATCH/data/2016-10-26/17-PDT.zip.uploaded"
"2016-10-29 00:24:57 PDT","I","test2@match_com","UploadManagerService","Processing data for hour /storage/emulated/0/.MATCH/data/2016-10-26/21-PDT.zip.uploaded"
"2016-10-29 00:24:57 PDT","I","test2@match_com","UploadManagerService","Processing data for hour /storage/emulated/0/.MATCH/data/2016-10-26/22-PDT.zip.uploaded"
"2016-10-29 00:24:57 PDT","I","test2@match_com","UploadManagerService","Processing data for hour /storage/emulated/0/.MATCH/data/2016-10-26/18-PDT.zip.uploaded"
"2016-10-29 00:24:57 PDT","I","test2@match_com","UploadManagerService","Processing data for hour /storage/emulated/0/.MATCH/data/2016-10-26/20-PDT.zip.uploaded"
"2016-10-29 00:24:57 PDT","I","test2@match_com","UploadManagerService","Processing data for hour /storage/emulated/0/.MATCH/data/2016-10-26/23-PDT.zip.uploaded"
"2016-10-29 00:24:57 PDT","I","test2@match_com","UploadManagerService","Processing data for date - /storage/emulated/0/.MATCH/data/2016-10-27"
"2016-10-29 00:24:57 PDT","I","test2@match_com","UploadManagerService","Processing data for hour /storage/emulated/0/.MATCH/data/2016-10-27/01-PDT.zip.uploaded"
"2016-10-29 00:24:57 PDT","I","test2@match_com","UploadManagerService","Processing data for hour /storage/emulated/0/.MATCH/data/2016-10-27/03-PDT.zip.uploaded"
"2016-10-29 00:24:57 PDT","I","test2@match_com","UploadManagerService","Processing data for hour /storage/emulated/0/.MATCH/data/2016-10-27/04-PDT.zip.uploaded"
"2016-10-29 00:24:57 PDT","I","test2@match_com","UploadManagerService","Processing data for hour /storage/emulated/0/.MATCH/data/2016-10-27/06-PDT.zip.uploaded"
"2016-10-29 00:24:57 PDT","I","test2@match_com","UploadManagerService","Processing data for hour /storage/emulated/0/.MATCH/data/2016-10-27/00-PDT.zip.uploaded"
"2016-10-29 00:24:57 PDT","I","test2@match_com","UploadManagerService","Processing data for hour /storage/emulated/0/.MATCH/data/2016-10-27/02-PDT.zip.uploaded"
"2016-10-29 00:24:57 PDT","I","test2@match_com","UploadManagerService","Processing data for hour /storage/emulated/0/.MATCH/data/2016-10-27/05-PDT.zip.uploaded"
"2016-10-29 00:24:57 PDT","I","test2@match_com","UploadManagerService","Processing data for date - /storage/emulated/0/.MATCH/data/2016-10-28"
"2016-10-29 00:24:57 PDT","I","test2@match_com","UploadManagerService","Processing data for hour /storage/emulated/0/.MATCH/data/2016-10-28/13-PDT.zip"
"2016-10-29 00:24:57 PDT","I","test2@match_com","UploadManagerService","Processing data for hour /storage/emulated/0/.MATCH/data/2016-10-28/14-PDT.zip"
"2016-10-29 00:24:57 PDT","I","test2@match_com","UploadManagerService","Processing data for hour /storage/emulated/0/.MATCH/data/2016-10-28/15-PDT.zip"
"2016-10-29 00:24:57 PDT","I","test2@match_com","UploadManagerService","Processing data for hour /storage/emulated/0/.MATCH/data/2016-10-28/16-PDT.zip"
"2016-10-29 00:24:57 PDT","I","test2@match_com","UploadManagerService","Processing data for hour /storage/emulated/0/.MATCH/data/2016-10-28/17-PDT.zip"
"2016-10-29 00:24:57 PDT","I","test2@match_com","UploadManagerService","Processing data for hour /storage/emulated/0/.MATCH/data/2016-10-28/18-PDT.zip"
"2016-10-29 00:24:57 PDT","I","test2@match_com","UploadManagerService","Processing data for hour /storage/emulated/0/.MATCH/data/2016-10-28/19-PDT.zip"
"2016-10-29 00:24:57 PDT","I","test2@match_com","UploadManagerService","Processing data for hour /storage/emulated/0/.MATCH/data/2016-10-28/20-PDT.zip"
"2016-10-29 00:24:57 PDT","I","test2@match_com","UploadManagerService","Processing data for hour /storage/emulated/0/.MATCH/data/2016-10-28/21-PDT.zip"
"2016-10-29 00:24:57 PDT","I","test2@match_com","UploadManagerService","Processing data for hour /storage/emulated/0/.MATCH/data/2016-10-28/22-PDT.zip"
"2016-10-29 00:24:57 PDT","I","test2@match_com","UploadManagerService","Processing data for hour /storage/emulated/0/.MATCH/data/2016-10-28/23-PDT.zip"
"2016-10-29 00:24:57 PDT","I","test2@match_com","UploadManagerService","Processing data for date - /storage/emulated/0/.MATCH/data/2016-10-29"
"2016-10-29 00:24:57 PDT","I","test2@match_com","UploadManagerService","Processing data for hour /storage/emulated/0/.MATCH/data/2016-10-29/00-PDT"
"2016-10-29 00:24:57 PDT","I","test2@match_com","UploadManagerService","Internet is not connected. Not trying to upload files."
"2016-10-29 00:24:57 PDT","I","test2@match_com","SurveyManagerService","Inside onCreate"
"2016-10-29 00:24:57 PDT","I","test2@match_com","SurveyManagerService","Current time is - Sat Oct 29 00:24:57 PDT 2016"
"2016-10-29 00:24:57 PDT","I","test2@match_com","SurveyManagerService","Start Date is - Tue Oct 25 19:00:00 PDT 2016"
"2016-10-29 00:24:57 PDT","I","test2@match_com","SurveyManagerService","End Date is - Tue Nov 01 16:00:00 PDT 2016"
"2016-10-29 00:24:57 PDT","I","test2@match_com","SurveyManagerService","Scheduling Survey for - KEY_EMA_0730TO0800_CHILD"
"2016-10-29 00:24:57 PDT","I","test2@match_com","SurveyManagerService","Survey KEY_EMA_0730TO0800_CHILD is already scheduled"
"2016-10-29 00:24:57 PDT","I","test2@match_com","SurveyManagerService","Scheduling Survey for - KEY_EMA_0930TO1000_CHILD"
"2016-10-29 00:24:57 PDT","I","test2@match_com","SurveyManagerService","Survey KEY_EMA_0930TO1000_CHILD is already scheduled"
"2016-10-29 00:24:57 PDT","I","test2@match_com","SurveyManagerService","Scheduling Survey for - KEY_EMA_1130TO1200_CHILD"
"2016-10-29 00:24:57 PDT","I","test2@match_com","SurveyManagerService","Survey KEY_EMA_1130TO1200_CHILD is already scheduled"
"2016-10-29 00:24:57 PDT","I","test2@match_com","SurveyManagerService","Scheduling Survey for - KEY_EMA_1330TO1400_CHILD"
"2016-10-29 00:24:57 PDT","I","test2@match_com","SurveyManagerService","Survey KEY_EMA_1330TO1400_CHILD is already scheduled"
"2016-10-29 00:24:57 PDT","I","test2@match_com","SurveyManagerService","Scheduling Survey for - KEY_EMA_1530TO1600_CHILD"
"2016-10-29 00:24:57 PDT","I","test2@match_com","SurveyManagerService","Survey KEY_EMA_1530TO1600_CHILD is already scheduled"
"2016-10-29 00:24:57 PDT","I","test2@match_com","SurveyManagerService","Scheduling Survey for - KEY_EMA_1730TO1800_CHILD"
"2016-10-29 00:24:57 PDT","I","test2@match_com","SurveyManagerService","Survey KEY_EMA_1730TO1800_CHILD is already scheduled"
"2016-10-29 00:24:57 PDT","I","test2@match_com","SurveyManagerService","Scheduling Survey for - KEY_EMA_1930TO2000_CHILD"
"2016-10-29 00:24:57 PDT","I","test2@match_com","SurveyManagerService","Survey KEY_EMA_1930TO2000_CHILD is already scheduled"
"2016-10-29 00:24:57 PDT","I","test2@match_com","SurveyManagerService","Saliva surveys are already scheduled"
"2016-10-29 00:24:57 PDT","I","test2@match_com","SurveyManagerService","Survey KEY_SALIVA_BEDTIME scheduled for Sat Oct 29 21:46:57 PDT 2016"
"2016-10-29 00:24:57 PDT","I","test2@match_com","SurveyManagerService","Survey Schedule for KEY_EMA_0730TO0800_CHILD is Sat Oct 29 07:47:17 PDT 2016"
"2016-10-29 00:24:57 PDT","I","test2@match_com","SurveyManagerService","Still not time to prompt the survey"
"2016-10-29 00:24:57 PDT","I","test2@match_com","SurveyManagerService","Survey Schedule for KEY_EMA_0930TO1000_CHILD is Sat Oct 29 09:57:24 PDT 2016"
"2016-10-29 00:24:57 PDT","I","test2@match_com","SurveyManagerService","Still not time to prompt the survey"
"2016-10-29 00:24:57 PDT","I","test2@match_com","SurveyManagerService","Survey Schedule for KEY_EMA_1130TO1200_CHILD is Sat Oct 29 11:45:10 PDT 2016"
"2016-10-29 00:24:57 PDT","I","test2@match_com","SurveyManagerService","Still not time to prompt the survey"
"2016-10-29 00:24:57 PDT","I","test2@match_com","SurveyManagerService","Survey Schedule for KEY_EMA_1330TO1400_CHILD is Sat Oct 29 13:44:02 PDT 2016"
"2016-10-29 00:24:57 PDT","I","test2@match_com","SurveyManagerService","Still not time to prompt the survey"
"2016-10-29 00:24:57 PDT","I","test2@match_com","SurveyManagerService","Survey Schedule for KEY_EMA_1530TO1600_CHILD is Sat Oct 29 15:33:41 PDT 2016"
"2016-10-29 00:24:57 PDT","I","test2@match_com","SurveyManagerService","Still not time to prompt the survey"
"2016-10-29 00:24:57 PDT","I","test2@match_com","SurveyManagerService","Survey Schedule for KEY_EMA_1730TO1800_CHILD is Sat Oct 29 17:47:43 PDT 2016"
"2016-10-29 00:24:57 PDT","I","test2@match_com","SurveyManagerService","Still not time to prompt the survey"
"2016-10-29 00:24:57 PDT","I","test2@match_com","SurveyManagerService","Survey Schedule for KEY_EMA_1930TO2000_CHILD is Sat Oct 29 19:36:11 PDT 2016"
"2016-10-29 00:24:57 PDT","I","test2@match_com","SurveyManagerService","Still not time to prompt the survey"
"2016-10-29 00:24:57 PDT","I","test2@match_com","SurveyManagerService","KEY_SALIVA_WAKING is scheduled for Sat Oct 29 06:46:56 PDT 2016"
"2016-10-29 00:24:57 PDT","I","test2@match_com","SurveyManagerService","Prompt KEY_SALIVA_WAKING is in the future - Sat Oct 29 06:46:56 PDT 2016"
"2016-10-29 00:24:57 PDT","I","test2@match_com","SurveyManagerService","KEY_SALIVA_WAKING_PLUS_30 is scheduled for Sat Oct 29 07:16:56 PDT 2016"
"2016-10-29 00:24:57 PDT","I","test2@match_com","SurveyManagerService","Prompt KEY_SALIVA_WAKING_PLUS_30 is in the future - Sat Oct 29 07:16:56 PDT 2016"
"2016-10-29 00:24:57 PDT","I","test2@match_com","SurveyManagerService","KEY_SALIVA_AFTERNOON_4TO430_CHILD is scheduled for Sat Oct 29 16:16:27 PDT 2016"
"2016-10-29 00:24:57 PDT","I","test2@match_com","SurveyManagerService","Prompt KEY_SALIVA_AFTERNOON_4TO430_CHILD is in the future - Sat Oct 29 16:16:27 PDT 2016"
"2016-10-29 00:24:57 PDT","I","test2@match_com","SurveyManagerService","KEY_SALIVA_BEDTIME is scheduled for Sat Oct 29 21:46:57 PDT 2016"
"2016-10-29 00:24:57 PDT","I","test2@match_com","SurveyManagerService","Prompt KEY_SALIVA_BEDTIME is in the future - Sat Oct 29 21:46:57 PDT 2016"
"2016-10-29 00:24:57 PDT","I","test2@match_com","MinuteService","Inside onDestroy"
"2016-10-29 00:24:57 PDT","I","test2@match_com","UploadManagerService","Inside onDestroy"
"2016-10-29 00:24:57 PDT","I","test2@match_com","SurveyManagerService","Inside onDestroy"
"2016-10-29 00:24:57 PDT","I","test2@match_com","Zipper","unzipFileWithEncryption"
"2016-10-29 00:24:57 PDT","I","test2@match_com","Zipper","Deleting File - /storage/emulated/0/.MATCH/data/2016-10-29/00-PDT/GPS.csv.zip"
"2016-10-29 00:24:57 PDT","I","test2@match_com","Zipper","zipFileWithEncryption - /storage/emulated/0/.MATCH/data/2016-10-29/00-PDT/GPS.csv"
"2016-10-29 00:24:57 PDT","I","test2@match_com","Zipper","Creating ZipFile - /storage/emulated/0/.MATCH/data/2016-10-29/00-PDT/GPS.csv.zip"
"2016-10-29 00:24:57 PDT","I","test2@match_com","Zipper","Deleting File - /storage/emulated/0/.MATCH/data/2016-10-29/00-PDT/GPS.csv"
"2016-10-29 00:25:01 PDT","I","test2@match_com","UploadManagerService","Inside onCreate"
"2016-10-29 00:25:01 PDT","I","test2@match_com","UploadManagerService","Processing Logs"
"2016-10-29 00:25:01 PDT","I","test2@match_com","UploadManagerService","Processing Logs for Date - /storage/emulated/0/.MATCH/logs/2016-10-26"
"2016-10-29 00:25:01 PDT","I","test2@match_com","UploadManagerService","Processing Logs for Date - /storage/emulated/0/.MATCH/logs/2016-10-27"
"2016-10-29 00:25:01 PDT","I","test2@match_com","UploadManagerService","Processing Logs for Date - /storage/emulated/0/.MATCH/logs/2016-10-28"
"2016-10-29 00:25:01 PDT","I","test2@match_com","UploadManagerService","Processing Logs for Date - /storage/emulated/0/.MATCH/logs/2016-10-29"
"2016-10-29 00:25:01 PDT","I","test2@match_com","UploadManagerService","Processing Surveys"
"2016-10-29 00:25:01 PDT","I","test2@match_com","UploadManagerService","Processing Data files"
"2016-10-29 00:25:01 PDT","I","test2@match_com","UploadManagerService","Processing data for date - /storage/emulated/0/.MATCH/data/2016-10-26"
"2016-10-29 00:25:01 PDT","I","test2@match_com","UploadManagerService","Processing data for hour /storage/emulated/0/.MATCH/data/2016-10-26/19-PDT.zip.uploaded"
"2016-10-29 00:25:01 PDT","I","test2@match_com","UploadManagerService","Processing data for hour /storage/emulated/0/.MATCH/data/2016-10-26/13-PDT.zip.uploaded"
"2016-10-29 00:25:01 PDT","I","test2@match_com","UploadManagerService","Processing data for hour /storage/emulated/0/.MATCH/data/2016-10-26/14-PDT.zip.uploaded"
"2016-10-29 00:25:01 PDT","I","test2@match_com","UploadManagerService","Processing data for hour /storage/emulated/0/.MATCH/data/2016-10-26/15-PDT.zip.uploaded"
"2016-10-29 00:25:01 PDT","I","test2@match_com","UploadManagerService","Processing data for hour /storage/emulated/0/.MATCH/data/2016-10-26/16-PDT.zip.uploaded"
"2016-10-29 00:25:01 PDT","I","test2@match_com","UploadManagerService","Processing data for hour /storage/emulated/0/.MATCH/data/2016-10-26/17-PDT.zip.uploaded"
"2016-10-29 00:25:01 PDT","I","test2@match_com","UploadManagerService","Processing data for hour /storage/emulated/0/.MATCH/data/2016-10-26/21-PDT.zip.uploaded"
"2016-10-29 00:25:01 PDT","I","test2@match_com","UploadManagerService","Processing data for hour /storage/emulated/0/.MATCH/data/2016-10-26/22-PDT.zip.uploaded"
"2016-10-29 00:25:01 PDT","I","test2@match_com","UploadManagerService","Processing data for hour /storage/emulated/0/.MATCH/data/2016-10-26/18-PDT.zip.uploaded"
"2016-10-29 00:25:01 PDT","I","test2@match_com","UploadManagerService","Processing data for hour /storage/emulated/0/.MATCH/data/2016-10-26/20-PDT.zip.uploaded"
"2016-10-29 00:25:01 PDT","I","test2@match_com","UploadManagerService","Processing data for hour /storage/emulated/0/.MATCH/data/2016-10-26/23-PDT.zip.uploaded"
"2016-10-29 00:25:01 PDT","I","test2@match_com","UploadManagerService","Processing data for date - /storage/emulated/0/.MATCH/data/2016-10-27"
"2016-10-29 00:25:01 PDT","I","test2@match_com","UploadManagerService","Processing data for hour /storage/emulated/0/.MATCH/data/2016-10-27/01-PDT.zip.uploaded"
"2016-10-29 00:25:01 PDT","I","test2@match_com","UploadManagerService","Processing data for hour /storage/emulated/0/.MATCH/data/2016-10-27/03-PDT.zip.uploaded"
"2016-10-29 00:25:01 PDT","I","test2@match_com","UploadManagerService","Processing data for hour /storage/emulated/0/.MATCH/data/2016-10-27/04-PDT.zip.uploaded"
"2016-10-29 00:25:01 PDT","I","test2@match_com","UploadManagerService","Processing data for hour /storage/emulated/0/.MATCH/data/2016-10-27/06-PDT.zip.uploaded"
"2016-10-29 00:25:01 PDT","I","test2@match_com","UploadManagerService","Processing data for hour /storage/emulated/0/.MATCH/data/2016-10-27/00-PDT.zip.uploaded"
"2016-10-29 00:25:01 PDT","I","test2@match_com","UploadManagerService","Processing data for hour /storage/emulated/0/.MATCH/data/2016-10-27/02-PDT.zip.uploaded"
"2016-10-29 00:25:01 PDT","I","test2@match_com","UploadManagerService","Processing data for hour /storage/emulated/0/.MATCH/data/2016-10-27/05-PDT.zip.uploaded"
"2016-10-29 00:25:01 PDT","I","test2@match_com","UploadManagerService","Processing data for date - /storage/emulated/0/.MATCH/data/2016-10-28"
"2016-10-29 00:25:01 PDT","I","test2@match_com","UploadManagerService","Processing data for hour /storage/emulated/0/.MATCH/data/2016-10-28/13-PDT.zip"
"2016-10-29 00:25:01 PDT","I","test2@match_com","UploadManagerService","Processing data for hour /storage/emulated/0/.MATCH/data/2016-10-28/14-PDT.zip"
"2016-10-29 00:25:01 PDT","I","test2@match_com","UploadManagerService","Processing data for hour /storage/emulated/0/.MATCH/data/2016-10-28/15-PDT.zip"
"2016-10-29 00:25:01 PDT","I","test2@match_com","UploadManagerService","Processing data for hour /storage/emulated/0/.MATCH/data/2016-10-28/16-PDT.zip"
"2016-10-29 00:25:01 PDT","I","test2@match_com","UploadManagerService","Processing data for hour /storage/emulated/0/.MATCH/data/2016-10-28/17-PDT.zip"
"2016-10-29 00:25:01 PDT","I","test2@match_com","UploadManagerService","Processing data for hour /storage/emulated/0/.MATCH/data/2016-10-28/18-PDT.zip"
"2016-10-29 00:25:01 PDT","I","test2@match_com","UploadManagerService","Processing data for hour /storage/emulated/0/.MATCH/data/2016-10-28/19-PDT.zip"
"2016-10-29 00:25:01 PDT","I","test2@match_com","UploadManagerService","Processing data for hour /storage/emulated/0/.MATCH/data/2016-10-28/20-PDT.zip"
"2016-10-29 00:25:01 PDT","I","test2@match_com","UploadManagerService","Processing data for hour /storage/emulated/0/.MATCH/data/2016-10-28/21-PDT.zip"
"2016-10-29 00:25:01 PDT","I","test2@match_com","UploadManagerService","Processing data for hour /storage/emulated/0/.MATCH/data/2016-10-28/22-PDT.zip"
"2016-10-29 00:25:01 PDT","I","test2@match_com","UploadManagerService","Processing data for hour /storage/emulated/0/.MATCH/data/2016-10-28/23-PDT.zip"
"2016-10-29 00:25:01 PDT","I","test2@match_com","UploadManagerService","Processing data for date - /storage/emulated/0/.MATCH/data/2016-10-29"
"2016-10-29 00:25:01 PDT","I","test2@match_com","UploadManagerService","Processing data for hour /storage/emulated/0/.MATCH/data/2016-10-29/00-PDT"
"2016-10-29 00:25:01 PDT","I","test2@match_com","UploadManagerService","Internet is not connected. Not trying to upload files."
"2016-10-29 00:25:01 PDT","I","test2@match_com","MinuteService","Inside onCreate"
"2016-10-29 00:25:01 PDT","I","test2@match_com","MinuteService","Minute Service Alarm was set by - MinuteService"
"2016-10-29 00:25:01 PDT","I","test2@match_com","MinuteService","Time since previous run - 4"
"2016-10-29 00:25:01 PDT","I","test2@match_com","MinuteService","Previous run within last 50 seconds, ignoring this run"
"2016-10-29 00:25:01 PDT","I","test2@match_com","UploadManagerService","Inside onDestroy"
"2016-10-29 00:25:01 PDT","I","test2@match_com","MinuteService","Inside onDestroy"
"2016-10-29 00:25:01 PDT","I","test2@match_com","BackupMinuteService","Inside onCreate"
"2016-10-29 00:25:01 PDT","I","test2@match_com","Util","Inside setBackupMinuteServiceAlarm"
"2016-10-29 00:25:01 PDT","I","test2@match_com","Util","BackupMinuteService last run at - Sat Oct 29 00:25:01 PDT 2016"
"2016-10-29 00:25:01 PDT","I","test2@match_com","Util","BackupMinuteService next run at - Sat Oct 29 00:26:01 PDT 2016"
"2016-10-29 00:25:01 PDT","I","test2@match_com","MinuteService","Inside onCreate"
"2016-10-29 00:25:01 PDT","I","test2@match_com","MinuteService","Minute Service Alarm was set by - MinuteService"
"2016-10-29 00:25:01 PDT","I","test2@match_com","MinuteService","Time since previous run - 5"
"2016-10-29 00:25:01 PDT","I","test2@match_com","MinuteService","Previous run within last 50 seconds, ignoring this run"
"2016-10-29 00:25:01 PDT","I","test2@match_com","BackupMinuteService","Inside onDestroy"
"2016-10-29 00:25:01 PDT","I","test2@match_com","MinuteService","Inside onDestroy"
"2016-10-29 00:25:01 PDT","I","test2@match_com","AlwaysOnService","Received Intent - android.intent.action.TIME_TICK"
"2016-10-29 00:25:23 PDT","I","test2@match_com","AlwaysOnService","Received Intent - android.intent.action.BATTERY_CHANGED"
"2016-10-29 00:25:34 PDT","I","test2@match_com","AlwaysOnService","Received Intent - android.intent.action.BATTERY_CHANGED"
"2016-10-29 00:25:36 PDT","I","test2@match_com","AlwaysOnService","Received Intent - android.intent.action.BATTERY_CHANGED"
"2016-10-29 00:25:56 PDT","I","test2@match_com","MinuteService","Inside onCreate"
"2016-10-29 00:25:56 PDT","I","test2@match_com","MinuteService","Minute Service Alarm was set by - MinuteService"
"2016-10-29 00:25:56 PDT","I","test2@match_com","MinuteService","Time since previous run - 60"
"2016-10-29 00:25:56 PDT","I","test2@match_com","MinuteService","Setting Minute Service Last Run"
"2016-10-29 00:25:56 PDT","I","test2@match_com","MinuteService","Setting Minute Service Alarm"
"2016-10-29 00:25:56 PDT","I","test2@match_com","Util","Inside setMinuteServiceAlarmFromMinuteService"
"2016-10-29 00:25:56 PDT","I","test2@match_com","Util","MinuteService last run at - Sat Oct 29 00:25:56 PDT 2016"
"2016-10-29 00:25:56 PDT","I","test2@match_com","Util","MinuteService next run at - Sat Oct 29 00:26:56 PDT 2016"
"2016-10-29 00:25:56 PDT","I","test2@match_com","MinuteService","Setting Minute Service Backup Alarm"
"2016-10-29 00:25:56 PDT","I","test2@match_com","Util","Inside setBackupMinuteServiceAlarm"
"2016-10-29 00:25:56 PDT","I","test2@match_com","Util","BackupMinuteService last run at - Sat Oct 29 00:25:01 PDT 2016"
"2016-10-29 00:25:56 PDT","I","test2@match_com","Util","BackupMinuteService next run at - Sat Oct 29 00:26:01 PDT 2016"
"2016-10-29 00:25:56 PDT","I","test2@match_com","MinuteService","Initializing MATCHConstants"
"2016-10-29 00:25:56 PDT","I","test2@match_com","MinuteService","Notifying user about minute service run"
"2016-10-29 00:25:56 PDT","I","test2@match_com","MinuteService","Writing status to Firebase Database"
"2016-10-29 00:25:56 PDT","I","test2@match_com","MinuteService","Logging Network Status"
"2016-10-29 00:25:56 PDT","I","test2@match_com","ConnectivityManager","isConnected - false - isWifi - false - isMobileInternet - false"
"2016-10-29 00:25:56 PDT","I","test2@match_com","MinuteService","Logging Battery Status"
"2016-10-29 00:25:56 PDT","I","test2@match_com","BatteryManager","Percentage - 85 - isCharging - true - isUSBCharging - false - isACCharging - true - isWirelessCharging - false"
"2016-10-29 00:25:56 PDT","I","test2@match_com","MinuteService","Logging Memory Status"
"2016-10-29 00:25:56 PDT","I","test2@match_com","MemoryManager","Total Memory,898,Available Memory,416,Threshold Memory,144,IsLowMemory,false"
"2016-10-29 00:25:56 PDT","I","test2@match_com","MinuteService","Logging Storage Status"
"2016-10-29 00:25:56 PDT","I","test2@match_com","StorageManager","Internal Total,2247,Internal Free,589,External Total,4637,External Free,3936"
"2016-10-29 00:25:56 PDT","I","test2@match_com","MinuteService","Logging Power Status"
"2016-10-29 00:25:56 PDT","I","test2@match_com","PowerManager","isDeviceIdleMode - false - isInteractive - false - isPowerSaveMode - false - isSustainedPerformanceModeSupported - false"
"2016-10-29 00:25:56 PDT","I","test2@match_com","MinuteService","Logging Notifications Status"
"2016-10-29 00:25:56 PDT","I","test2@match_com","NotificationManager","AreNotificationsEnabled - true - Importance - Unspecified"
"2016-10-29 00:25:56 PDT","I","test2@match_com","MinuteService","Logging Location"
"2016-10-29 00:25:56 PDT","I","test2@match_com","MinuteService","Fetching latest study data"
"2016-10-29 00:25:57 PDT","I","test2@match_com","MinuteService","Starting UploadManagerService"
"2016-10-29 00:25:57 PDT","I","test2@match_com","MinuteService","Starting SurveyManagerService"
"2016-10-29 00:25:57 PDT","I","test2@match_com","UploadManagerService","Inside onCreate"
"2016-10-29 00:25:57 PDT","I","test2@match_com","UploadManagerService","Processing Logs"
"2016-10-29 00:25:57 PDT","I","test2@match_com","UploadManagerService","Processing Logs for Date - /storage/emulated/0/.MATCH/logs/2016-10-26"
"2016-10-29 00:25:57 PDT","I","test2@match_com","UploadManagerService","Processing Logs for Date - /storage/emulated/0/.MATCH/logs/2016-10-27"
"2016-10-29 00:25:57 PDT","I","test2@match_com","UploadManagerService","Processing Logs for Date - /storage/emulated/0/.MATCH/logs/2016-10-28"
"2016-10-29 00:25:57 PDT","I","test2@match_com","UploadManagerService","Processing Logs for Date - /storage/emulated/0/.MATCH/logs/2016-10-29"
"2016-10-29 00:25:57 PDT","I","test2@match_com","UploadManagerService","Processing Surveys"
"2016-10-29 00:25:57 PDT","I","test2@match_com","UploadManagerService","Processing Data files"
"2016-10-29 00:25:57 PDT","I","test2@match_com","UploadManagerService","Processing data for date - /storage/emulated/0/.MATCH/data/2016-10-26"
"2016-10-29 00:25:57 PDT","I","test2@match_com","UploadManagerService","Processing data for hour /storage/emulated/0/.MATCH/data/2016-10-26/19-PDT.zip.uploaded"
"2016-10-29 00:25:57 PDT","I","test2@match_com","UploadManagerService","Processing data for hour /storage/emulated/0/.MATCH/data/2016-10-26/13-PDT.zip.uploaded"
"2016-10-29 00:25:57 PDT","I","test2@match_com","UploadManagerService","Processing data for hour /storage/emulated/0/.MATCH/data/2016-10-26/14-PDT.zip.uploaded"
"2016-10-29 00:25:57 PDT","I","test2@match_com","UploadManagerService","Processing data for hour /storage/emulated/0/.MATCH/data/2016-10-26/15-PDT.zip.uploaded"
"2016-10-29 00:25:57 PDT","I","test2@match_com","UploadManagerService","Processing data for hour /storage/emulated/0/.MATCH/data/2016-10-26/16-PDT.zip.uploaded"
"2016-10-29 00:25:57 PDT","I","test2@match_com","UploadManagerService","Processing data for hour /storage/emulated/0/.MATCH/data/2016-10-26/17-PDT.zip.uploaded"
"2016-10-29 00:25:57 PDT","I","test2@match_com","UploadManagerService","Processing data for hour /storage/emulated/0/.MATCH/data/2016-10-26/21-PDT.zip.uploaded"
"2016-10-29 00:25:57 PDT","I","test2@match_com","UploadManagerService","Processing data for hour /storage/emulated/0/.MATCH/data/2016-10-26/22-PDT.zip.uploaded"
"2016-10-29 00:25:57 PDT","I","test2@match_com","UploadManagerService","Processing data for hour /storage/emulated/0/.MATCH/data/2016-10-26/18-PDT.zip.uploaded"
"2016-10-29 00:25:57 PDT","I","test2@match_com","UploadManagerService","Processing data for hour /storage/emulated/0/.MATCH/data/2016-10-26/20-PDT.zip.uploaded"
"2016-10-29 00:25:57 PDT","I","test2@match_com","UploadManagerService","Processing data for hour /storage/emulated/0/.MATCH/data/2016-10-26/23-PDT.zip.uploaded"
"2016-10-29 00:25:57 PDT","I","test2@match_com","UploadManagerService","Processing data for date - /storage/emulated/0/.MATCH/data/2016-10-27"
"2016-10-29 00:25:57 PDT","I","test2@match_com","UploadManagerService","Processing data for hour /storage/emulated/0/.MATCH/data/2016-10-27/01-PDT.zip.uploaded"
"2016-10-29 00:25:57 PDT","I","test2@match_com","UploadManagerService","Processing data for hour /storage/emulated/0/.MATCH/data/2016-10-27/03-PDT.zip.uploaded"
"2016-10-29 00:25:57 PDT","I","test2@match_com","UploadManagerService","Processing data for hour /storage/emulated/0/.MATCH/data/2016-10-27/04-PDT.zip.uploaded"
"2016-10-29 00:25:57 PDT","I","test2@match_com","UploadManagerService","Processing data for hour /storage/emulated/0/.MATCH/data/2016-10-27/06-PDT.zip.uploaded"
"2016-10-29 00:25:57 PDT","I","test2@match_com","UploadManagerService","Processing data for hour /storage/emulated/0/.MATCH/data/2016-10-27/00-PDT.zip.uploaded"
"2016-10-29 00:25:57 PDT","I","test2@match_com","UploadManagerService","Processing data for hour /storage/emulated/0/.MATCH/data/2016-10-27/02-PDT.zip.uploaded"
"2016-10-29 00:25:57 PDT","I","test2@match_com","UploadManagerService","Processing data for hour /storage/emulated/0/.MATCH/data/2016-10-27/05-PDT.zip.uploaded"
"2016-10-29 00:25:57 PDT","I","test2@match_com","UploadManagerService","Processing data for date - /storage/emulated/0/.MATCH/data/2016-10-28"
"2016-10-29 00:25:57 PDT","I","test2@match_com","UploadManagerService","Processing data for hour /storage/emulated/0/.MATCH/data/2016-10-28/13-PDT.zip"
"2016-10-29 00:25:57 PDT","I","test2@match_com","UploadManagerService","Processing data for hour /storage/emulated/0/.MATCH/data/2016-10-28/14-PDT.zip"
"2016-10-29 00:25:57 PDT","I","test2@match_com","UploadManagerService","Processing data for hour /storage/emulated/0/.MATCH/data/2016-10-28/15-PDT.zip"
"2016-10-29 00:25:57 PDT","I","test2@match_com","UploadManagerService","Processing data for hour /storage/emulated/0/.MATCH/data/2016-10-28/16-PDT.zip"
"2016-10-29 00:25:57 PDT","I","test2@match_com","UploadManagerService","Processing data for hour /storage/emulated/0/.MATCH/data/2016-10-28/17-PDT.zip"
"2016-10-29 00:25:57 PDT","I","test2@match_com","UploadManagerService","Processing data for hour /storage/emulated/0/.MATCH/data/2016-10-28/18-PDT.zip"
"2016-10-29 00:25:57 PDT","I","test2@match_com","UploadManagerService","Processing data for hour /storage/emulated/0/.MATCH/data/2016-10-28/19-PDT.zip"
"2016-10-29 00:25:57 PDT","I","test2@match_com","UploadManagerService","Processing data for hour /storage/emulated/0/.MATCH/data/2016-10-28/20-PDT.zip"
"2016-10-29 00:25:57 PDT","I","test2@match_com","UploadManagerService","Processing data for hour /storage/emulated/0/.MATCH/data/2016-10-28/21-PDT.zip"
"2016-10-29 00:25:57 PDT","I","test2@match_com","UploadManagerService","Processing data for hour /storage/emulated/0/.MATCH/data/2016-10-28/22-PDT.zip"
"2016-10-29 00:25:57 PDT","I","test2@match_com","UploadManagerService","Processing data for hour /storage/emulated/0/.MATCH/data/2016-10-28/23-PDT.zip"
"2016-10-29 00:25:57 PDT","I","test2@match_com","UploadManagerService","Processing data for date - /storage/emulated/0/.MATCH/data/2016-10-29"
"2016-10-29 00:25:57 PDT","I","test2@match_com","UploadManagerService","Processing data for hour /storage/emulated/0/.MATCH/data/2016-10-29/00-PDT"
"2016-10-29 00:25:57 PDT","I","test2@match_com","UploadManagerService","Internet is not connected. Not trying to upload files."
"2016-10-29 00:25:57 PDT","I","test2@match_com","SurveyManagerService","Inside onCreate"
"2016-10-29 00:25:57 PDT","I","test2@match_com","SurveyManagerService","Current time is - Sat Oct 29 00:25:57 PDT 2016"
"2016-10-29 00:25:57 PDT","I","test2@match_com","SurveyManagerService","Start Date is - Tue Oct 25 19:00:00 PDT 2016"
"2016-10-29 00:25:57 PDT","I","test2@match_com","SurveyManagerService","End Date is - Tue Nov 01 16:00:00 PDT 2016"
"2016-10-29 00:25:57 PDT","I","test2@match_com","SurveyManagerService","Scheduling Survey for - KEY_EMA_0730TO0800_CHILD"
"2016-10-29 00:25:57 PDT","I","test2@match_com","SurveyManagerService","Survey KEY_EMA_0730TO0800_CHILD is already scheduled"
"2016-10-29 00:25:57 PDT","I","test2@match_com","SurveyManagerService","Scheduling Survey for - KEY_EMA_0930TO1000_CHILD"
"2016-10-29 00:25:57 PDT","I","test2@match_com","SurveyManagerService","Survey KEY_EMA_0930TO1000_CHILD is already scheduled"
"2016-10-29 00:25:57 PDT","I","test2@match_com","SurveyManagerService","Scheduling Survey for - KEY_EMA_1130TO1200_CHILD"
"2016-10-29 00:25:57 PDT","I","test2@match_com","SurveyManagerService","Survey KEY_EMA_1130TO1200_CHILD is already scheduled"
"2016-10-29 00:25:57 PDT","I","test2@match_com","SurveyManagerService","Scheduling Survey for - KEY_EMA_1330TO1400_CHILD"
"2016-10-29 00:25:57 PDT","I","test2@match_com","SurveyManagerService","Survey KEY_EMA_1330TO1400_CHILD is already scheduled"
"2016-10-29 00:25:57 PDT","I","test2@match_com","SurveyManagerService","Scheduling Survey for - KEY_EMA_1530TO1600_CHILD"
"2016-10-29 00:25:57 PDT","I","test2@match_com","SurveyManagerService","Survey KEY_EMA_1530TO1600_CHILD is already scheduled"
"2016-10-29 00:25:57 PDT","I","test2@match_com","SurveyManagerService","Scheduling Survey for - KEY_EMA_1730TO1800_CHILD"
"2016-10-29 00:25:57 PDT","I","test2@match_com","SurveyManagerService","Survey KEY_EMA_1730TO1800_CHILD is already scheduled"
"2016-10-29 00:25:57 PDT","I","test2@match_com","SurveyManagerService","Scheduling Survey for - KEY_EMA_1930TO2000_CHILD"
"2016-10-29 00:25:57 PDT","I","test2@match_com","SurveyManagerService","Survey KEY_EMA_1930TO2000_CHILD is already scheduled"
"2016-10-29 00:25:57 PDT","I","test2@match_com","SurveyManagerService","Saliva surveys are already scheduled"
"2016-10-29 00:25:57 PDT","I","test2@match_com","SurveyManagerService","Survey KEY_SALIVA_BEDTIME scheduled for Sat Oct 29 21:46:57 PDT 2016"
"2016-10-29 00:25:57 PDT","I","test2@match_com","SurveyManagerService","Survey Schedule for KEY_EMA_0730TO0800_CHILD is Sat Oct 29 07:47:17 PDT 2016"
"2016-10-29 00:25:57 PDT","I","test2@match_com","SurveyManagerService","Still not time to prompt the survey"
"2016-10-29 00:25:57 PDT","I","test2@match_com","SurveyManagerService","Survey Schedule for KEY_EMA_0930TO1000_CHILD is Sat Oct 29 09:57:24 PDT 2016"
"2016-10-29 00:25:57 PDT","I","test2@match_com","SurveyManagerService","Still not time to prompt the survey"
"2016-10-29 00:25:57 PDT","I","test2@match_com","SurveyManagerService","Survey Schedule for KEY_EMA_1130TO1200_CHILD is Sat Oct 29 11:45:10 PDT 2016"
"2016-10-29 00:25:57 PDT","I","test2@match_com","SurveyManagerService","Still not time to prompt the survey"
"2016-10-29 00:25:57 PDT","I","test2@match_com","SurveyManagerService","Survey Schedule for KEY_EMA_1330TO1400_CHILD is Sat Oct 29 13:44:02 PDT 2016"
"2016-10-29 00:25:57 PDT","I","test2@match_com","SurveyManagerService","Still not time to prompt the survey"
"2016-10-29 00:25:57 PDT","I","test2@match_com","SurveyManagerService","Survey Schedule for KEY_EMA_1530TO1600_CHILD is Sat Oct 29 15:33:41 PDT 2016"
"2016-10-29 00:25:57 PDT","I","test2@match_com","SurveyManagerService","Still not time to prompt the survey"
"2016-10-29 00:25:57 PDT","I","test2@match_com","SurveyManagerService","Survey Schedule for KEY_EMA_1730TO1800_CHILD is Sat Oct 29 17:47:43 PDT 2016"
"2016-10-29 00:25:57 PDT","I","test2@match_com","SurveyManagerService","Still not time to prompt the survey"
"2016-10-29 00:25:57 PDT","I","test2@match_com","SurveyManagerService","Survey Schedule for KEY_EMA_1930TO2000_CHILD is Sat Oct 29 19:36:11 PDT 2016"
"2016-10-29 00:25:57 PDT","I","test2@match_com","SurveyManagerService","Still not time to prompt the survey"
"2016-10-29 00:25:57 PDT","I","test2@match_com","SurveyManagerService","KEY_SALIVA_WAKING is scheduled for Sat Oct 29 06:46:56 PDT 2016"
"2016-10-29 00:25:57 PDT","I","test2@match_com","SurveyManagerService","Prompt KEY_SALIVA_WAKING is in the future - Sat Oct 29 06:46:56 PDT 2016"
"2016-10-29 00:25:57 PDT","I","test2@match_com","SurveyManagerService","KEY_SALIVA_WAKING_PLUS_30 is scheduled for Sat Oct 29 07:16:56 PDT 2016"
"2016-10-29 00:25:57 PDT","I","test2@match_com","SurveyManagerService","Prompt KEY_SALIVA_WAKING_PLUS_30 is in the future - Sat Oct 29 07:16:56 PDT 2016"
"2016-10-29 00:25:57 PDT","I","test2@match_com","SurveyManagerService","KEY_SALIVA_AFTERNOON_4TO430_CHILD is scheduled for Sat Oct 29 16:16:27 PDT 2016"
"2016-10-29 00:25:57 PDT","I","test2@match_com","SurveyManagerService","Prompt KEY_SALIVA_AFTERNOON_4TO430_CHILD is in the future - Sat Oct 29 16:16:27 PDT 2016"
"2016-10-29 00:25:57 PDT","I","test2@match_com","SurveyManagerService","KEY_SALIVA_BEDTIME is scheduled for Sat Oct 29 21:46:57 PDT 2016"
"2016-10-29 00:25:57 PDT","I","test2@match_com","SurveyManagerService","Prompt KEY_SALIVA_BEDTIME is in the future - Sat Oct 29 21:46:57 PDT 2016"
"2016-10-29 00:25:57 PDT","I","test2@match_com","MinuteService","Inside onDestroy"
"2016-10-29 00:25:57 PDT","I","test2@match_com","UploadManagerService","Inside onDestroy"
"2016-10-29 00:25:57 PDT","I","test2@match_com","SurveyManagerService","Inside onDestroy"
"2016-10-29 00:25:57 PDT","I","test2@match_com","Zipper","unzipFileWithEncryption"
"2016-10-29 00:25:57 PDT","I","test2@match_com","Zipper","Deleting File - /storage/emulated/0/.MATCH/data/2016-10-29/00-PDT/GPS.csv.zip"
"2016-10-29 00:25:57 PDT","I","test2@match_com","Zipper","zipFileWithEncryption - /storage/emulated/0/.MATCH/data/2016-10-29/00-PDT/GPS.csv"
"2016-10-29 00:25:57 PDT","I","test2@match_com","Zipper","Creating ZipFile - /storage/emulated/0/.MATCH/data/2016-10-29/00-PDT/GPS.csv.zip"
"2016-10-29 00:25:57 PDT","I","test2@match_com","Zipper","Deleting File - /storage/emulated/0/.MATCH/data/2016-10-29/00-PDT/GPS.csv"
"2016-10-29 00:26:01 PDT","I","test2@match_com","UploadManagerService","Inside onCreate"
"2016-10-29 00:26:01 PDT","I","test2@match_com","UploadManagerService","Processing Logs"
"2016-10-29 00:26:01 PDT","I","test2@match_com","UploadManagerService","Processing Logs for Date - /storage/emulated/0/.MATCH/logs/2016-10-26"
"2016-10-29 00:26:01 PDT","I","test2@match_com","UploadManagerService","Processing Logs for Date - /storage/emulated/0/.MATCH/logs/2016-10-27"
"2016-10-29 00:26:01 PDT","I","test2@match_com","UploadManagerService","Processing Logs for Date - /storage/emulated/0/.MATCH/logs/2016-10-28"
"2016-10-29 00:26:01 PDT","I","test2@match_com","UploadManagerService","Processing Logs for Date - /storage/emulated/0/.MATCH/logs/2016-10-29"
"2016-10-29 00:26:01 PDT","I","test2@match_com","UploadManagerService","Processing Surveys"
"2016-10-29 00:26:01 PDT","I","test2@match_com","UploadManagerService","Processing Data files"
"2016-10-29 00:26:01 PDT","I","test2@match_com","UploadManagerService","Processing data for date - /storage/emulated/0/.MATCH/data/2016-10-26"
"2016-10-29 00:26:01 PDT","I","test2@match_com","UploadManagerService","Processing data for hour /storage/emulated/0/.MATCH/data/2016-10-26/19-PDT.zip.uploaded"
"2016-10-29 00:26:01 PDT","I","test2@match_com","UploadManagerService","Processing data for hour /storage/emulated/0/.MATCH/data/2016-10-26/13-PDT.zip.uploaded"
"2016-10-29 00:26:01 PDT","I","test2@match_com","UploadManagerService","Processing data for hour /storage/emulated/0/.MATCH/data/2016-10-26/14-PDT.zip.uploaded"
"2016-10-29 00:26:01 PDT","I","test2@match_com","UploadManagerService","Processing data for hour /storage/emulated/0/.MATCH/data/2016-10-26/15-PDT.zip.uploaded"
"2016-10-29 00:26:01 PDT","I","test2@match_com","UploadManagerService","Processing data for hour /storage/emulated/0/.MATCH/data/2016-10-26/16-PDT.zip.uploaded"
"2016-10-29 00:26:01 PDT","I","test2@match_com","UploadManagerService","Processing data for hour /storage/emulated/0/.MATCH/data/2016-10-26/17-PDT.zip.uploaded"
"2016-10-29 00:26:01 PDT","I","test2@match_com","UploadManagerService","Processing data for hour /storage/emulated/0/.MATCH/data/2016-10-26/21-PDT.zip.uploaded"
"2016-10-29 00:26:01 PDT","I","test2@match_com","UploadManagerService","Processing data for hour /storage/emulated/0/.MATCH/data/2016-10-26/22-PDT.zip.uploaded"
"2016-10-29 00:26:01 PDT","I","test2@match_com","UploadManagerService","Processing data for hour /storage/emulated/0/.MATCH/data/2016-10-26/18-PDT.zip.uploaded"
"2016-10-29 00:26:01 PDT","I","test2@match_com","UploadManagerService","Processing data for hour /storage/emulated/0/.MATCH/data/2016-10-26/20-PDT.zip.uploaded"
"2016-10-29 00:26:01 PDT","I","test2@match_com","UploadManagerService","Processing data for hour /storage/emulated/0/.MATCH/data/2016-10-26/23-PDT.zip.uploaded"
"2016-10-29 00:26:01 PDT","I","test2@match_com","UploadManagerService","Processing data for date - /storage/emulated/0/.MATCH/data/2016-10-27"
"2016-10-29 00:26:01 PDT","I","test2@match_com","UploadManagerService","Processing data for hour /storage/emulated/0/.MATCH/data/2016-10-27/01-PDT.zip.uploaded"
"2016-10-29 00:26:01 PDT","I","test2@match_com","UploadManagerService","Processing data for hour /storage/emulated/0/.MATCH/data/2016-10-27/03-PDT.zip.uploaded"
"2016-10-29 00:26:01 PDT","I","test2@match_com","UploadManagerService","Processing data for hour /storage/emulated/0/.MATCH/data/2016-10-27/04-PDT.zip.uploaded"
"2016-10-29 00:26:01 PDT","I","test2@match_com","UploadManagerService","Processing data for hour /storage/emulated/0/.MATCH/data/2016-10-27/06-PDT.zip.uploaded"
"2016-10-29 00:26:01 PDT","I","test2@match_com","UploadManagerService","Processing data for hour /storage/emulated/0/.MATCH/data/2016-10-27/00-PDT.zip.uploaded"
"2016-10-29 00:26:01 PDT","I","test2@match_com","UploadManagerService","Processing data for hour /storage/emulated/0/.MATCH/data/2016-10-27/02-PDT.zip.uploaded"
"2016-10-29 00:26:01 PDT","I","test2@match_com","UploadManagerService","Processing data for hour /storage/emulated/0/.MATCH/data/2016-10-27/05-PDT.zip.uploaded"
"2016-10-29 00:26:01 PDT","I","test2@match_com","UploadManagerService","Processing data for date - /storage/emulated/0/.MATCH/data/2016-10-28"
"2016-10-29 00:26:01 PDT","I","test2@match_com","UploadManagerService","Processing data for hour /storage/emulated/0/.MATCH/data/2016-10-28/13-PDT.zip"
"2016-10-29 00:26:01 PDT","I","test2@match_com","UploadManagerService","Processing data for hour /storage/emulated/0/.MATCH/data/2016-10-28/14-PDT.zip"
"2016-10-29 00:26:01 PDT","I","test2@match_com","UploadManagerService","Processing data for hour /storage/emulated/0/.MATCH/data/2016-10-28/15-PDT.zip"
"2016-10-29 00:26:01 PDT","I","test2@match_com","UploadManagerService","Processing data for hour /storage/emulated/0/.MATCH/data/2016-10-28/16-PDT.zip"
"2016-10-29 00:26:01 PDT","I","test2@match_com","UploadManagerService","Processing data for hour /storage/emulated/0/.MATCH/data/2016-10-28/17-PDT.zip"
"2016-10-29 00:26:01 PDT","I","test2@match_com","UploadManagerService","Processing data for hour /storage/emulated/0/.MATCH/data/2016-10-28/18-PDT.zip"
"2016-10-29 00:26:01 PDT","I","test2@match_com","UploadManagerService","Processing data for hour /storage/emulated/0/.MATCH/data/2016-10-28/19-PDT.zip"
"2016-10-29 00:26:01 PDT","I","test2@match_com","UploadManagerService","Processing data for hour /storage/emulated/0/.MATCH/data/2016-10-28/20-PDT.zip"
"2016-10-29 00:26:01 PDT","I","test2@match_com","UploadManagerService","Processing data for hour /storage/emulated/0/.MATCH/data/2016-10-28/21-PDT.zip"
"2016-10-29 00:26:01 PDT","I","test2@match_com","UploadManagerService","Processing data for hour /storage/emulated/0/.MATCH/data/2016-10-28/22-PDT.zip"
"2016-10-29 00:26:01 PDT","I","test2@match_com","UploadManagerService","Processing data for hour /storage/emulated/0/.MATCH/data/2016-10-28/23-PDT.zip"
"2016-10-29 00:26:01 PDT","I","test2@match_com","UploadManagerService","Processing data for date - /storage/emulated/0/.MATCH/data/2016-10-29"
"2016-10-29 00:26:01 PDT","I","test2@match_com","UploadManagerService","Processing data for hour /storage/emulated/0/.MATCH/data/2016-10-29/00-PDT"
"2016-10-29 00:26:01 PDT","I","test2@match_com","UploadManagerService","Internet is not connected. Not trying to upload files."
"2016-10-29 00:26:01 PDT","I","test2@match_com","MinuteService","Inside onCreate"
"2016-10-29 00:26:01 PDT","I","test2@match_com","MinuteService","Minute Service Alarm was set by - MinuteService"
"2016-10-29 00:26:01 PDT","I","test2@match_com","MinuteService","Time since previous run - 4"
"2016-10-29 00:26:01 PDT","I","test2@match_com","MinuteService","Previous run within last 50 seconds, ignoring this run"
"2016-10-29 00:26:01 PDT","I","test2@match_com","UploadManagerService","Inside onDestroy"
"2016-10-29 00:26:01 PDT","I","test2@match_com","MinuteService","Inside onDestroy"
"2016-10-29 00:26:01 PDT","I","test2@match_com","BackupMinuteService","Inside onCreate"
"2016-10-29 00:26:01 PDT","I","test2@match_com","Util","Inside setBackupMinuteServiceAlarm"
"2016-10-29 00:26:01 PDT","I","test2@match_com","Util","BackupMinuteService last run at - Sat Oct 29 00:26:01 PDT 2016"
"2016-10-29 00:26:01 PDT","I","test2@match_com","Util","BackupMinuteService next run at - Sat Oct 29 00:27:01 PDT 2016"
"2016-10-29 00:26:01 PDT","I","test2@match_com","MinuteService","Inside onCreate"
"2016-10-29 00:26:01 PDT","I","test2@match_com","MinuteService","Minute Service Alarm was set by - MinuteService"
"2016-10-29 00:26:01 PDT","I","test2@match_com","MinuteService","Time since previous run - 5"
"2016-10-29 00:26:01 PDT","I","test2@match_com","MinuteService","Previous run within last 50 seconds, ignoring this run"
"2016-10-29 00:26:01 PDT","I","test2@match_com","BackupMinuteService","Inside onDestroy"
"2016-10-29 00:26:01 PDT","I","test2@match_com","MinuteService","Inside onDestroy"
"2016-10-29 00:26:01 PDT","I","test2@match_com","AlwaysOnService","Received Intent - android.intent.action.TIME_TICK"
"2016-10-29 00:26:23 PDT","I","test2@match_com","AlwaysOnService","Received Intent - android.intent.action.BATTERY_CHANGED"
"2016-10-29 00:26:36 PDT","I","test2@match_com","AlwaysOnService","Received Intent - android.intent.action.BATTERY_CHANGED"
"2016-10-29 00:26:56 PDT","I","test2@match_com","MinuteService","Inside onCreate"
"2016-10-29 00:26:56 PDT","I","test2@match_com","MinuteService","Minute Service Alarm was set by - MinuteService"
"2016-10-29 00:26:56 PDT","I","test2@match_com","MinuteService","Time since previous run - 60"
"2016-10-29 00:26:56 PDT","I","test2@match_com","MinuteService","Setting Minute Service Last Run"
"2016-10-29 00:26:56 PDT","I","test2@match_com","MinuteService","Setting Minute Service Alarm"
"2016-10-29 00:26:56 PDT","I","test2@match_com","Util","Inside setMinuteServiceAlarmFromMinuteService"
"2016-10-29 00:26:56 PDT","I","test2@match_com","Util","MinuteService last run at - Sat Oct 29 00:26:56 PDT 2016"
"2016-10-29 00:26:56 PDT","I","test2@match_com","Util","MinuteService next run at - Sat Oct 29 00:27:56 PDT 2016"
"2016-10-29 00:26:56 PDT","I","test2@match_com","MinuteService","Setting Minute Service Backup Alarm"
"2016-10-29 00:26:56 PDT","I","test2@match_com","Util","Inside setBackupMinuteServiceAlarm"
"2016-10-29 00:26:56 PDT","I","test2@match_com","Util","BackupMinuteService last run at - Sat Oct 29 00:26:01 PDT 2016"
"2016-10-29 00:26:56 PDT","I","test2@match_com","Util","BackupMinuteService next run at - Sat Oct 29 00:27:01 PDT 2016"
"2016-10-29 00:26:56 PDT","I","test2@match_com","MinuteService","Initializing MATCHConstants"
"2016-10-29 00:26:56 PDT","I","test2@match_com","MinuteService","Notifying user about minute service run"
"2016-10-29 00:26:56 PDT","I","test2@match_com","MinuteService","Writing status to Firebase Database"
"2016-10-29 00:26:56 PDT","I","test2@match_com","MinuteService","Logging Network Status"
"2016-10-29 00:26:56 PDT","I","test2@match_com","ConnectivityManager","isConnected - false - isWifi - false - isMobileInternet - false"
"2016-10-29 00:26:56 PDT","I","test2@match_com","MinuteService","Logging Battery Status"
"2016-10-29 00:26:56 PDT","I","test2@match_com","BatteryManager","Percentage - 85 - isCharging - true - isUSBCharging - false - isACCharging - true - isWirelessCharging - false"
"2016-10-29 00:26:56 PDT","I","test2@match_com","MinuteService","Logging Memory Status"
"2016-10-29 00:26:56 PDT","I","test2@match_com","MemoryManager","Total Memory,898,Available Memory,416,Threshold Memory,144,IsLowMemory,false"
"2016-10-29 00:26:57 PDT","I","test2@match_com","MinuteService","Logging Storage Status"
"2016-10-29 00:26:57 PDT","I","test2@match_com","StorageManager","Internal Total,2247,Internal Free,589,External Total,4637,External Free,3936"
"2016-10-29 00:26:57 PDT","I","test2@match_com","MinuteService","Logging Power Status"
"2016-10-29 00:26:57 PDT","I","test2@match_com","PowerManager","isDeviceIdleMode - false - isInteractive - false - isPowerSaveMode - false - isSustainedPerformanceModeSupported - false"
"2016-10-29 00:26:57 PDT","I","test2@match_com","MinuteService","Logging Notifications Status"
"2016-10-29 00:26:57 PDT","I","test2@match_com","NotificationManager","AreNotificationsEnabled - true - Importance - Unspecified"
"2016-10-29 00:26:57 PDT","I","test2@match_com","MinuteService","Logging Location"
"2016-10-29 00:26:57 PDT","I","test2@match_com","MinuteService","Fetching latest study data"
"2016-10-29 00:26:57 PDT","I","test2@match_com","MinuteService","Starting UploadManagerService"
"2016-10-29 00:26:57 PDT","I","test2@match_com","MinuteService","Starting SurveyManagerService"
"2016-10-29 00:26:57 PDT","I","test2@match_com","UploadManagerService","Inside onCreate"
"2016-10-29 00:26:57 PDT","I","test2@match_com","UploadManagerService","Processing Logs"
"2016-10-29 00:26:57 PDT","I","test2@match_com","UploadManagerService","Processing Logs for Date - /storage/emulated/0/.MATCH/logs/2016-10-26"
"2016-10-29 00:26:57 PDT","I","test2@match_com","UploadManagerService","Processing Logs for Date - /storage/emulated/0/.MATCH/logs/2016-10-27"
"2016-10-29 00:26:57 PDT","I","test2@match_com","UploadManagerService","Processing Logs for Date - /storage/emulated/0/.MATCH/logs/2016-10-28"
"2016-10-29 00:26:57 PDT","I","test2@match_com","UploadManagerService","Processing Logs for Date - /storage/emulated/0/.MATCH/logs/2016-10-29"
"2016-10-29 00:26:57 PDT","I","test2@match_com","UploadManagerService","Processing Surveys"
"2016-10-29 00:26:57 PDT","I","test2@match_com","UploadManagerService","Processing Data files"
"2016-10-29 00:26:57 PDT","I","test2@match_com","UploadManagerService","Processing data for date - /storage/emulated/0/.MATCH/data/2016-10-26"
"2016-10-29 00:26:57 PDT","I","test2@match_com","UploadManagerService","Processing data for hour /storage/emulated/0/.MATCH/data/2016-10-26/19-PDT.zip.uploaded"
"2016-10-29 00:26:57 PDT","I","test2@match_com","UploadManagerService","Processing data for hour /storage/emulated/0/.MATCH/data/2016-10-26/13-PDT.zip.uploaded"
"2016-10-29 00:26:57 PDT","I","test2@match_com","UploadManagerService","Processing data for hour /storage/emulated/0/.MATCH/data/2016-10-26/14-PDT.zip.uploaded"
"2016-10-29 00:26:57 PDT","I","test2@match_com","UploadManagerService","Processing data for hour /storage/emulated/0/.MATCH/data/2016-10-26/15-PDT.zip.uploaded"
"2016-10-29 00:26:57 PDT","I","test2@match_com","UploadManagerService","Processing data for hour /storage/emulated/0/.MATCH/data/2016-10-26/16-PDT.zip.uploaded"
"2016-10-29 00:26:57 PDT","I","test2@match_com","UploadManagerService","Processing data for hour /storage/emulated/0/.MATCH/data/2016-10-26/17-PDT.zip.uploaded"
"2016-10-29 00:26:57 PDT","I","test2@match_com","UploadManagerService","Processing data for hour /storage/emulated/0/.MATCH/data/2016-10-26/21-PDT.zip.uploaded"
"2016-10-29 00:26:57 PDT","I","test2@match_com","UploadManagerService","Processing data for hour /storage/emulated/0/.MATCH/data/2016-10-26/22-PDT.zip.uploaded"
"2016-10-29 00:26:57 PDT","I","test2@match_com","UploadManagerService","Processing data for hour /storage/emulated/0/.MATCH/data/2016-10-26/18-PDT.zip.uploaded"
"2016-10-29 00:26:57 PDT","I","test2@match_com","UploadManagerService","Processing data for hour /storage/emulated/0/.MATCH/data/2016-10-26/20-PDT.zip.uploaded"
"2016-10-29 00:26:57 PDT","I","test2@match_com","UploadManagerService","Processing data for hour /storage/emulated/0/.MATCH/data/2016-10-26/23-PDT.zip.uploaded"
"2016-10-29 00:26:57 PDT","I","test2@match_com","UploadManagerService","Processing data for date - /storage/emulated/0/.MATCH/data/2016-10-27"
"2016-10-29 00:26:57 PDT","I","test2@match_com","UploadManagerService","Processing data for hour /storage/emulated/0/.MATCH/data/2016-10-27/01-PDT.zip.uploaded"
"2016-10-29 00:26:57 PDT","I","test2@match_com","UploadManagerService","Processing data for hour /storage/emulated/0/.MATCH/data/2016-10-27/03-PDT.zip.uploaded"
"2016-10-29 00:26:57 PDT","I","test2@match_com","UploadManagerService","Processing data for hour /storage/emulated/0/.MATCH/data/2016-10-27/04-PDT.zip.uploaded"
"2016-10-29 00:26:57 PDT","I","test2@match_com","UploadManagerService","Processing data for hour /storage/emulated/0/.MATCH/data/2016-10-27/06-PDT.zip.uploaded"
"2016-10-29 00:26:57 PDT","I","test2@match_com","UploadManagerService","Processing data for hour /storage/emulated/0/.MATCH/data/2016-10-27/00-PDT.zip.uploaded"
"2016-10-29 00:26:57 PDT","I","test2@match_com","UploadManagerService","Processing data for hour /storage/emulated/0/.MATCH/data/2016-10-27/02-PDT.zip.uploaded"
"2016-10-29 00:26:57 PDT","I","test2@match_com","UploadManagerService","Processing data for hour /storage/emulated/0/.MATCH/data/2016-10-27/05-PDT.zip.uploaded"
"2016-10-29 00:26:57 PDT","I","test2@match_com","UploadManagerService","Processing data for date - /storage/emulated/0/.MATCH/data/2016-10-28"
"2016-10-29 00:26:57 PDT","I","test2@match_com","UploadManagerService","Processing data for hour /storage/emulated/0/.MATCH/data/2016-10-28/13-PDT.zip"
"2016-10-29 00:26:57 PDT","I","test2@match_com","UploadManagerService","Processing data for hour /storage/emulated/0/.MATCH/data/2016-10-28/14-PDT.zip"
"2016-10-29 00:26:57 PDT","I","test2@match_com","UploadManagerService","Processing data for hour /storage/emulated/0/.MATCH/data/2016-10-28/15-PDT.zip"
"2016-10-29 00:26:57 PDT","I","test2@match_com","UploadManagerService","Processing data for hour /storage/emulated/0/.MATCH/data/2016-10-28/16-PDT.zip"
"2016-10-29 00:26:57 PDT","I","test2@match_com","UploadManagerService","Processing data for hour /storage/emulated/0/.MATCH/data/2016-10-28/17-PDT.zip"
"2016-10-29 00:26:57 PDT","I","test2@match_com","UploadManagerService","Processing data for hour /storage/emulated/0/.MATCH/data/2016-10-28/18-PDT.zip"
"2016-10-29 00:26:57 PDT","I","test2@match_com","UploadManagerService","Processing data for hour /storage/emulated/0/.MATCH/data/2016-10-28/19-PDT.zip"
"2016-10-29 00:26:57 PDT","I","test2@match_com","UploadManagerService","Processing data for hour /storage/emulated/0/.MATCH/data/2016-10-28/20-PDT.zip"
"2016-10-29 00:26:57 PDT","I","test2@match_com","UploadManagerService","Processing data for hour /storage/emulated/0/.MATCH/data/2016-10-28/21-PDT.zip"
"2016-10-29 00:26:57 PDT","I","test2@match_com","UploadManagerService","Processing data for hour /storage/emulated/0/.MATCH/data/2016-10-28/22-PDT.zip"
"2016-10-29 00:26:57 PDT","I","test2@match_com","UploadManagerService","Processing data for hour /storage/emulated/0/.MATCH/data/2016-10-28/23-PDT.zip"
"2016-10-29 00:26:57 PDT","I","test2@match_com","UploadManagerService","Processing data for date - /storage/emulated/0/.MATCH/data/2016-10-29"
"2016-10-29 00:26:57 PDT","I","test2@match_com","UploadManagerService","Processing data for hour /storage/emulated/0/.MATCH/data/2016-10-29/00-PDT"
"2016-10-29 00:26:57 PDT","I","test2@match_com","UploadManagerService","Internet is not connected. Not trying to upload files."
"2016-10-29 00:26:57 PDT","I","test2@match_com","SurveyManagerService","Inside onCreate"
"2016-10-29 00:26:57 PDT","I","test2@match_com","SurveyManagerService","Current time is - Sat Oct 29 00:26:57 PDT 2016"
"2016-10-29 00:26:57 PDT","I","test2@match_com","SurveyManagerService","Start Date is - Tue Oct 25 19:00:00 PDT 2016"
"2016-10-29 00:26:57 PDT","I","test2@match_com","SurveyManagerService","End Date is - Tue Nov 01 16:00:00 PDT 2016"
"2016-10-29 00:26:57 PDT","I","test2@match_com","SurveyManagerService","Scheduling Survey for - KEY_EMA_0730TO0800_CHILD"
"2016-10-29 00:26:57 PDT","I","test2@match_com","SurveyManagerService","Survey KEY_EMA_0730TO0800_CHILD is already scheduled"
"2016-10-29 00:26:57 PDT","I","test2@match_com","SurveyManagerService","Scheduling Survey for - KEY_EMA_0930TO1000_CHILD"
"2016-10-29 00:26:57 PDT","I","test2@match_com","SurveyManagerService","Survey KEY_EMA_0930TO1000_CHILD is already scheduled"
"2016-10-29 00:26:57 PDT","I","test2@match_com","SurveyManagerService","Scheduling Survey for - KEY_EMA_1130TO1200_CHILD"
"2016-10-29 00:26:57 PDT","I","test2@match_com","SurveyManagerService","Survey KEY_EMA_1130TO1200_CHILD is already scheduled"
"2016-10-29 00:26:57 PDT","I","test2@match_com","SurveyManagerService","Scheduling Survey for - KEY_EMA_1330TO1400_CHILD"
"2016-10-29 00:26:57 PDT","I","test2@match_com","SurveyManagerService","Survey KEY_EMA_1330TO1400_CHILD is already scheduled"
"2016-10-29 00:26:57 PDT","I","test2@match_com","SurveyManagerService","Scheduling Survey for - KEY_EMA_1530TO1600_CHILD"
"2016-10-29 00:26:57 PDT","I","test2@match_com","SurveyManagerService","Survey KEY_EMA_1530TO1600_CHILD is already scheduled"
"2016-10-29 00:26:57 PDT","I","test2@match_com","SurveyManagerService","Scheduling Survey for - KEY_EMA_1730TO1800_CHILD"
"2016-10-29 00:26:57 PDT","I","test2@match_com","SurveyManagerService","Survey KEY_EMA_1730TO1800_CHILD is already scheduled"
"2016-10-29 00:26:57 PDT","I","test2@match_com","SurveyManagerService","Scheduling Survey for - KEY_EMA_1930TO2000_CHILD"
"2016-10-29 00:26:57 PDT","I","test2@match_com","SurveyManagerService","Survey KEY_EMA_1930TO2000_CHILD is already scheduled"
"2016-10-29 00:26:57 PDT","I","test2@match_com","SurveyManagerService","Saliva surveys are already scheduled"
"2016-10-29 00:26:57 PDT","I","test2@match_com","SurveyManagerService","Survey KEY_SALIVA_BEDTIME scheduled for Sat Oct 29 21:46:57 PDT 2016"
"2016-10-29 00:26:57 PDT","I","test2@match_com","SurveyManagerService","Survey Schedule for KEY_EMA_0730TO0800_CHILD is Sat Oct 29 07:47:17 PDT 2016"
"2016-10-29 00:26:57 PDT","I","test2@match_com","SurveyManagerService","Still not time to prompt the survey"
"2016-10-29 00:26:57 PDT","I","test2@match_com","SurveyManagerService","Survey Schedule for KEY_EMA_0930TO1000_CHILD is Sat Oct 29 09:57:24 PDT 2016"
"2016-10-29 00:26:57 PDT","I","test2@match_com","SurveyManagerService","Still not time to prompt the survey"
"2016-10-29 00:26:57 PDT","I","test2@match_com","SurveyManagerService","Survey Schedule for KEY_EMA_1130TO1200_CHILD is Sat Oct 29 11:45:10 PDT 2016"
"2016-10-29 00:26:57 PDT","I","test2@match_com","SurveyManagerService","Still not time to prompt the survey"
"2016-10-29 00:26:57 PDT","I","test2@match_com","SurveyManagerService","Survey Schedule for KEY_EMA_1330TO1400_CHILD is Sat Oct 29 13:44:02 PDT 2016"
"2016-10-29 00:26:57 PDT","I","test2@match_com","SurveyManagerService","Still not time to prompt the survey"
"2016-10-29 00:26:57 PDT","I","test2@match_com","SurveyManagerService","Survey Schedule for KEY_EMA_1530TO1600_CHILD is Sat Oct 29 15:33:41 PDT 2016"
"2016-10-29 00:26:57 PDT","I","test2@match_com","SurveyManagerService","Still not time to prompt the survey"
"2016-10-29 00:26:57 PDT","I","test2@match_com","SurveyManagerService","Survey Schedule for KEY_EMA_1730TO1800_CHILD is Sat Oct 29 17:47:43 PDT 2016"
"2016-10-29 00:26:57 PDT","I","test2@match_com","SurveyManagerService","Still not time to prompt the survey"
"2016-10-29 00:26:57 PDT","I","test2@match_com","SurveyManagerService","Survey Schedule for KEY_EMA_1930TO2000_CHILD is Sat Oct 29 19:36:11 PDT 2016"
"2016-10-29 00:26:57 PDT","I","test2@match_com","SurveyManagerService","Still not time to prompt the survey"
"2016-10-29 00:26:57 PDT","I","test2@match_com","SurveyManagerService","KEY_SALIVA_WAKING is scheduled for Sat Oct 29 06:46:56 PDT 2016"
"2016-10-29 00:26:57 PDT","I","test2@match_com","SurveyManagerService","Prompt KEY_SALIVA_WAKING is in the future - Sat Oct 29 06:46:56 PDT 2016"
"2016-10-29 00:26:57 PDT","I","test2@match_com","SurveyManagerService","KEY_SALIVA_WAKING_PLUS_30 is scheduled for Sat Oct 29 07:16:56 PDT 2016"
"2016-10-29 00:26:57 PDT","I","test2@match_com","SurveyManagerService","Prompt KEY_SALIVA_WAKING_PLUS_30 is in the future - Sat Oct 29 07:16:56 PDT 2016"
"2016-10-29 00:26:57 PDT","I","test2@match_com","SurveyManagerService","KEY_SALIVA_AFTERNOON_4TO430_CHILD is scheduled for Sat Oct 29 16:16:27 PDT 2016"
"2016-10-29 00:26:57 PDT","I","test2@match_com","SurveyManagerService","Prompt KEY_SALIVA_AFTERNOON_4TO430_CHILD is in the future - Sat Oct 29 16:16:27 PDT 2016"
"2016-10-29 00:26:57 PDT","I","test2@match_com","SurveyManagerService","KEY_SALIVA_BEDTIME is scheduled for Sat Oct 29 21:46:57 PDT 2016"
"2016-10-29 00:26:57 PDT","I","test2@match_com","SurveyManagerService","Prompt KEY_SALIVA_BEDTIME is in the future - Sat Oct 29 21:46:57 PDT 2016"
"2016-10-29 00:26:57 PDT","I","test2@match_com","MinuteService","Inside onDestroy"
"2016-10-29 00:26:57 PDT","I","test2@match_com","UploadManagerService","Inside onDestroy"
"2016-10-29 00:26:57 PDT","I","test2@match_com","SurveyManagerService","Inside onDestroy"
"2016-10-29 00:26:57 PDT","I","test2@match_com","Zipper","unzipFileWithEncryption"
"2016-10-29 00:26:57 PDT","I","test2@match_com","Zipper","Deleting File - /storage/emulated/0/.MATCH/data/2016-10-29/00-PDT/GPS.csv.zip"
"2016-10-29 00:26:57 PDT","I","test2@match_com","Zipper","zipFileWithEncryption - /storage/emulated/0/.MATCH/data/2016-10-29/00-PDT/GPS.csv"
"2016-10-29 00:26:57 PDT","I","test2@match_com","Zipper","Creating ZipFile - /storage/emulated/0/.MATCH/data/2016-10-29/00-PDT/GPS.csv.zip"
"2016-10-29 00:26:57 PDT","I","test2@match_com","Zipper","Deleting File - /storage/emulated/0/.MATCH/data/2016-10-29/00-PDT/GPS.csv"
"2016-10-29 00:27:01 PDT","I","test2@match_com","UploadManagerService","Inside onCreate"
"2016-10-29 00:27:01 PDT","I","test2@match_com","UploadManagerService","Processing Logs"
"2016-10-29 00:27:01 PDT","I","test2@match_com","UploadManagerService","Processing Logs for Date - /storage/emulated/0/.MATCH/logs/2016-10-26"
"2016-10-29 00:27:01 PDT","I","test2@match_com","UploadManagerService","Processing Logs for Date - /storage/emulated/0/.MATCH/logs/2016-10-27"
"2016-10-29 00:27:01 PDT","I","test2@match_com","UploadManagerService","Processing Logs for Date - /storage/emulated/0/.MATCH/logs/2016-10-28"
"2016-10-29 00:27:01 PDT","I","test2@match_com","UploadManagerService","Processing Logs for Date - /storage/emulated/0/.MATCH/logs/2016-10-29"
"2016-10-29 00:27:01 PDT","I","test2@match_com","UploadManagerService","Processing Surveys"
"2016-10-29 00:27:01 PDT","I","test2@match_com","UploadManagerService","Processing Data files"
"2016-10-29 00:27:01 PDT","I","test2@match_com","UploadManagerService","Processing data for date - /storage/emulated/0/.MATCH/data/2016-10-26"
"2016-10-29 00:27:01 PDT","I","test2@match_com","UploadManagerService","Processing data for hour /storage/emulated/0/.MATCH/data/2016-10-26/19-PDT.zip.uploaded"
"2016-10-29 00:27:01 PDT","I","test2@match_com","UploadManagerService","Processing data for hour /storage/emulated/0/.MATCH/data/2016-10-26/13-PDT.zip.uploaded"
"2016-10-29 00:27:01 PDT","I","test2@match_com","UploadManagerService","Processing data for hour /storage/emulated/0/.MATCH/data/2016-10-26/14-PDT.zip.uploaded"
"2016-10-29 00:27:01 PDT","I","test2@match_com","UploadManagerService","Processing data for hour /storage/emulated/0/.MATCH/data/2016-10-26/15-PDT.zip.uploaded"
"2016-10-29 00:27:01 PDT","I","test2@match_com","UploadManagerService","Processing data for hour /storage/emulated/0/.MATCH/data/2016-10-26/16-PDT.zip.uploaded"
"2016-10-29 00:27:01 PDT","I","test2@match_com","UploadManagerService","Processing data for hour /storage/emulated/0/.MATCH/data/2016-10-26/17-PDT.zip.uploaded"
"2016-10-29 00:27:01 PDT","I","test2@match_com","UploadManagerService","Processing data for hour /storage/emulated/0/.MATCH/data/2016-10-26/21-PDT.zip.uploaded"
"2016-10-29 00:27:01 PDT","I","test2@match_com","UploadManagerService","Processing data for hour /storage/emulated/0/.MATCH/data/2016-10-26/22-PDT.zip.uploaded"
"2016-10-29 00:27:01 PDT","I","test2@match_com","UploadManagerService","Processing data for hour /storage/emulated/0/.MATCH/data/2016-10-26/18-PDT.zip.uploaded"
"2016-10-29 00:27:01 PDT","I","test2@match_com","UploadManagerService","Processing data for hour /storage/emulated/0/.MATCH/data/2016-10-26/20-PDT.zip.uploaded"
"2016-10-29 00:27:01 PDT","I","test2@match_com","UploadManagerService","Processing data for hour /storage/emulated/0/.MATCH/data/2016-10-26/23-PDT.zip.uploaded"
"2016-10-29 00:27:01 PDT","I","test2@match_com","UploadManagerService","Processing data for date - /storage/emulated/0/.MATCH/data/2016-10-27"
"2016-10-29 00:27:01 PDT","I","test2@match_com","UploadManagerService","Processing data for hour /storage/emulated/0/.MATCH/data/2016-10-27/01-PDT.zip.uploaded"
"2016-10-29 00:27:01 PDT","I","test2@match_com","UploadManagerService","Processing data for hour /storage/emulated/0/.MATCH/data/2016-10-27/03-PDT.zip.uploaded"
"2016-10-29 00:27:01 PDT","I","test2@match_com","UploadManagerService","Processing data for hour /storage/emulated/0/.MATCH/data/2016-10-27/04-PDT.zip.uploaded"
"2016-10-29 00:27:01 PDT","I","test2@match_com","UploadManagerService","Processing data for hour /storage/emulated/0/.MATCH/data/2016-10-27/06-PDT.zip.uploaded"
"2016-10-29 00:27:01 PDT","I","test2@match_com","UploadManagerService","Processing data for hour /storage/emulated/0/.MATCH/data/2016-10-27/00-PDT.zip.uploaded"
"2016-10-29 00:27:01 PDT","I","test2@match_com","UploadManagerService","Processing data for hour /storage/emulated/0/.MATCH/data/2016-10-27/02-PDT.zip.uploaded"
"2016-10-29 00:27:01 PDT","I","test2@match_com","UploadManagerService","Processing data for hour /storage/emulated/0/.MATCH/data/2016-10-27/05-PDT.zip.uploaded"
"2016-10-29 00:27:01 PDT","I","test2@match_com","UploadManagerService","Processing data for date - /storage/emulated/0/.MATCH/data/2016-10-28"
"2016-10-29 00:27:01 PDT","I","test2@match_com","UploadManagerService","Processing data for hour /storage/emulated/0/.MATCH/data/2016-10-28/13-PDT.zip"
"2016-10-29 00:27:01 PDT","I","test2@match_com","UploadManagerService","Processing data for hour /storage/emulated/0/.MATCH/data/2016-10-28/14-PDT.zip"
"2016-10-29 00:27:01 PDT","I","test2@match_com","UploadManagerService","Processing data for hour /storage/emulated/0/.MATCH/data/2016-10-28/15-PDT.zip"
"2016-10-29 00:27:01 PDT","I","test2@match_com","UploadManagerService","Processing data for hour /storage/emulated/0/.MATCH/data/2016-10-28/16-PDT.zip"
"2016-10-29 00:27:01 PDT","I","test2@match_com","UploadManagerService","Processing data for hour /storage/emulated/0/.MATCH/data/2016-10-28/17-PDT.zip"
"2016-10-29 00:27:01 PDT","I","test2@match_com","UploadManagerService","Processing data for hour /storage/emulated/0/.MATCH/data/2016-10-28/18-PDT.zip"
"2016-10-29 00:27:01 PDT","I","test2@match_com","UploadManagerService","Processing data for hour /storage/emulated/0/.MATCH/data/2016-10-28/19-PDT.zip"
"2016-10-29 00:27:01 PDT","I","test2@match_com","UploadManagerService","Processing data for hour /storage/emulated/0/.MATCH/data/2016-10-28/20-PDT.zip"
"2016-10-29 00:27:01 PDT","I","test2@match_com","UploadManagerService","Processing data for hour /storage/emulated/0/.MATCH/data/2016-10-28/21-PDT.zip"
"2016-10-29 00:27:01 PDT","I","test2@match_com","UploadManagerService","Processing data for hour /storage/emulated/0/.MATCH/data/2016-10-28/22-PDT.zip"
"2016-10-29 00:27:01 PDT","I","test2@match_com","UploadManagerService","Processing data for hour /storage/emulated/0/.MATCH/data/2016-10-28/23-PDT.zip"
"2016-10-29 00:27:01 PDT","I","test2@match_com","UploadManagerService","Processing data for date - /storage/emulated/0/.MATCH/data/2016-10-29"
"2016-10-29 00:27:01 PDT","I","test2@match_com","UploadManagerService","Processing data for hour /storage/emulated/0/.MATCH/data/2016-10-29/00-PDT"
"2016-10-29 00:27:01 PDT","I","test2@match_com","UploadManagerService","Internet is not connected. Not trying to upload files."
"2016-10-29 00:27:01 PDT","I","test2@match_com","MinuteService","Inside onCreate"
"2016-10-29 00:27:01 PDT","I","test2@match_com","MinuteService","Minute Service Alarm was set by - MinuteService"
"2016-10-29 00:27:01 PDT","I","test2@match_com","MinuteService","Time since previous run - 4"
"2016-10-29 00:27:01 PDT","I","test2@match_com","MinuteService","Previous run within last 50 seconds, ignoring this run"
"2016-10-29 00:27:01 PDT","I","test2@match_com","UploadManagerService","Inside onDestroy"
"2016-10-29 00:27:01 PDT","I","test2@match_com","MinuteService","Inside onDestroy"
"2016-10-29 00:27:01 PDT","I","test2@match_com","BackupMinuteService","Inside onCreate"
"2016-10-29 00:27:01 PDT","I","test2@match_com","Util","Inside setBackupMinuteServiceAlarm"
"2016-10-29 00:27:01 PDT","I","test2@match_com","Util","BackupMinuteService last run at - Sat Oct 29 00:27:01 PDT 2016"
"2016-10-29 00:27:01 PDT","I","test2@match_com","Util","BackupMinuteService next run at - Sat Oct 29 00:28:01 PDT 2016"
"2016-10-29 00:27:01 PDT","I","test2@match_com","MinuteService","Inside onCreate"
"2016-10-29 00:27:01 PDT","I","test2@match_com","MinuteService","Minute Service Alarm was set by - MinuteService"
"2016-10-29 00:27:01 PDT","I","test2@match_com","MinuteService","Time since previous run - 5"
"2016-10-29 00:27:01 PDT","I","test2@match_com","MinuteService","Previous run within last 50 seconds, ignoring this run"
"2016-10-29 00:27:01 PDT","I","test2@match_com","BackupMinuteService","Inside onDestroy"
"2016-10-29 00:27:01 PDT","I","test2@match_com","MinuteService","Inside onDestroy"
"2016-10-29 00:27:01 PDT","I","test2@match_com","AlwaysOnService","Received Intent - android.intent.action.TIME_TICK"
"2016-10-29 00:27:23 PDT","I","test2@match_com","AlwaysOnService","Received Intent - android.intent.action.BATTERY_CHANGED"
"2016-10-29 00:27:36 PDT","I","test2@match_com","AlwaysOnService","Received Intent - android.intent.action.BATTERY_CHANGED"
"2016-10-29 00:27:56 PDT","I","test2@match_com","MinuteService","Inside onCreate"
"2016-10-29 00:27:56 PDT","I","test2@match_com","MinuteService","Minute Service Alarm was set by - MinuteService"
"2016-10-29 00:27:56 PDT","I","test2@match_com","MinuteService","Time since previous run - 60"
"2016-10-29 00:27:56 PDT","I","test2@match_com","MinuteService","Setting Minute Service Last Run"
"2016-10-29 00:27:56 PDT","I","test2@match_com","MinuteService","Setting Minute Service Alarm"
"2016-10-29 00:27:56 PDT","I","test2@match_com","Util","Inside setMinuteServiceAlarmFromMinuteService"
"2016-10-29 00:27:56 PDT","I","test2@match_com","Util","MinuteService last run at - Sat Oct 29 00:27:56 PDT 2016"
"2016-10-29 00:27:56 PDT","I","test2@match_com","Util","MinuteService next run at - Sat Oct 29 00:28:56 PDT 2016"
"2016-10-29 00:27:56 PDT","I","test2@match_com","MinuteService","Setting Minute Service Backup Alarm"
"2016-10-29 00:27:56 PDT","I","test2@match_com","Util","Inside setBackupMinuteServiceAlarm"
"2016-10-29 00:27:56 PDT","I","test2@match_com","Util","BackupMinuteService last run at - Sat Oct 29 00:27:01 PDT 2016"
"2016-10-29 00:27:56 PDT","I","test2@match_com","Util","BackupMinuteService next run at - Sat Oct 29 00:28:01 PDT 2016"
"2016-10-29 00:27:56 PDT","I","test2@match_com","MinuteService","Initializing MATCHConstants"
"2016-10-29 00:27:56 PDT","I","test2@match_com","MinuteService","Notifying user about minute service run"
"2016-10-29 00:27:56 PDT","I","test2@match_com","MinuteService","Writing status to Firebase Database"
"2016-10-29 00:27:57 PDT","I","test2@match_com","MinuteService","Logging Network Status"
"2016-10-29 00:27:57 PDT","I","test2@match_com","ConnectivityManager","isConnected - false - isWifi - false - isMobileInternet - false"
"2016-10-29 00:27:57 PDT","I","test2@match_com","MinuteService","Logging Battery Status"
"2016-10-29 00:27:57 PDT","I","test2@match_com","BatteryManager","Percentage - 85 - isCharging - true - isUSBCharging - false - isACCharging - true - isWirelessCharging - false"
"2016-10-29 00:27:57 PDT","I","test2@match_com","MinuteService","Logging Memory Status"
"2016-10-29 00:27:57 PDT","I","test2@match_com","MemoryManager","Total Memory,898,Available Memory,414,Threshold Memory,144,IsLowMemory,false"
"2016-10-29 00:27:57 PDT","I","test2@match_com","MinuteService","Logging Storage Status"
"2016-10-29 00:27:57 PDT","I","test2@match_com","StorageManager","Internal Total,2247,Internal Free,589,External Total,4637,External Free,3936"
"2016-10-29 00:27:57 PDT","I","test2@match_com","MinuteService","Logging Power Status"
"2016-10-29 00:27:57 PDT","I","test2@match_com","PowerManager","isDeviceIdleMode - false - isInteractive - false - isPowerSaveMode - false - isSustainedPerformanceModeSupported - false"
"2016-10-29 00:27:57 PDT","I","test2@match_com","MinuteService","Logging Notifications Status"
"2016-10-29 00:27:57 PDT","I","test2@match_com","NotificationManager","AreNotificationsEnabled - true - Importance - Unspecified"
"2016-10-29 00:27:57 PDT","I","test2@match_com","MinuteService","Logging Location"
"2016-10-29 00:27:57 PDT","I","test2@match_com","MinuteService","Fetching latest study data"
"2016-10-29 00:27:57 PDT","I","test2@match_com","MinuteService","Starting UploadManagerService"
"2016-10-29 00:27:57 PDT","I","test2@match_com","MinuteService","Starting SurveyManagerService"
"2016-10-29 00:27:57 PDT","I","test2@match_com","UploadManagerService","Inside onCreate"
"2016-10-29 00:27:57 PDT","I","test2@match_com","UploadManagerService","Processing Logs"
"2016-10-29 00:27:57 PDT","I","test2@match_com","UploadManagerService","Processing Logs for Date - /storage/emulated/0/.MATCH/logs/2016-10-26"
"2016-10-29 00:27:57 PDT","I","test2@match_com","UploadManagerService","Processing Logs for Date - /storage/emulated/0/.MATCH/logs/2016-10-27"
"2016-10-29 00:27:57 PDT","I","test2@match_com","UploadManagerService","Processing Logs for Date - /storage/emulated/0/.MATCH/logs/2016-10-28"
"2016-10-29 00:27:57 PDT","I","test2@match_com","UploadManagerService","Processing Logs for Date - /storage/emulated/0/.MATCH/logs/2016-10-29"
"2016-10-29 00:27:57 PDT","I","test2@match_com","UploadManagerService","Processing Surveys"
"2016-10-29 00:27:57 PDT","I","test2@match_com","UploadManagerService","Processing Data files"
"2016-10-29 00:27:57 PDT","I","test2@match_com","UploadManagerService","Processing data for date - /storage/emulated/0/.MATCH/data/2016-10-26"
"2016-10-29 00:27:57 PDT","I","test2@match_com","UploadManagerService","Processing data for hour /storage/emulated/0/.MATCH/data/2016-10-26/19-PDT.zip.uploaded"
"2016-10-29 00:27:57 PDT","I","test2@match_com","UploadManagerService","Processing data for hour /storage/emulated/0/.MATCH/data/2016-10-26/13-PDT.zip.uploaded"
"2016-10-29 00:27:57 PDT","I","test2@match_com","UploadManagerService","Processing data for hour /storage/emulated/0/.MATCH/data/2016-10-26/14-PDT.zip.uploaded"
"2016-10-29 00:27:57 PDT","I","test2@match_com","UploadManagerService","Processing data for hour /storage/emulated/0/.MATCH/data/2016-10-26/15-PDT.zip.uploaded"
"2016-10-29 00:27:57 PDT","I","test2@match_com","UploadManagerService","Processing data for hour /storage/emulated/0/.MATCH/data/2016-10-26/16-PDT.zip.uploaded"
"2016-10-29 00:27:57 PDT","I","test2@match_com","UploadManagerService","Processing data for hour /storage/emulated/0/.MATCH/data/2016-10-26/17-PDT.zip.uploaded"
"2016-10-29 00:27:57 PDT","I","test2@match_com","UploadManagerService","Processing data for hour /storage/emulated/0/.MATCH/data/2016-10-26/21-PDT.zip.uploaded"
"2016-10-29 00:27:57 PDT","I","test2@match_com","UploadManagerService","Processing data for hour /storage/emulated/0/.MATCH/data/2016-10-26/22-PDT.zip.uploaded"
"2016-10-29 00:27:57 PDT","I","test2@match_com","UploadManagerService","Processing data for hour /storage/emulated/0/.MATCH/data/2016-10-26/18-PDT.zip.uploaded"
"2016-10-29 00:27:57 PDT","I","test2@match_com","UploadManagerService","Processing data for hour /storage/emulated/0/.MATCH/data/2016-10-26/20-PDT.zip.uploaded"
"2016-10-29 00:27:57 PDT","I","test2@match_com","UploadManagerService","Processing data for hour /storage/emulated/0/.MATCH/data/2016-10-26/23-PDT.zip.uploaded"
"2016-10-29 00:27:57 PDT","I","test2@match_com","UploadManagerService","Processing data for date - /storage/emulated/0/.MATCH/data/2016-10-27"
"2016-10-29 00:27:57 PDT","I","test2@match_com","UploadManagerService","Processing data for hour /storage/emulated/0/.MATCH/data/2016-10-27/01-PDT.zip.uploaded"
"2016-10-29 00:27:57 PDT","I","test2@match_com","UploadManagerService","Processing data for hour /storage/emulated/0/.MATCH/data/2016-10-27/03-PDT.zip.uploaded"
"2016-10-29 00:27:57 PDT","I","test2@match_com","UploadManagerService","Processing data for hour /storage/emulated/0/.MATCH/data/2016-10-27/04-PDT.zip.uploaded"
"2016-10-29 00:27:57 PDT","I","test2@match_com","UploadManagerService","Processing data for hour /storage/emulated/0/.MATCH/data/2016-10-27/06-PDT.zip.uploaded"
"2016-10-29 00:27:57 PDT","I","test2@match_com","UploadManagerService","Processing data for hour /storage/emulated/0/.MATCH/data/2016-10-27/00-PDT.zip.uploaded"
"2016-10-29 00:27:57 PDT","I","test2@match_com","UploadManagerService","Processing data for hour /storage/emulated/0/.MATCH/data/2016-10-27/02-PDT.zip.uploaded"
"2016-10-29 00:27:57 PDT","I","test2@match_com","UploadManagerService","Processing data for hour /storage/emulated/0/.MATCH/data/2016-10-27/05-PDT.zip.uploaded"
"2016-10-29 00:27:57 PDT","I","test2@match_com","UploadManagerService","Processing data for date - /storage/emulated/0/.MATCH/data/2016-10-28"
"2016-10-29 00:27:57 PDT","I","test2@match_com","UploadManagerService","Processing data for hour /storage/emulated/0/.MATCH/data/2016-10-28/13-PDT.zip"
"2016-10-29 00:27:57 PDT","I","test2@match_com","UploadManagerService","Processing data for hour /storage/emulated/0/.MATCH/data/2016-10-28/14-PDT.zip"
"2016-10-29 00:27:57 PDT","I","test2@match_com","UploadManagerService","Processing data for hour /storage/emulated/0/.MATCH/data/2016-10-28/15-PDT.zip"
"2016-10-29 00:27:57 PDT","I","test2@match_com","UploadManagerService","Processing data for hour /storage/emulated/0/.MATCH/data/2016-10-28/16-PDT.zip"
"2016-10-29 00:27:57 PDT","I","test2@match_com","UploadManagerService","Processing data for hour /storage/emulated/0/.MATCH/data/2016-10-28/17-PDT.zip"
"2016-10-29 00:27:57 PDT","I","test2@match_com","UploadManagerService","Processing data for hour /storage/emulated/0/.MATCH/data/2016-10-28/18-PDT.zip"
"2016-10-29 00:27:57 PDT","I","test2@match_com","UploadManagerService","Processing data for hour /storage/emulated/0/.MATCH/data/2016-10-28/19-PDT.zip"
"2016-10-29 00:27:57 PDT","I","test2@match_com","UploadManagerService","Processing data for hour /storage/emulated/0/.MATCH/data/2016-10-28/20-PDT.zip"
"2016-10-29 00:27:57 PDT","I","test2@match_com","UploadManagerService","Processing data for hour /storage/emulated/0/.MATCH/data/2016-10-28/21-PDT.zip"
"2016-10-29 00:27:57 PDT","I","test2@match_com","UploadManagerService","Processing data for hour /storage/emulated/0/.MATCH/data/2016-10-28/22-PDT.zip"
"2016-10-29 00:27:57 PDT","I","test2@match_com","UploadManagerService","Processing data for hour /storage/emulated/0/.MATCH/data/2016-10-28/23-PDT.zip"
"2016-10-29 00:27:57 PDT","I","test2@match_com","UploadManagerService","Processing data for date - /storage/emulated/0/.MATCH/data/2016-10-29"
"2016-10-29 00:27:57 PDT","I","test2@match_com","UploadManagerService","Processing data for hour /storage/emulated/0/.MATCH/data/2016-10-29/00-PDT"
"2016-10-29 00:27:57 PDT","I","test2@match_com","UploadManagerService","Internet is not connected. Not trying to upload files."
"2016-10-29 00:27:57 PDT","I","test2@match_com","SurveyManagerService","Inside onCreate"
"2016-10-29 00:27:57 PDT","I","test2@match_com","SurveyManagerService","Current time is - Sat Oct 29 00:27:57 PDT 2016"
"2016-10-29 00:27:57 PDT","I","test2@match_com","SurveyManagerService","Start Date is - Tue Oct 25 19:00:00 PDT 2016"
"2016-10-29 00:27:57 PDT","I","test2@match_com","SurveyManagerService","End Date is - Tue Nov 01 16:00:00 PDT 2016"
"2016-10-29 00:27:57 PDT","I","test2@match_com","SurveyManagerService","Scheduling Survey for - KEY_EMA_0730TO0800_CHILD"
"2016-10-29 00:27:57 PDT","I","test2@match_com","SurveyManagerService","Survey KEY_EMA_0730TO0800_CHILD is already scheduled"
"2016-10-29 00:27:57 PDT","I","test2@match_com","SurveyManagerService","Scheduling Survey for - KEY_EMA_0930TO1000_CHILD"
"2016-10-29 00:27:57 PDT","I","test2@match_com","SurveyManagerService","Survey KEY_EMA_0930TO1000_CHILD is already scheduled"
"2016-10-29 00:27:57 PDT","I","test2@match_com","SurveyManagerService","Scheduling Survey for - KEY_EMA_1130TO1200_CHILD"
"2016-10-29 00:27:57 PDT","I","test2@match_com","SurveyManagerService","Survey KEY_EMA_1130TO1200_CHILD is already scheduled"
"2016-10-29 00:27:57 PDT","I","test2@match_com","SurveyManagerService","Scheduling Survey for - KEY_EMA_1330TO1400_CHILD"
"2016-10-29 00:27:57 PDT","I","test2@match_com","SurveyManagerService","Survey KEY_EMA_1330TO1400_CHILD is already scheduled"
"2016-10-29 00:27:57 PDT","I","test2@match_com","SurveyManagerService","Scheduling Survey for - KEY_EMA_1530TO1600_CHILD"
"2016-10-29 00:27:57 PDT","I","test2@match_com","SurveyManagerService","Survey KEY_EMA_1530TO1600_CHILD is already scheduled"
"2016-10-29 00:27:57 PDT","I","test2@match_com","SurveyManagerService","Scheduling Survey for - KEY_EMA_1730TO1800_CHILD"
"2016-10-29 00:27:57 PDT","I","test2@match_com","SurveyManagerService","Survey KEY_EMA_1730TO1800_CHILD is already scheduled"
"2016-10-29 00:27:57 PDT","I","test2@match_com","SurveyManagerService","Scheduling Survey for - KEY_EMA_1930TO2000_CHILD"
"2016-10-29 00:27:57 PDT","I","test2@match_com","SurveyManagerService","Survey KEY_EMA_1930TO2000_CHILD is already scheduled"
"2016-10-29 00:27:57 PDT","I","test2@match_com","SurveyManagerService","Saliva surveys are already scheduled"
"2016-10-29 00:27:57 PDT","I","test2@match_com","SurveyManagerService","Survey KEY_SALIVA_BEDTIME scheduled for Sat Oct 29 21:46:57 PDT 2016"
"2016-10-29 00:27:57 PDT","I","test2@match_com","SurveyManagerService","Survey Schedule for KEY_EMA_0730TO0800_CHILD is Sat Oct 29 07:47:17 PDT 2016"
"2016-10-29 00:27:57 PDT","I","test2@match_com","SurveyManagerService","Still not time to prompt the survey"
"2016-10-29 00:27:57 PDT","I","test2@match_com","SurveyManagerService","Survey Schedule for KEY_EMA_0930TO1000_CHILD is Sat Oct 29 09:57:24 PDT 2016"
"2016-10-29 00:27:57 PDT","I","test2@match_com","SurveyManagerService","Still not time to prompt the survey"
"2016-10-29 00:27:57 PDT","I","test2@match_com","SurveyManagerService","Survey Schedule for KEY_EMA_1130TO1200_CHILD is Sat Oct 29 11:45:10 PDT 2016"
"2016-10-29 00:27:57 PDT","I","test2@match_com","SurveyManagerService","Still not time to prompt the survey"
"2016-10-29 00:27:57 PDT","I","test2@match_com","SurveyManagerService","Survey Schedule for KEY_EMA_1330TO1400_CHILD is Sat Oct 29 13:44:02 PDT 2016"
"2016-10-29 00:27:57 PDT","I","test2@match_com","SurveyManagerService","Still not time to prompt the survey"
"2016-10-29 00:27:57 PDT","I","test2@match_com","SurveyManagerService","Survey Schedule for KEY_EMA_1530TO1600_CHILD is Sat Oct 29 15:33:41 PDT 2016"
"2016-10-29 00:27:57 PDT","I","test2@match_com","SurveyManagerService","Still not time to prompt the survey"
"2016-10-29 00:27:57 PDT","I","test2@match_com","SurveyManagerService","Survey Schedule for KEY_EMA_1730TO1800_CHILD is Sat Oct 29 17:47:43 PDT 2016"
"2016-10-29 00:27:57 PDT","I","test2@match_com","SurveyManagerService","Still not time to prompt the survey"
"2016-10-29 00:27:57 PDT","I","test2@match_com","SurveyManagerService","Survey Schedule for KEY_EMA_1930TO2000_CHILD is Sat Oct 29 19:36:11 PDT 2016"
"2016-10-29 00:27:57 PDT","I","test2@match_com","SurveyManagerService","Still not time to prompt the survey"
"2016-10-29 00:27:57 PDT","I","test2@match_com","SurveyManagerService","KEY_SALIVA_WAKING is scheduled for Sat Oct 29 06:46:56 PDT 2016"
"2016-10-29 00:27:57 PDT","I","test2@match_com","SurveyManagerService","Prompt KEY_SALIVA_WAKING is in the future - Sat Oct 29 06:46:56 PDT 2016"
"2016-10-29 00:27:57 PDT","I","test2@match_com","SurveyManagerService","KEY_SALIVA_WAKING_PLUS_30 is scheduled for Sat Oct 29 07:16:56 PDT 2016"
"2016-10-29 00:27:57 PDT","I","test2@match_com","SurveyManagerService","Prompt KEY_SALIVA_WAKING_PLUS_30 is in the future - Sat Oct 29 07:16:56 PDT 2016"
"2016-10-29 00:27:57 PDT","I","test2@match_com","SurveyManagerService","KEY_SALIVA_AFTERNOON_4TO430_CHILD is scheduled for Sat Oct 29 16:16:27 PDT 2016"
"2016-10-29 00:27:57 PDT","I","test2@match_com","SurveyManagerService","Prompt KEY_SALIVA_AFTERNOON_4TO430_CHILD is in the future - Sat Oct 29 16:16:27 PDT 2016"
"2016-10-29 00:27:57 PDT","I","test2@match_com","SurveyManagerService","KEY_SALIVA_BEDTIME is scheduled for Sat Oct 29 21:46:57 PDT 2016"
"2016-10-29 00:27:57 PDT","I","test2@match_com","SurveyManagerService","Prompt KEY_SALIVA_BEDTIME is in the future - Sat Oct 29 21:46:57 PDT 2016"
"2016-10-29 00:27:57 PDT","I","test2@match_com","MinuteService","Inside onDestroy"
"2016-10-29 00:27:57 PDT","I","test2@match_com","UploadManagerService","Inside onDestroy"
"2016-10-29 00:27:57 PDT","I","test2@match_com","SurveyManagerService","Inside onDestroy"
"2016-10-29 00:27:57 PDT","I","test2@match_com","Zipper","unzipFileWithEncryption"
"2016-10-29 00:27:57 PDT","I","test2@match_com","Zipper","Deleting File - /storage/emulated/0/.MATCH/data/2016-10-29/00-PDT/GPS.csv.zip"
"2016-10-29 00:27:57 PDT","I","test2@match_com","Zipper","zipFileWithEncryption - /storage/emulated/0/.MATCH/data/2016-10-29/00-PDT/GPS.csv"
"2016-10-29 00:27:57 PDT","I","test2@match_com","Zipper","Creating ZipFile - /storage/emulated/0/.MATCH/data/2016-10-29/00-PDT/GPS.csv.zip"
"2016-10-29 00:27:58 PDT","I","test2@match_com","Zipper","Deleting File - /storage/emulated/0/.MATCH/data/2016-10-29/00-PDT/GPS.csv"
"2016-10-29 00:28:01 PDT","I","test2@match_com","UploadManagerService","Inside onCreate"
"2016-10-29 00:28:01 PDT","I","test2@match_com","UploadManagerService","Processing Logs"
"2016-10-29 00:28:01 PDT","I","test2@match_com","UploadManagerService","Processing Logs for Date - /storage/emulated/0/.MATCH/logs/2016-10-26"
"2016-10-29 00:28:01 PDT","I","test2@match_com","UploadManagerService","Processing Logs for Date - /storage/emulated/0/.MATCH/logs/2016-10-27"
"2016-10-29 00:28:01 PDT","I","test2@match_com","UploadManagerService","Processing Logs for Date - /storage/emulated/0/.MATCH/logs/2016-10-28"
"2016-10-29 00:28:01 PDT","I","test2@match_com","UploadManagerService","Processing Logs for Date - /storage/emulated/0/.MATCH/logs/2016-10-29"
"2016-10-29 00:28:01 PDT","I","test2@match_com","UploadManagerService","Processing Surveys"
"2016-10-29 00:28:01 PDT","I","test2@match_com","UploadManagerService","Processing Data files"
"2016-10-29 00:28:01 PDT","I","test2@match_com","UploadManagerService","Processing data for date - /storage/emulated/0/.MATCH/data/2016-10-26"
"2016-10-29 00:28:01 PDT","I","test2@match_com","UploadManagerService","Processing data for hour /storage/emulated/0/.MATCH/data/2016-10-26/19-PDT.zip.uploaded"
"2016-10-29 00:28:01 PDT","I","test2@match_com","UploadManagerService","Processing data for hour /storage/emulated/0/.MATCH/data/2016-10-26/13-PDT.zip.uploaded"
"2016-10-29 00:28:01 PDT","I","test2@match_com","UploadManagerService","Processing data for hour /storage/emulated/0/.MATCH/data/2016-10-26/14-PDT.zip.uploaded"
"2016-10-29 00:28:01 PDT","I","test2@match_com","UploadManagerService","Processing data for hour /storage/emulated/0/.MATCH/data/2016-10-26/15-PDT.zip.uploaded"
"2016-10-29 00:28:01 PDT","I","test2@match_com","UploadManagerService","Processing data for hour /storage/emulated/0/.MATCH/data/2016-10-26/16-PDT.zip.uploaded"
"2016-10-29 00:28:01 PDT","I","test2@match_com","UploadManagerService","Processing data for hour /storage/emulated/0/.MATCH/data/2016-10-26/17-PDT.zip.uploaded"
"2016-10-29 00:28:01 PDT","I","test2@match_com","UploadManagerService","Processing data for hour /storage/emulated/0/.MATCH/data/2016-10-26/21-PDT.zip.uploaded"
"2016-10-29 00:28:01 PDT","I","test2@match_com","UploadManagerService","Processing data for hour /storage/emulated/0/.MATCH/data/2016-10-26/22-PDT.zip.uploaded"
"2016-10-29 00:28:01 PDT","I","test2@match_com","UploadManagerService","Processing data for hour /storage/emulated/0/.MATCH/data/2016-10-26/18-PDT.zip.uploaded"
"2016-10-29 00:28:01 PDT","I","test2@match_com","UploadManagerService","Processing data for hour /storage/emulated/0/.MATCH/data/2016-10-26/20-PDT.zip.uploaded"
"2016-10-29 00:28:01 PDT","I","test2@match_com","UploadManagerService","Processing data for hour /storage/emulated/0/.MATCH/data/2016-10-26/23-PDT.zip.uploaded"
"2016-10-29 00:28:01 PDT","I","test2@match_com","UploadManagerService","Processing data for date - /storage/emulated/0/.MATCH/data/2016-10-27"
"2016-10-29 00:28:01 PDT","I","test2@match_com","UploadManagerService","Processing data for hour /storage/emulated/0/.MATCH/data/2016-10-27/01-PDT.zip.uploaded"
"2016-10-29 00:28:01 PDT","I","test2@match_com","UploadManagerService","Processing data for hour /storage/emulated/0/.MATCH/data/2016-10-27/03-PDT.zip.uploaded"
"2016-10-29 00:28:01 PDT","I","test2@match_com","UploadManagerService","Processing data for hour /storage/emulated/0/.MATCH/data/2016-10-27/04-PDT.zip.uploaded"
"2016-10-29 00:28:01 PDT","I","test2@match_com","UploadManagerService","Processing data for hour /storage/emulated/0/.MATCH/data/2016-10-27/06-PDT.zip.uploaded"
"2016-10-29 00:28:01 PDT","I","test2@match_com","UploadManagerService","Processing data for hour /storage/emulated/0/.MATCH/data/2016-10-27/00-PDT.zip.uploaded"
"2016-10-29 00:28:01 PDT","I","test2@match_com","UploadManagerService","Processing data for hour /storage/emulated/0/.MATCH/data/2016-10-27/02-PDT.zip.uploaded"
"2016-10-29 00:28:01 PDT","I","test2@match_com","UploadManagerService","Processing data for hour /storage/emulated/0/.MATCH/data/2016-10-27/05-PDT.zip.uploaded"
"2016-10-29 00:28:01 PDT","I","test2@match_com","UploadManagerService","Processing data for date - /storage/emulated/0/.MATCH/data/2016-10-28"
"2016-10-29 00:28:01 PDT","I","test2@match_com","UploadManagerService","Processing data for hour /storage/emulated/0/.MATCH/data/2016-10-28/13-PDT.zip"
"2016-10-29 00:28:01 PDT","I","test2@match_com","UploadManagerService","Processing data for hour /storage/emulated/0/.MATCH/data/2016-10-28/14-PDT.zip"
"2016-10-29 00:28:01 PDT","I","test2@match_com","UploadManagerService","Processing data for hour /storage/emulated/0/.MATCH/data/2016-10-28/15-PDT.zip"
"2016-10-29 00:28:01 PDT","I","test2@match_com","UploadManagerService","Processing data for hour /storage/emulated/0/.MATCH/data/2016-10-28/16-PDT.zip"
"2016-10-29 00:28:01 PDT","I","test2@match_com","UploadManagerService","Processing data for hour /storage/emulated/0/.MATCH/data/2016-10-28/17-PDT.zip"
"2016-10-29 00:28:01 PDT","I","test2@match_com","UploadManagerService","Processing data for hour /storage/emulated/0/.MATCH/data/2016-10-28/18-PDT.zip"
"2016-10-29 00:28:01 PDT","I","test2@match_com","UploadManagerService","Processing data for hour /storage/emulated/0/.MATCH/data/2016-10-28/19-PDT.zip"
"2016-10-29 00:28:01 PDT","I","test2@match_com","UploadManagerService","Processing data for hour /storage/emulated/0/.MATCH/data/2016-10-28/20-PDT.zip"
"2016-10-29 00:28:01 PDT","I","test2@match_com","UploadManagerService","Processing data for hour /storage/emulated/0/.MATCH/data/2016-10-28/21-PDT.zip"
"2016-10-29 00:28:01 PDT","I","test2@match_com","UploadManagerService","Processing data for hour /storage/emulated/0/.MATCH/data/2016-10-28/22-PDT.zip"
"2016-10-29 00:28:01 PDT","I","test2@match_com","UploadManagerService","Processing data for hour /storage/emulated/0/.MATCH/data/2016-10-28/23-PDT.zip"
"2016-10-29 00:28:01 PDT","I","test2@match_com","UploadManagerService","Processing data for date - /storage/emulated/0/.MATCH/data/2016-10-29"
"2016-10-29 00:28:01 PDT","I","test2@match_com","UploadManagerService","Processing data for hour /storage/emulated/0/.MATCH/data/2016-10-29/00-PDT"
"2016-10-29 00:28:01 PDT","I","test2@match_com","UploadManagerService","Internet is not connected. Not trying to upload files."
"2016-10-29 00:28:01 PDT","I","test2@match_com","MinuteService","Inside onCreate"
"2016-10-29 00:28:01 PDT","I","test2@match_com","MinuteService","Minute Service Alarm was set by - MinuteService"
"2016-10-29 00:28:01 PDT","I","test2@match_com","MinuteService","Time since previous run - 4"
"2016-10-29 00:28:01 PDT","I","test2@match_com","MinuteService","Previous run within last 50 seconds, ignoring this run"
"2016-10-29 00:28:01 PDT","I","test2@match_com","UploadManagerService","Inside onDestroy"
"2016-10-29 00:28:01 PDT","I","test2@match_com","MinuteService","Inside onDestroy"
"2016-10-29 00:28:01 PDT","I","test2@match_com","BackupMinuteService","Inside onCreate"
"2016-10-29 00:28:01 PDT","I","test2@match_com","Util","Inside setBackupMinuteServiceAlarm"
"2016-10-29 00:28:01 PDT","I","test2@match_com","Util","BackupMinuteService last run at - Sat Oct 29 00:28:01 PDT 2016"
"2016-10-29 00:28:01 PDT","I","test2@match_com","Util","BackupMinuteService next run at - Sat Oct 29 00:29:01 PDT 2016"
"2016-10-29 00:28:01 PDT","I","test2@match_com","MinuteService","Inside onCreate"
"2016-10-29 00:28:01 PDT","I","test2@match_com","MinuteService","Minute Service Alarm was set by - MinuteService"
"2016-10-29 00:28:01 PDT","I","test2@match_com","MinuteService","Time since previous run - 5"
"2016-10-29 00:28:01 PDT","I","test2@match_com","MinuteService","Previous run within last 50 seconds, ignoring this run"
"2016-10-29 00:28:01 PDT","I","test2@match_com","BackupMinuteService","Inside onDestroy"
"2016-10-29 00:28:01 PDT","I","test2@match_com","MinuteService","Inside onDestroy"
"2016-10-29 00:28:02 PDT","I","test2@match_com","AlwaysOnService","Received Intent - android.intent.action.TIME_TICK"
"2016-10-29 00:28:36 PDT","I","test2@match_com","AlwaysOnService","Received Intent - android.intent.action.BATTERY_CHANGED"
"2016-10-29 00:28:40 PDT","I","test2@match_com","AlwaysOnService","Received Intent - android.intent.action.BATTERY_CHANGED"
"2016-10-29 00:28:56 PDT","I","test2@match_com","MinuteService","Inside onCreate"
"2016-10-29 00:28:56 PDT","I","test2@match_com","MinuteService","Minute Service Alarm was set by - MinuteService"
"2016-10-29 00:28:56 PDT","I","test2@match_com","MinuteService","Time since previous run - 60"
"2016-10-29 00:28:56 PDT","I","test2@match_com","MinuteService","Setting Minute Service Last Run"
"2016-10-29 00:28:56 PDT","I","test2@match_com","MinuteService","Setting Minute Service Alarm"
"2016-10-29 00:28:56 PDT","I","test2@match_com","Util","Inside setMinuteServiceAlarmFromMinuteService"
"2016-10-29 00:28:56 PDT","I","test2@match_com","Util","MinuteService last run at - Sat Oct 29 00:28:56 PDT 2016"
"2016-10-29 00:28:56 PDT","I","test2@match_com","Util","MinuteService next run at - Sat Oct 29 00:29:56 PDT 2016"
"2016-10-29 00:28:56 PDT","I","test2@match_com","MinuteService","Setting Minute Service Backup Alarm"
"2016-10-29 00:28:56 PDT","I","test2@match_com","Util","Inside setBackupMinuteServiceAlarm"
"2016-10-29 00:28:56 PDT","I","test2@match_com","Util","BackupMinuteService last run at - Sat Oct 29 00:28:01 PDT 2016"
"2016-10-29 00:28:56 PDT","I","test2@match_com","Util","BackupMinuteService next run at - Sat Oct 29 00:29:01 PDT 2016"
"2016-10-29 00:28:56 PDT","I","test2@match_com","MinuteService","Initializing MATCHConstants"
"2016-10-29 00:28:56 PDT","I","test2@match_com","MinuteService","Notifying user about minute service run"
"2016-10-29 00:28:56 PDT","I","test2@match_com","MinuteService","Writing status to Firebase Database"
"2016-10-29 00:28:57 PDT","I","test2@match_com","MinuteService","Logging Network Status"
"2016-10-29 00:28:57 PDT","I","test2@match_com","ConnectivityManager","isConnected - false - isWifi - false - isMobileInternet - false"
"2016-10-29 00:28:57 PDT","I","test2@match_com","MinuteService","Logging Battery Status"
"2016-10-29 00:28:57 PDT","I","test2@match_com","BatteryManager","Percentage - 86 - isCharging - true - isUSBCharging - false - isACCharging - true - isWirelessCharging - false"
"2016-10-29 00:28:57 PDT","I","test2@match_com","MinuteService","Logging Memory Status"
"2016-10-29 00:28:57 PDT","I","test2@match_com","MemoryManager","Total Memory,898,Available Memory,416,Threshold Memory,144,IsLowMemory,false"
"2016-10-29 00:28:57 PDT","I","test2@match_com","MinuteService","Logging Storage Status"
"2016-10-29 00:28:57 PDT","I","test2@match_com","StorageManager","Internal Total,2247,Internal Free,589,External Total,4637,External Free,3936"
"2016-10-29 00:28:57 PDT","I","test2@match_com","MinuteService","Logging Power Status"
"2016-10-29 00:28:57 PDT","I","test2@match_com","PowerManager","isDeviceIdleMode - false - isInteractive - false - isPowerSaveMode - false - isSustainedPerformanceModeSupported - false"
"2016-10-29 00:28:57 PDT","I","test2@match_com","MinuteService","Logging Notifications Status"
"2016-10-29 00:28:57 PDT","I","test2@match_com","NotificationManager","AreNotificationsEnabled - true - Importance - Unspecified"
"2016-10-29 00:28:57 PDT","I","test2@match_com","MinuteService","Logging Location"
"2016-10-29 00:28:57 PDT","I","test2@match_com","MinuteService","Fetching latest study data"
"2016-10-29 00:28:57 PDT","I","test2@match_com","MinuteService","Starting UploadManagerService"
"2016-10-29 00:28:57 PDT","I","test2@match_com","MinuteService","Starting SurveyManagerService"
"2016-10-29 00:28:57 PDT","I","test2@match_com","UploadManagerService","Inside onCreate"
"2016-10-29 00:28:57 PDT","I","test2@match_com","UploadManagerService","Processing Logs"
"2016-10-29 00:28:57 PDT","I","test2@match_com","UploadManagerService","Processing Logs for Date - /storage/emulated/0/.MATCH/logs/2016-10-26"
"2016-10-29 00:28:57 PDT","I","test2@match_com","UploadManagerService","Processing Logs for Date - /storage/emulated/0/.MATCH/logs/2016-10-27"
"2016-10-29 00:28:57 PDT","I","test2@match_com","UploadManagerService","Processing Logs for Date - /storage/emulated/0/.MATCH/logs/2016-10-28"
"2016-10-29 00:28:57 PDT","I","test2@match_com","UploadManagerService","Processing Logs for Date - /storage/emulated/0/.MATCH/logs/2016-10-29"
"2016-10-29 00:28:57 PDT","I","test2@match_com","UploadManagerService","Processing Surveys"
"2016-10-29 00:28:57 PDT","I","test2@match_com","UploadManagerService","Processing Data files"
"2016-10-29 00:28:57 PDT","I","test2@match_com","UploadManagerService","Processing data for date - /storage/emulated/0/.MATCH/data/2016-10-26"
"2016-10-29 00:28:57 PDT","I","test2@match_com","UploadManagerService","Processing data for hour /storage/emulated/0/.MATCH/data/2016-10-26/19-PDT.zip.uploaded"
"2016-10-29 00:28:57 PDT","I","test2@match_com","UploadManagerService","Processing data for hour /storage/emulated/0/.MATCH/data/2016-10-26/13-PDT.zip.uploaded"
"2016-10-29 00:28:57 PDT","I","test2@match_com","UploadManagerService","Processing data for hour /storage/emulated/0/.MATCH/data/2016-10-26/14-PDT.zip.uploaded"
"2016-10-29 00:28:57 PDT","I","test2@match_com","UploadManagerService","Processing data for hour /storage/emulated/0/.MATCH/data/2016-10-26/15-PDT.zip.uploaded"
"2016-10-29 00:28:57 PDT","I","test2@match_com","UploadManagerService","Processing data for hour /storage/emulated/0/.MATCH/data/2016-10-26/16-PDT.zip.uploaded"
"2016-10-29 00:28:57 PDT","I","test2@match_com","UploadManagerService","Processing data for hour /storage/emulated/0/.MATCH/data/2016-10-26/17-PDT.zip.uploaded"
"2016-10-29 00:28:57 PDT","I","test2@match_com","UploadManagerService","Processing data for hour /storage/emulated/0/.MATCH/data/2016-10-26/21-PDT.zip.uploaded"
"2016-10-29 00:28:57 PDT","I","test2@match_com","UploadManagerService","Processing data for hour /storage/emulated/0/.MATCH/data/2016-10-26/22-PDT.zip.uploaded"
"2016-10-29 00:28:57 PDT","I","test2@match_com","UploadManagerService","Processing data for hour /storage/emulated/0/.MATCH/data/2016-10-26/18-PDT.zip.uploaded"
"2016-10-29 00:28:57 PDT","I","test2@match_com","UploadManagerService","Processing data for hour /storage/emulated/0/.MATCH/data/2016-10-26/20-PDT.zip.uploaded"
"2016-10-29 00:28:57 PDT","I","test2@match_com","UploadManagerService","Processing data for hour /storage/emulated/0/.MATCH/data/2016-10-26/23-PDT.zip.uploaded"
"2016-10-29 00:28:57 PDT","I","test2@match_com","UploadManagerService","Processing data for date - /storage/emulated/0/.MATCH/data/2016-10-27"
"2016-10-29 00:28:57 PDT","I","test2@match_com","UploadManagerService","Processing data for hour /storage/emulated/0/.MATCH/data/2016-10-27/01-PDT.zip.uploaded"
"2016-10-29 00:28:57 PDT","I","test2@match_com","UploadManagerService","Processing data for hour /storage/emulated/0/.MATCH/data/2016-10-27/03-PDT.zip.uploaded"
"2016-10-29 00:28:57 PDT","I","test2@match_com","UploadManagerService","Processing data for hour /storage/emulated/0/.MATCH/data/2016-10-27/04-PDT.zip.uploaded"
"2016-10-29 00:28:57 PDT","I","test2@match_com","UploadManagerService","Processing data for hour /storage/emulated/0/.MATCH/data/2016-10-27/06-PDT.zip.uploaded"
"2016-10-29 00:28:57 PDT","I","test2@match_com","UploadManagerService","Processing data for hour /storage/emulated/0/.MATCH/data/2016-10-27/00-PDT.zip.uploaded"
"2016-10-29 00:28:57 PDT","I","test2@match_com","UploadManagerService","Processing data for hour /storage/emulated/0/.MATCH/data/2016-10-27/02-PDT.zip.uploaded"
"2016-10-29 00:28:57 PDT","I","test2@match_com","UploadManagerService","Processing data for hour /storage/emulated/0/.MATCH/data/2016-10-27/05-PDT.zip.uploaded"
"2016-10-29 00:28:57 PDT","I","test2@match_com","UploadManagerService","Processing data for date - /storage/emulated/0/.MATCH/data/2016-10-28"
"2016-10-29 00:28:57 PDT","I","test2@match_com","UploadManagerService","Processing data for hour /storage/emulated/0/.MATCH/data/2016-10-28/13-PDT.zip"
"2016-10-29 00:28:57 PDT","I","test2@match_com","UploadManagerService","Processing data for hour /storage/emulated/0/.MATCH/data/2016-10-28/14-PDT.zip"
"2016-10-29 00:28:57 PDT","I","test2@match_com","UploadManagerService","Processing data for hour /storage/emulated/0/.MATCH/data/2016-10-28/15-PDT.zip"
"2016-10-29 00:28:57 PDT","I","test2@match_com","UploadManagerService","Processing data for hour /storage/emulated/0/.MATCH/data/2016-10-28/16-PDT.zip"
"2016-10-29 00:28:57 PDT","I","test2@match_com","UploadManagerService","Processing data for hour /storage/emulated/0/.MATCH/data/2016-10-28/17-PDT.zip"
"2016-10-29 00:28:57 PDT","I","test2@match_com","UploadManagerService","Processing data for hour /storage/emulated/0/.MATCH/data/2016-10-28/18-PDT.zip"
"2016-10-29 00:28:57 PDT","I","test2@match_com","UploadManagerService","Processing data for hour /storage/emulated/0/.MATCH/data/2016-10-28/19-PDT.zip"
"2016-10-29 00:28:57 PDT","I","test2@match_com","UploadManagerService","Processing data for hour /storage/emulated/0/.MATCH/data/2016-10-28/20-PDT.zip"
"2016-10-29 00:28:57 PDT","I","test2@match_com","UploadManagerService","Processing data for hour /storage/emulated/0/.MATCH/data/2016-10-28/21-PDT.zip"
"2016-10-29 00:28:57 PDT","I","test2@match_com","UploadManagerService","Processing data for hour /storage/emulated/0/.MATCH/data/2016-10-28/22-PDT.zip"
"2016-10-29 00:28:57 PDT","I","test2@match_com","UploadManagerService","Processing data for hour /storage/emulated/0/.MATCH/data/2016-10-28/23-PDT.zip"
"2016-10-29 00:28:57 PDT","I","test2@match_com","UploadManagerService","Processing data for date - /storage/emulated/0/.MATCH/data/2016-10-29"
"2016-10-29 00:28:57 PDT","I","test2@match_com","UploadManagerService","Processing data for hour /storage/emulated/0/.MATCH/data/2016-10-29/00-PDT"
"2016-10-29 00:28:57 PDT","I","test2@match_com","UploadManagerService","Internet is not connected. Not trying to upload files."
"2016-10-29 00:28:57 PDT","I","test2@match_com","SurveyManagerService","Inside onCreate"
"2016-10-29 00:28:57 PDT","I","test2@match_com","SurveyManagerService","Current time is - Sat Oct 29 00:28:57 PDT 2016"
"2016-10-29 00:28:57 PDT","I","test2@match_com","SurveyManagerService","Start Date is - Tue Oct 25 19:00:00 PDT 2016"
"2016-10-29 00:28:57 PDT","I","test2@match_com","SurveyManagerService","End Date is - Tue Nov 01 16:00:00 PDT 2016"
"2016-10-29 00:28:57 PDT","I","test2@match_com","SurveyManagerService","Scheduling Survey for - KEY_EMA_0730TO0800_CHILD"
"2016-10-29 00:28:57 PDT","I","test2@match_com","SurveyManagerService","Survey KEY_EMA_0730TO0800_CHILD is already scheduled"
"2016-10-29 00:28:57 PDT","I","test2@match_com","SurveyManagerService","Scheduling Survey for - KEY_EMA_0930TO1000_CHILD"
"2016-10-29 00:28:57 PDT","I","test2@match_com","SurveyManagerService","Survey KEY_EMA_0930TO1000_CHILD is already scheduled"
"2016-10-29 00:28:57 PDT","I","test2@match_com","SurveyManagerService","Scheduling Survey for - KEY_EMA_1130TO1200_CHILD"
"2016-10-29 00:28:57 PDT","I","test2@match_com","SurveyManagerService","Survey KEY_EMA_1130TO1200_CHILD is already scheduled"
"2016-10-29 00:28:57 PDT","I","test2@match_com","SurveyManagerService","Scheduling Survey for - KEY_EMA_1330TO1400_CHILD"
"2016-10-29 00:28:57 PDT","I","test2@match_com","SurveyManagerService","Survey KEY_EMA_1330TO1400_CHILD is already scheduled"
"2016-10-29 00:28:57 PDT","I","test2@match_com","SurveyManagerService","Scheduling Survey for - KEY_EMA_1530TO1600_CHILD"
"2016-10-29 00:28:57 PDT","I","test2@match_com","SurveyManagerService","Survey KEY_EMA_1530TO1600_CHILD is already scheduled"
"2016-10-29 00:28:57 PDT","I","test2@match_com","SurveyManagerService","Scheduling Survey for - KEY_EMA_1730TO1800_CHILD"
"2016-10-29 00:28:57 PDT","I","test2@match_com","SurveyManagerService","Survey KEY_EMA_1730TO1800_CHILD is already scheduled"
"2016-10-29 00:28:57 PDT","I","test2@match_com","SurveyManagerService","Scheduling Survey for - KEY_EMA_1930TO2000_CHILD"
"2016-10-29 00:28:57 PDT","I","test2@match_com","SurveyManagerService","Survey KEY_EMA_1930TO2000_CHILD is already scheduled"
"2016-10-29 00:28:57 PDT","I","test2@match_com","SurveyManagerService","Saliva surveys are already scheduled"
"2016-10-29 00:28:57 PDT","I","test2@match_com","SurveyManagerService","Survey KEY_SALIVA_BEDTIME scheduled for Sat Oct 29 21:46:57 PDT 2016"
"2016-10-29 00:28:57 PDT","I","test2@match_com","SurveyManagerService","Survey Schedule for KEY_EMA_0730TO0800_CHILD is Sat Oct 29 07:47:17 PDT 2016"
"2016-10-29 00:28:57 PDT","I","test2@match_com","SurveyManagerService","Still not time to prompt the survey"
"2016-10-29 00:28:57 PDT","I","test2@match_com","SurveyManagerService","Survey Schedule for KEY_EMA_0930TO1000_CHILD is Sat Oct 29 09:57:24 PDT 2016"
"2016-10-29 00:28:57 PDT","I","test2@match_com","SurveyManagerService","Still not time to prompt the survey"
"2016-10-29 00:28:57 PDT","I","test2@match_com","SurveyManagerService","Survey Schedule for KEY_EMA_1130TO1200_CHILD is Sat Oct 29 11:45:10 PDT 2016"
"2016-10-29 00:28:57 PDT","I","test2@match_com","SurveyManagerService","Still not time to prompt the survey"
"2016-10-29 00:28:57 PDT","I","test2@match_com","SurveyManagerService","Survey Schedule for KEY_EMA_1330TO1400_CHILD is Sat Oct 29 13:44:02 PDT 2016"
"2016-10-29 00:28:57 PDT","I","test2@match_com","SurveyManagerService","Still not time to prompt the survey"
"2016-10-29 00:28:57 PDT","I","test2@match_com","SurveyManagerService","Survey Schedule for KEY_EMA_1530TO1600_CHILD is Sat Oct 29 15:33:41 PDT 2016"
"2016-10-29 00:28:57 PDT","I","test2@match_com","SurveyManagerService","Still not time to prompt the survey"
"2016-10-29 00:28:57 PDT","I","test2@match_com","SurveyManagerService","Survey Schedule for KEY_EMA_1730TO1800_CHILD is Sat Oct 29 17:47:43 PDT 2016"
"2016-10-29 00:28:57 PDT","I","test2@match_com","SurveyManagerService","Still not time to prompt the survey"
"2016-10-29 00:28:57 PDT","I","test2@match_com","SurveyManagerService","Survey Schedule for KEY_EMA_1930TO2000_CHILD is Sat Oct 29 19:36:11 PDT 2016"
"2016-10-29 00:28:57 PDT","I","test2@match_com","SurveyManagerService","Still not time to prompt the survey"
"2016-10-29 00:28:57 PDT","I","test2@match_com","SurveyManagerService","KEY_SALIVA_WAKING is scheduled for Sat Oct 29 06:46:56 PDT 2016"
"2016-10-29 00:28:57 PDT","I","test2@match_com","SurveyManagerService","Prompt KEY_SALIVA_WAKING is in the future - Sat Oct 29 06:46:56 PDT 2016"
"2016-10-29 00:28:57 PDT","I","test2@match_com","SurveyManagerService","KEY_SALIVA_WAKING_PLUS_30 is scheduled for Sat Oct 29 07:16:56 PDT 2016"
"2016-10-29 00:28:57 PDT","I","test2@match_com","SurveyManagerService","Prompt KEY_SALIVA_WAKING_PLUS_30 is in the future - Sat Oct 29 07:16:56 PDT 2016"
"2016-10-29 00:28:57 PDT","I","test2@match_com","SurveyManagerService","KEY_SALIVA_AFTERNOON_4TO430_CHILD is scheduled for Sat Oct 29 16:16:27 PDT 2016"
"2016-10-29 00:28:57 PDT","I","test2@match_com","SurveyManagerService","Prompt KEY_SALIVA_AFTERNOON_4TO430_CHILD is in the future - Sat Oct 29 16:16:27 PDT 2016"
"2016-10-29 00:28:57 PDT","I","test2@match_com","SurveyManagerService","KEY_SALIVA_BEDTIME is scheduled for Sat Oct 29 21:46:57 PDT 2016"
"2016-10-29 00:28:57 PDT","I","test2@match_com","SurveyManagerService","Prompt KEY_SALIVA_BEDTIME is in the future - Sat Oct 29 21:46:57 PDT 2016"
"2016-10-29 00:28:57 PDT","I","test2@match_com","MinuteService","Inside onDestroy"
"2016-10-29 00:28:57 PDT","I","test2@match_com","UploadManagerService","Inside onDestroy"
"2016-10-29 00:28:57 PDT","I","test2@match_com","SurveyManagerService","Inside onDestroy"
"2016-10-29 00:28:57 PDT","I","test2@match_com","Zipper","unzipFileWithEncryption"
"2016-10-29 00:28:57 PDT","I","test2@match_com","Zipper","Deleting File - /storage/emulated/0/.MATCH/data/2016-10-29/00-PDT/GPS.csv.zip"
"2016-10-29 00:28:57 PDT","I","test2@match_com","Zipper","zipFileWithEncryption - /storage/emulated/0/.MATCH/data/2016-10-29/00-PDT/GPS.csv"
"2016-10-29 00:28:57 PDT","I","test2@match_com","Zipper","Creating ZipFile - /storage/emulated/0/.MATCH/data/2016-10-29/00-PDT/GPS.csv.zip"
"2016-10-29 00:28:58 PDT","I","test2@match_com","Zipper","Deleting File - /storage/emulated/0/.MATCH/data/2016-10-29/00-PDT/GPS.csv"
"2016-10-29 00:29:01 PDT","I","test2@match_com","UploadManagerService","Inside onCreate"
"2016-10-29 00:29:01 PDT","I","test2@match_com","UploadManagerService","Processing Logs"
"2016-10-29 00:29:01 PDT","I","test2@match_com","UploadManagerService","Processing Logs for Date - /storage/emulated/0/.MATCH/logs/2016-10-26"
"2016-10-29 00:29:01 PDT","I","test2@match_com","UploadManagerService","Processing Logs for Date - /storage/emulated/0/.MATCH/logs/2016-10-27"
"2016-10-29 00:29:01 PDT","I","test2@match_com","UploadManagerService","Processing Logs for Date - /storage/emulated/0/.MATCH/logs/2016-10-28"
"2016-10-29 00:29:01 PDT","I","test2@match_com","UploadManagerService","Processing Logs for Date - /storage/emulated/0/.MATCH/logs/2016-10-29"
"2016-10-29 00:29:01 PDT","I","test2@match_com","UploadManagerService","Processing Surveys"
"2016-10-29 00:29:01 PDT","I","test2@match_com","UploadManagerService","Processing Data files"
"2016-10-29 00:29:01 PDT","I","test2@match_com","UploadManagerService","Processing data for date - /storage/emulated/0/.MATCH/data/2016-10-26"
"2016-10-29 00:29:01 PDT","I","test2@match_com","UploadManagerService","Processing data for hour /storage/emulated/0/.MATCH/data/2016-10-26/19-PDT.zip.uploaded"
"2016-10-29 00:29:01 PDT","I","test2@match_com","UploadManagerService","Processing data for hour /storage/emulated/0/.MATCH/data/2016-10-26/13-PDT.zip.uploaded"
"2016-10-29 00:29:01 PDT","I","test2@match_com","UploadManagerService","Processing data for hour /storage/emulated/0/.MATCH/data/2016-10-26/14-PDT.zip.uploaded"
"2016-10-29 00:29:01 PDT","I","test2@match_com","UploadManagerService","Processing data for hour /storage/emulated/0/.MATCH/data/2016-10-26/15-PDT.zip.uploaded"
"2016-10-29 00:29:01 PDT","I","test2@match_com","UploadManagerService","Processing data for hour /storage/emulated/0/.MATCH/data/2016-10-26/16-PDT.zip.uploaded"
"2016-10-29 00:29:01 PDT","I","test2@match_com","UploadManagerService","Processing data for hour /storage/emulated/0/.MATCH/data/2016-10-26/17-PDT.zip.uploaded"
"2016-10-29 00:29:01 PDT","I","test2@match_com","UploadManagerService","Processing data for hour /storage/emulated/0/.MATCH/data/2016-10-26/21-PDT.zip.uploaded"
"2016-10-29 00:29:01 PDT","I","test2@match_com","UploadManagerService","Processing data for hour /storage/emulated/0/.MATCH/data/2016-10-26/22-PDT.zip.uploaded"
"2016-10-29 00:29:01 PDT","I","test2@match_com","UploadManagerService","Processing data for hour /storage/emulated/0/.MATCH/data/2016-10-26/18-PDT.zip.uploaded"
"2016-10-29 00:29:01 PDT","I","test2@match_com","UploadManagerService","Processing data for hour /storage/emulated/0/.MATCH/data/2016-10-26/20-PDT.zip.uploaded"
"2016-10-29 00:29:01 PDT","I","test2@match_com","UploadManagerService","Processing data for hour /storage/emulated/0/.MATCH/data/2016-10-26/23-PDT.zip.uploaded"
"2016-10-29 00:29:01 PDT","I","test2@match_com","UploadManagerService","Processing data for date - /storage/emulated/0/.MATCH/data/2016-10-27"
"2016-10-29 00:29:01 PDT","I","test2@match_com","UploadManagerService","Processing data for hour /storage/emulated/0/.MATCH/data/2016-10-27/01-PDT.zip.uploaded"
"2016-10-29 00:29:01 PDT","I","test2@match_com","UploadManagerService","Processing data for hour /storage/emulated/0/.MATCH/data/2016-10-27/03-PDT.zip.uploaded"
"2016-10-29 00:29:01 PDT","I","test2@match_com","UploadManagerService","Processing data for hour /storage/emulated/0/.MATCH/data/2016-10-27/04-PDT.zip.uploaded"
"2016-10-29 00:29:01 PDT","I","test2@match_com","UploadManagerService","Processing data for hour /storage/emulated/0/.MATCH/data/2016-10-27/06-PDT.zip.uploaded"
"2016-10-29 00:29:01 PDT","I","test2@match_com","UploadManagerService","Processing data for hour /storage/emulated/0/.MATCH/data/2016-10-27/00-PDT.zip.uploaded"
"2016-10-29 00:29:01 PDT","I","test2@match_com","UploadManagerService","Processing data for hour /storage/emulated/0/.MATCH/data/2016-10-27/02-PDT.zip.uploaded"
"2016-10-29 00:29:01 PDT","I","test2@match_com","UploadManagerService","Processing data for hour /storage/emulated/0/.MATCH/data/2016-10-27/05-PDT.zip.uploaded"
"2016-10-29 00:29:01 PDT","I","test2@match_com","UploadManagerService","Processing data for date - /storage/emulated/0/.MATCH/data/2016-10-28"
"2016-10-29 00:29:01 PDT","I","test2@match_com","UploadManagerService","Processing data for hour /storage/emulated/0/.MATCH/data/2016-10-28/13-PDT.zip"
"2016-10-29 00:29:01 PDT","I","test2@match_com","UploadManagerService","Processing data for hour /storage/emulated/0/.MATCH/data/2016-10-28/14-PDT.zip"
"2016-10-29 00:29:01 PDT","I","test2@match_com","UploadManagerService","Processing data for hour /storage/emulated/0/.MATCH/data/2016-10-28/15-PDT.zip"
"2016-10-29 00:29:01 PDT","I","test2@match_com","UploadManagerService","Processing data for hour /storage/emulated/0/.MATCH/data/2016-10-28/16-PDT.zip"
"2016-10-29 00:29:01 PDT","I","test2@match_com","UploadManagerService","Processing data for hour /storage/emulated/0/.MATCH/data/2016-10-28/17-PDT.zip"
"2016-10-29 00:29:01 PDT","I","test2@match_com","UploadManagerService","Processing data for hour /storage/emulated/0/.MATCH/data/2016-10-28/18-PDT.zip"
"2016-10-29 00:29:01 PDT","I","test2@match_com","UploadManagerService","Processing data for hour /storage/emulated/0/.MATCH/data/2016-10-28/19-PDT.zip"
"2016-10-29 00:29:01 PDT","I","test2@match_com","UploadManagerService","Processing data for hour /storage/emulated/0/.MATCH/data/2016-10-28/20-PDT.zip"
"2016-10-29 00:29:01 PDT","I","test2@match_com","UploadManagerService","Processing data for hour /storage/emulated/0/.MATCH/data/2016-10-28/21-PDT.zip"
"2016-10-29 00:29:01 PDT","I","test2@match_com","UploadManagerService","Processing data for hour /storage/emulated/0/.MATCH/data/2016-10-28/22-PDT.zip"
"2016-10-29 00:29:01 PDT","I","test2@match_com","UploadManagerService","Processing data for hour /storage/emulated/0/.MATCH/data/2016-10-28/23-PDT.zip"
"2016-10-29 00:29:01 PDT","I","test2@match_com","UploadManagerService","Processing data for date - /storage/emulated/0/.MATCH/data/2016-10-29"
"2016-10-29 00:29:01 PDT","I","test2@match_com","UploadManagerService","Processing data for hour /storage/emulated/0/.MATCH/data/2016-10-29/00-PDT"
"2016-10-29 00:29:01 PDT","I","test2@match_com","UploadManagerService","Internet is not connected. Not trying to upload files."
"2016-10-29 00:29:01 PDT","I","test2@match_com","MinuteService","Inside onCreate"
"2016-10-29 00:29:01 PDT","I","test2@match_com","MinuteService","Minute Service Alarm was set by - MinuteService"
"2016-10-29 00:29:01 PDT","I","test2@match_com","MinuteService","Time since previous run - 4"
"2016-10-29 00:29:01 PDT","I","test2@match_com","MinuteService","Previous run within last 50 seconds, ignoring this run"
"2016-10-29 00:29:01 PDT","I","test2@match_com","UploadManagerService","Inside onDestroy"
"2016-10-29 00:29:01 PDT","I","test2@match_com","MinuteService","Inside onDestroy"
"2016-10-29 00:29:01 PDT","I","test2@match_com","BackupMinuteService","Inside onCreate"
"2016-10-29 00:29:01 PDT","I","test2@match_com","Util","Inside setBackupMinuteServiceAlarm"
"2016-10-29 00:29:02 PDT","I","test2@match_com","Util","BackupMinuteService last run at - Sat Oct 29 00:29:01 PDT 2016"
"2016-10-29 00:29:02 PDT","I","test2@match_com","Util","BackupMinuteService next run at - Sat Oct 29 00:30:01 PDT 2016"
"2016-10-29 00:29:02 PDT","I","test2@match_com","MinuteService","Inside onCreate"
"2016-10-29 00:29:02 PDT","I","test2@match_com","MinuteService","Minute Service Alarm was set by - MinuteService"
"2016-10-29 00:29:02 PDT","I","test2@match_com","MinuteService","Time since previous run - 5"
"2016-10-29 00:29:02 PDT","I","test2@match_com","MinuteService","Previous run within last 50 seconds, ignoring this run"
"2016-10-29 00:29:02 PDT","I","test2@match_com","BackupMinuteService","Inside onDestroy"
"2016-10-29 00:29:02 PDT","I","test2@match_com","MinuteService","Inside onDestroy"
"2016-10-29 00:29:02 PDT","I","test2@match_com","AlwaysOnService","Received Intent - android.intent.action.TIME_TICK"
"2016-10-29 00:29:23 PDT","I","test2@match_com","AlwaysOnService","Received Intent - android.intent.action.BATTERY_CHANGED"
"2016-10-29 00:29:40 PDT","I","test2@match_com","AlwaysOnService","Received Intent - android.intent.action.BATTERY_CHANGED"
"2016-10-29 00:29:56 PDT","I","test2@match_com","MinuteService","Inside onCreate"
"2016-10-29 00:29:56 PDT","I","test2@match_com","MinuteService","Minute Service Alarm was set by - MinuteService"
"2016-10-29 00:29:56 PDT","I","test2@match_com","MinuteService","Time since previous run - 60"
"2016-10-29 00:29:56 PDT","I","test2@match_com","MinuteService","Setting Minute Service Last Run"
"2016-10-29 00:29:56 PDT","I","test2@match_com","MinuteService","Setting Minute Service Alarm"
"2016-10-29 00:29:56 PDT","I","test2@match_com","Util","Inside setMinuteServiceAlarmFromMinuteService"
"2016-10-29 00:29:56 PDT","I","test2@match_com","Util","MinuteService last run at - Sat Oct 29 00:29:56 PDT 2016"
"2016-10-29 00:29:56 PDT","I","test2@match_com","Util","MinuteService next run at - Sat Oct 29 00:30:56 PDT 2016"
"2016-10-29 00:29:56 PDT","I","test2@match_com","MinuteService","Setting Minute Service Backup Alarm"
"2016-10-29 00:29:56 PDT","I","test2@match_com","Util","Inside setBackupMinuteServiceAlarm"
"2016-10-29 00:29:56 PDT","I","test2@match_com","Util","BackupMinuteService last run at - Sat Oct 29 00:29:01 PDT 2016"
"2016-10-29 00:29:56 PDT","I","test2@match_com","Util","BackupMinuteService next run at - Sat Oct 29 00:30:01 PDT 2016"
"2016-10-29 00:29:56 PDT","I","test2@match_com","MinuteService","Initializing MATCHConstants"
"2016-10-29 00:29:56 PDT","I","test2@match_com","MinuteService","Notifying user about minute service run"
"2016-10-29 00:29:57 PDT","I","test2@match_com","MinuteService","Writing status to Firebase Database"
"2016-10-29 00:29:57 PDT","I","test2@match_com","MinuteService","Logging Network Status"
"2016-10-29 00:29:57 PDT","I","test2@match_com","ConnectivityManager","isConnected - false - isWifi - false - isMobileInternet - false"
"2016-10-29 00:29:57 PDT","I","test2@match_com","MinuteService","Logging Battery Status"
"2016-10-29 00:29:57 PDT","I","test2@match_com","BatteryManager","Percentage - 86 - isCharging - true - isUSBCharging - false - isACCharging - true - isWirelessCharging - false"
"2016-10-29 00:29:57 PDT","I","test2@match_com","MinuteService","Logging Memory Status"
"2016-10-29 00:29:57 PDT","I","test2@match_com","MemoryManager","Total Memory,898,Available Memory,413,Threshold Memory,144,IsLowMemory,false"
"2016-10-29 00:29:57 PDT","I","test2@match_com","MinuteService","Logging Storage Status"
"2016-10-29 00:29:57 PDT","I","test2@match_com","StorageManager","Internal Total,2247,Internal Free,589,External Total,4637,External Free,3936"
"2016-10-29 00:29:57 PDT","I","test2@match_com","MinuteService","Logging Power Status"
"2016-10-29 00:29:57 PDT","I","test2@match_com","PowerManager","isDeviceIdleMode - false - isInteractive - false - isPowerSaveMode - false - isSustainedPerformanceModeSupported - false"
"2016-10-29 00:29:57 PDT","I","test2@match_com","MinuteService","Logging Notifications Status"
"2016-10-29 00:29:57 PDT","I","test2@match_com","NotificationManager","AreNotificationsEnabled - true - Importance - Unspecified"
"2016-10-29 00:29:57 PDT","I","test2@match_com","MinuteService","Logging Location"
"2016-10-29 00:29:57 PDT","I","test2@match_com","MinuteService","Fetching latest study data"
"2016-10-29 00:29:57 PDT","I","test2@match_com","MinuteService","Starting UploadManagerService"
"2016-10-29 00:29:57 PDT","I","test2@match_com","MinuteService","Starting SurveyManagerService"
"2016-10-29 00:29:57 PDT","I","test2@match_com","UploadManagerService","Inside onCreate"
"2016-10-29 00:29:57 PDT","I","test2@match_com","UploadManagerService","Processing Logs"
"2016-10-29 00:29:57 PDT","I","test2@match_com","UploadManagerService","Processing Logs for Date - /storage/emulated/0/.MATCH/logs/2016-10-26"
"2016-10-29 00:29:57 PDT","I","test2@match_com","UploadManagerService","Processing Logs for Date - /storage/emulated/0/.MATCH/logs/2016-10-27"
"2016-10-29 00:29:57 PDT","I","test2@match_com","UploadManagerService","Processing Logs for Date - /storage/emulated/0/.MATCH/logs/2016-10-28"
"2016-10-29 00:29:57 PDT","I","test2@match_com","UploadManagerService","Processing Logs for Date - /storage/emulated/0/.MATCH/logs/2016-10-29"
"2016-10-29 00:29:57 PDT","I","test2@match_com","UploadManagerService","Processing Surveys"
"2016-10-29 00:29:57 PDT","I","test2@match_com","UploadManagerService","Processing Data files"
"2016-10-29 00:29:57 PDT","I","test2@match_com","UploadManagerService","Processing data for date - /storage/emulated/0/.MATCH/data/2016-10-26"
"2016-10-29 00:29:57 PDT","I","test2@match_com","UploadManagerService","Processing data for hour /storage/emulated/0/.MATCH/data/2016-10-26/19-PDT.zip.uploaded"
"2016-10-29 00:29:57 PDT","I","test2@match_com","UploadManagerService","Processing data for hour /storage/emulated/0/.MATCH/data/2016-10-26/13-PDT.zip.uploaded"
"2016-10-29 00:29:57 PDT","I","test2@match_com","UploadManagerService","Processing data for hour /storage/emulated/0/.MATCH/data/2016-10-26/14-PDT.zip.uploaded"
"2016-10-29 00:29:57 PDT","I","test2@match_com","UploadManagerService","Processing data for hour /storage/emulated/0/.MATCH/data/2016-10-26/15-PDT.zip.uploaded"
"2016-10-29 00:29:57 PDT","I","test2@match_com","UploadManagerService","Processing data for hour /storage/emulated/0/.MATCH/data/2016-10-26/16-PDT.zip.uploaded"
"2016-10-29 00:29:57 PDT","I","test2@match_com","UploadManagerService","Processing data for hour /storage/emulated/0/.MATCH/data/2016-10-26/17-PDT.zip.uploaded"
"2016-10-29 00:29:57 PDT","I","test2@match_com","UploadManagerService","Processing data for hour /storage/emulated/0/.MATCH/data/2016-10-26/21-PDT.zip.uploaded"
"2016-10-29 00:29:57 PDT","I","test2@match_com","UploadManagerService","Processing data for hour /storage/emulated/0/.MATCH/data/2016-10-26/22-PDT.zip.uploaded"
"2016-10-29 00:29:57 PDT","I","test2@match_com","UploadManagerService","Processing data for hour /storage/emulated/0/.MATCH/data/2016-10-26/18-PDT.zip.uploaded"
"2016-10-29 00:29:57 PDT","I","test2@match_com","UploadManagerService","Processing data for hour /storage/emulated/0/.MATCH/data/2016-10-26/20-PDT.zip.uploaded"
"2016-10-29 00:29:57 PDT","I","test2@match_com","UploadManagerService","Processing data for hour /storage/emulated/0/.MATCH/data/2016-10-26/23-PDT.zip.uploaded"
"2016-10-29 00:29:57 PDT","I","test2@match_com","UploadManagerService","Processing data for date - /storage/emulated/0/.MATCH/data/2016-10-27"
"2016-10-29 00:29:57 PDT","I","test2@match_com","UploadManagerService","Processing data for hour /storage/emulated/0/.MATCH/data/2016-10-27/01-PDT.zip.uploaded"
"2016-10-29 00:29:57 PDT","I","test2@match_com","UploadManagerService","Processing data for hour /storage/emulated/0/.MATCH/data/2016-10-27/03-PDT.zip.uploaded"
"2016-10-29 00:29:57 PDT","I","test2@match_com","UploadManagerService","Processing data for hour /storage/emulated/0/.MATCH/data/2016-10-27/04-PDT.zip.uploaded"
"2016-10-29 00:29:57 PDT","I","test2@match_com","UploadManagerService","Processing data for hour /storage/emulated/0/.MATCH/data/2016-10-27/06-PDT.zip.uploaded"
"2016-10-29 00:29:57 PDT","I","test2@match_com","UploadManagerService","Processing data for hour /storage/emulated/0/.MATCH/data/2016-10-27/00-PDT.zip.uploaded"
"2016-10-29 00:29:57 PDT","I","test2@match_com","UploadManagerService","Processing data for hour /storage/emulated/0/.MATCH/data/2016-10-27/02-PDT.zip.uploaded"
"2016-10-29 00:29:57 PDT","I","test2@match_com","UploadManagerService","Processing data for hour /storage/emulated/0/.MATCH/data/2016-10-27/05-PDT.zip.uploaded"
"2016-10-29 00:29:57 PDT","I","test2@match_com","UploadManagerService","Processing data for date - /storage/emulated/0/.MATCH/data/2016-10-28"
"2016-10-29 00:29:57 PDT","I","test2@match_com","UploadManagerService","Processing data for hour /storage/emulated/0/.MATCH/data/2016-10-28/13-PDT.zip"
"2016-10-29 00:29:57 PDT","I","test2@match_com","UploadManagerService","Processing data for hour /storage/emulated/0/.MATCH/data/2016-10-28/14-PDT.zip"
"2016-10-29 00:29:57 PDT","I","test2@match_com","UploadManagerService","Processing data for hour /storage/emulated/0/.MATCH/data/2016-10-28/15-PDT.zip"
"2016-10-29 00:29:57 PDT","I","test2@match_com","UploadManagerService","Processing data for hour /storage/emulated/0/.MATCH/data/2016-10-28/16-PDT.zip"
"2016-10-29 00:29:57 PDT","I","test2@match_com","UploadManagerService","Processing data for hour /storage/emulated/0/.MATCH/data/2016-10-28/17-PDT.zip"
"2016-10-29 00:29:57 PDT","I","test2@match_com","UploadManagerService","Processing data for hour /storage/emulated/0/.MATCH/data/2016-10-28/18-PDT.zip"
"2016-10-29 00:29:57 PDT","I","test2@match_com","UploadManagerService","Processing data for hour /storage/emulated/0/.MATCH/data/2016-10-28/19-PDT.zip"
"2016-10-29 00:29:57 PDT","I","test2@match_com","UploadManagerService","Processing data for hour /storage/emulated/0/.MATCH/data/2016-10-28/20-PDT.zip"
"2016-10-29 00:29:57 PDT","I","test2@match_com","UploadManagerService","Processing data for hour /storage/emulated/0/.MATCH/data/2016-10-28/21-PDT.zip"
"2016-10-29 00:29:57 PDT","I","test2@match_com","UploadManagerService","Processing data for hour /storage/emulated/0/.MATCH/data/2016-10-28/22-PDT.zip"
"2016-10-29 00:29:57 PDT","I","test2@match_com","UploadManagerService","Processing data for hour /storage/emulated/0/.MATCH/data/2016-10-28/23-PDT.zip"
"2016-10-29 00:29:57 PDT","I","test2@match_com","UploadManagerService","Processing data for date - /storage/emulated/0/.MATCH/data/2016-10-29"
"2016-10-29 00:29:57 PDT","I","test2@match_com","UploadManagerService","Processing data for hour /storage/emulated/0/.MATCH/data/2016-10-29/00-PDT"
"2016-10-29 00:29:57 PDT","I","test2@match_com","UploadManagerService","Internet is not connected. Not trying to upload files."
"2016-10-29 00:29:57 PDT","I","test2@match_com","SurveyManagerService","Inside onCreate"
"2016-10-29 00:29:57 PDT","I","test2@match_com","SurveyManagerService","Current time is - Sat Oct 29 00:29:57 PDT 2016"
"2016-10-29 00:29:57 PDT","I","test2@match_com","SurveyManagerService","Start Date is - Tue Oct 25 19:00:00 PDT 2016"
"2016-10-29 00:29:57 PDT","I","test2@match_com","SurveyManagerService","End Date is - Tue Nov 01 16:00:00 PDT 2016"
"2016-10-29 00:29:57 PDT","I","test2@match_com","SurveyManagerService","Scheduling Survey for - KEY_EMA_0730TO0800_CHILD"
"2016-10-29 00:29:57 PDT","I","test2@match_com","SurveyManagerService","Survey KEY_EMA_0730TO0800_CHILD is already scheduled"
"2016-10-29 00:29:57 PDT","I","test2@match_com","SurveyManagerService","Scheduling Survey for - KEY_EMA_0930TO1000_CHILD"
"2016-10-29 00:29:57 PDT","I","test2@match_com","SurveyManagerService","Survey KEY_EMA_0930TO1000_CHILD is already scheduled"
"2016-10-29 00:29:57 PDT","I","test2@match_com","SurveyManagerService","Scheduling Survey for - KEY_EMA_1130TO1200_CHILD"
"2016-10-29 00:29:57 PDT","I","test2@match_com","SurveyManagerService","Survey KEY_EMA_1130TO1200_CHILD is already scheduled"
"2016-10-29 00:29:57 PDT","I","test2@match_com","SurveyManagerService","Scheduling Survey for - KEY_EMA_1330TO1400_CHILD"
"2016-10-29 00:29:57 PDT","I","test2@match_com","SurveyManagerService","Survey KEY_EMA_1330TO1400_CHILD is already scheduled"
"2016-10-29 00:29:57 PDT","I","test2@match_com","SurveyManagerService","Scheduling Survey for - KEY_EMA_1530TO1600_CHILD"
"2016-10-29 00:29:57 PDT","I","test2@match_com","SurveyManagerService","Survey KEY_EMA_1530TO1600_CHILD is already scheduled"
"2016-10-29 00:29:57 PDT","I","test2@match_com","SurveyManagerService","Scheduling Survey for - KEY_EMA_1730TO1800_CHILD"
"2016-10-29 00:29:57 PDT","I","test2@match_com","SurveyManagerService","Survey KEY_EMA_1730TO1800_CHILD is already scheduled"
"2016-10-29 00:29:57 PDT","I","test2@match_com","SurveyManagerService","Scheduling Survey for - KEY_EMA_1930TO2000_CHILD"
"2016-10-29 00:29:57 PDT","I","test2@match_com","SurveyManagerService","Survey KEY_EMA_1930TO2000_CHILD is already scheduled"
"2016-10-29 00:29:57 PDT","I","test2@match_com","SurveyManagerService","Saliva surveys are already scheduled"
"2016-10-29 00:29:57 PDT","I","test2@match_com","SurveyManagerService","Survey KEY_SALIVA_BEDTIME scheduled for Sat Oct 29 21:46:57 PDT 2016"
"2016-10-29 00:29:57 PDT","I","test2@match_com","SurveyManagerService","Survey Schedule for KEY_EMA_0730TO0800_CHILD is Sat Oct 29 07:47:17 PDT 2016"
"2016-10-29 00:29:57 PDT","I","test2@match_com","SurveyManagerService","Still not time to prompt the survey"
"2016-10-29 00:29:57 PDT","I","test2@match_com","SurveyManagerService","Survey Schedule for KEY_EMA_0930TO1000_CHILD is Sat Oct 29 09:57:24 PDT 2016"
"2016-10-29 00:29:57 PDT","I","test2@match_com","SurveyManagerService","Still not time to prompt the survey"
"2016-10-29 00:29:57 PDT","I","test2@match_com","SurveyManagerService","Survey Schedule for KEY_EMA_1130TO1200_CHILD is Sat Oct 29 11:45:10 PDT 2016"
"2016-10-29 00:29:57 PDT","I","test2@match_com","SurveyManagerService","Still not time to prompt the survey"
"2016-10-29 00:29:57 PDT","I","test2@match_com","SurveyManagerService","Survey Schedule for KEY_EMA_1330TO1400_CHILD is Sat Oct 29 13:44:02 PDT 2016"
"2016-10-29 00:29:57 PDT","I","test2@match_com","SurveyManagerService","Still not time to prompt the survey"
"2016-10-29 00:29:57 PDT","I","test2@match_com","SurveyManagerService","Survey Schedule for KEY_EMA_1530TO1600_CHILD is Sat Oct 29 15:33:41 PDT 2016"
"2016-10-29 00:29:57 PDT","I","test2@match_com","SurveyManagerService","Still not time to prompt the survey"
"2016-10-29 00:29:57 PDT","I","test2@match_com","SurveyManagerService","Survey Schedule for KEY_EMA_1730TO1800_CHILD is Sat Oct 29 17:47:43 PDT 2016"
"2016-10-29 00:29:57 PDT","I","test2@match_com","SurveyManagerService","Still not time to prompt the survey"
"2016-10-29 00:29:57 PDT","I","test2@match_com","SurveyManagerService","Survey Schedule for KEY_EMA_1930TO2000_CHILD is Sat Oct 29 19:36:11 PDT 2016"
"2016-10-29 00:29:57 PDT","I","test2@match_com","SurveyManagerService","Still not time to prompt the survey"
"2016-10-29 00:29:57 PDT","I","test2@match_com","SurveyManagerService","KEY_SALIVA_WAKING is scheduled for Sat Oct 29 06:46:56 PDT 2016"
"2016-10-29 00:29:57 PDT","I","test2@match_com","SurveyManagerService","Prompt KEY_SALIVA_WAKING is in the future - Sat Oct 29 06:46:56 PDT 2016"
"2016-10-29 00:29:57 PDT","I","test2@match_com","SurveyManagerService","KEY_SALIVA_WAKING_PLUS_30 is scheduled for Sat Oct 29 07:16:56 PDT 2016"
"2016-10-29 00:29:57 PDT","I","test2@match_com","SurveyManagerService","Prompt KEY_SALIVA_WAKING_PLUS_30 is in the future - Sat Oct 29 07:16:56 PDT 2016"
"2016-10-29 00:29:57 PDT","I","test2@match_com","SurveyManagerService","KEY_SALIVA_AFTERNOON_4TO430_CHILD is scheduled for Sat Oct 29 16:16:27 PDT 2016"
"2016-10-29 00:29:57 PDT","I","test2@match_com","SurveyManagerService","Prompt KEY_SALIVA_AFTERNOON_4TO430_CHILD is in the future - Sat Oct 29 16:16:27 PDT 2016"
"2016-10-29 00:29:57 PDT","I","test2@match_com","SurveyManagerService","KEY_SALIVA_BEDTIME is scheduled for Sat Oct 29 21:46:57 PDT 2016"
"2016-10-29 00:29:57 PDT","I","test2@match_com","SurveyManagerService","Prompt KEY_SALIVA_BEDTIME is in the future - Sat Oct 29 21:46:57 PDT 2016"
"2016-10-29 00:29:57 PDT","I","test2@match_com","MinuteService","Inside onDestroy"
"2016-10-29 00:29:57 PDT","I","test2@match_com","UploadManagerService","Inside onDestroy"
"2016-10-29 00:29:57 PDT","I","test2@match_com","SurveyManagerService","Inside onDestroy"
"2016-10-29 00:29:57 PDT","I","test2@match_com","Zipper","unzipFileWithEncryption"
"2016-10-29 00:29:57 PDT","I","test2@match_com","Zipper","Deleting File - /storage/emulated/0/.MATCH/data/2016-10-29/00-PDT/GPS.csv.zip"
"2016-10-29 00:29:57 PDT","I","test2@match_com","Zipper","zipFileWithEncryption - /storage/emulated/0/.MATCH/data/2016-10-29/00-PDT/GPS.csv"
"2016-10-29 00:29:58 PDT","I","test2@match_com","Zipper","Creating ZipFile - /storage/emulated/0/.MATCH/data/2016-10-29/00-PDT/GPS.csv.zip"
"2016-10-29 00:29:58 PDT","I","test2@match_com","Zipper","Deleting File - /storage/emulated/0/.MATCH/data/2016-10-29/00-PDT/GPS.csv"
"2016-10-29 00:30:01 PDT","I","test2@match_com","UploadManagerService","Inside onCreate"
"2016-10-29 00:30:01 PDT","I","test2@match_com","UploadManagerService","Processing Logs"
"2016-10-29 00:30:01 PDT","I","test2@match_com","UploadManagerService","Processing Logs for Date - /storage/emulated/0/.MATCH/logs/2016-10-26"
"2016-10-29 00:30:01 PDT","I","test2@match_com","UploadManagerService","Processing Logs for Date - /storage/emulated/0/.MATCH/logs/2016-10-27"
"2016-10-29 00:30:01 PDT","I","test2@match_com","UploadManagerService","Processing Logs for Date - /storage/emulated/0/.MATCH/logs/2016-10-28"
"2016-10-29 00:30:01 PDT","I","test2@match_com","UploadManagerService","Processing Logs for Date - /storage/emulated/0/.MATCH/logs/2016-10-29"
"2016-10-29 00:30:01 PDT","I","test2@match_com","UploadManagerService","Processing Surveys"
"2016-10-29 00:30:01 PDT","I","test2@match_com","UploadManagerService","Processing Data files"
"2016-10-29 00:30:01 PDT","I","test2@match_com","UploadManagerService","Processing data for date - /storage/emulated/0/.MATCH/data/2016-10-26"
"2016-10-29 00:30:01 PDT","I","test2@match_com","UploadManagerService","Processing data for hour /storage/emulated/0/.MATCH/data/2016-10-26/19-PDT.zip.uploaded"
"2016-10-29 00:30:01 PDT","I","test2@match_com","UploadManagerService","Processing data for hour /storage/emulated/0/.MATCH/data/2016-10-26/13-PDT.zip.uploaded"
"2016-10-29 00:30:01 PDT","I","test2@match_com","UploadManagerService","Processing data for hour /storage/emulated/0/.MATCH/data/2016-10-26/14-PDT.zip.uploaded"
"2016-10-29 00:30:01 PDT","I","test2@match_com","UploadManagerService","Processing data for hour /storage/emulated/0/.MATCH/data/2016-10-26/15-PDT.zip.uploaded"
"2016-10-29 00:30:01 PDT","I","test2@match_com","UploadManagerService","Processing data for hour /storage/emulated/0/.MATCH/data/2016-10-26/16-PDT.zip.uploaded"
"2016-10-29 00:30:01 PDT","I","test2@match_com","UploadManagerService","Processing data for hour /storage/emulated/0/.MATCH/data/2016-10-26/17-PDT.zip.uploaded"
"2016-10-29 00:30:01 PDT","I","test2@match_com","UploadManagerService","Processing data for hour /storage/emulated/0/.MATCH/data/2016-10-26/21-PDT.zip.uploaded"
"2016-10-29 00:30:01 PDT","I","test2@match_com","UploadManagerService","Processing data for hour /storage/emulated/0/.MATCH/data/2016-10-26/22-PDT.zip.uploaded"
"2016-10-29 00:30:01 PDT","I","test2@match_com","UploadManagerService","Processing data for hour /storage/emulated/0/.MATCH/data/2016-10-26/18-PDT.zip.uploaded"
"2016-10-29 00:30:01 PDT","I","test2@match_com","UploadManagerService","Processing data for hour /storage/emulated/0/.MATCH/data/2016-10-26/20-PDT.zip.uploaded"
"2016-10-29 00:30:01 PDT","I","test2@match_com","UploadManagerService","Processing data for hour /storage/emulated/0/.MATCH/data/2016-10-26/23-PDT.zip.uploaded"
"2016-10-29 00:30:01 PDT","I","test2@match_com","UploadManagerService","Processing data for date - /storage/emulated/0/.MATCH/data/2016-10-27"
"2016-10-29 00:30:01 PDT","I","test2@match_com","UploadManagerService","Processing data for hour /storage/emulated/0/.MATCH/data/2016-10-27/01-PDT.zip.uploaded"
"2016-10-29 00:30:01 PDT","I","test2@match_com","UploadManagerService","Processing data for hour /storage/emulated/0/.MATCH/data/2016-10-27/03-PDT.zip.uploaded"
"2016-10-29 00:30:01 PDT","I","test2@match_com","UploadManagerService","Processing data for hour /storage/emulated/0/.MATCH/data/2016-10-27/04-PDT.zip.uploaded"
"2016-10-29 00:30:01 PDT","I","test2@match_com","UploadManagerService","Processing data for hour /storage/emulated/0/.MATCH/data/2016-10-27/06-PDT.zip.uploaded"
"2016-10-29 00:30:01 PDT","I","test2@match_com","UploadManagerService","Processing data for hour /storage/emulated/0/.MATCH/data/2016-10-27/00-PDT.zip.uploaded"
"2016-10-29 00:30:01 PDT","I","test2@match_com","UploadManagerService","Processing data for hour /storage/emulated/0/.MATCH/data/2016-10-27/02-PDT.zip.uploaded"
"2016-10-29 00:30:01 PDT","I","test2@match_com","UploadManagerService","Processing data for hour /storage/emulated/0/.MATCH/data/2016-10-27/05-PDT.zip.uploaded"
"2016-10-29 00:30:01 PDT","I","test2@match_com","UploadManagerService","Processing data for date - /storage/emulated/0/.MATCH/data/2016-10-28"
"2016-10-29 00:30:01 PDT","I","test2@match_com","UploadManagerService","Processing data for hour /storage/emulated/0/.MATCH/data/2016-10-28/13-PDT.zip"
"2016-10-29 00:30:01 PDT","I","test2@match_com","UploadManagerService","Processing data for hour /storage/emulated/0/.MATCH/data/2016-10-28/14-PDT.zip"
"2016-10-29 00:30:01 PDT","I","test2@match_com","UploadManagerService","Processing data for hour /storage/emulated/0/.MATCH/data/2016-10-28/15-PDT.zip"
"2016-10-29 00:30:01 PDT","I","test2@match_com","UploadManagerService","Processing data for hour /storage/emulated/0/.MATCH/data/2016-10-28/16-PDT.zip"
"2016-10-29 00:30:01 PDT","I","test2@match_com","UploadManagerService","Processing data for hour /storage/emulated/0/.MATCH/data/2016-10-28/17-PDT.zip"
"2016-10-29 00:30:01 PDT","I","test2@match_com","UploadManagerService","Processing data for hour /storage/emulated/0/.MATCH/data/2016-10-28/18-PDT.zip"
"2016-10-29 00:30:01 PDT","I","test2@match_com","UploadManagerService","Processing data for hour /storage/emulated/0/.MATCH/data/2016-10-28/19-PDT.zip"
"2016-10-29 00:30:01 PDT","I","test2@match_com","UploadManagerService","Processing data for hour /storage/emulated/0/.MATCH/data/2016-10-28/20-PDT.zip"
"2016-10-29 00:30:01 PDT","I","test2@match_com","UploadManagerService","Processing data for hour /storage/emulated/0/.MATCH/data/2016-10-28/21-PDT.zip"
"2016-10-29 00:30:01 PDT","I","test2@match_com","UploadManagerService","Processing data for hour /storage/emulated/0/.MATCH/data/2016-10-28/22-PDT.zip"
"2016-10-29 00:30:01 PDT","I","test2@match_com","UploadManagerService","Processing data for hour /storage/emulated/0/.MATCH/data/2016-10-28/23-PDT.zip"
"2016-10-29 00:30:01 PDT","I","test2@match_com","UploadManagerService","Processing data for date - /storage/emulated/0/.MATCH/data/2016-10-29"
"2016-10-29 00:30:01 PDT","I","test2@match_com","UploadManagerService","Processing data for hour /storage/emulated/0/.MATCH/data/2016-10-29/00-PDT"
"2016-10-29 00:30:01 PDT","I","test2@match_com","UploadManagerService","Internet is not connected. Not trying to upload files."
"2016-10-29 00:30:01 PDT","I","test2@match_com","MinuteService","Inside onCreate"
"2016-10-29 00:30:01 PDT","I","test2@match_com","MinuteService","Minute Service Alarm was set by - MinuteService"
"2016-10-29 00:30:01 PDT","I","test2@match_com","MinuteService","Time since previous run - 4"
"2016-10-29 00:30:01 PDT","I","test2@match_com","MinuteService","Previous run within last 50 seconds, ignoring this run"
"2016-10-29 00:30:01 PDT","I","test2@match_com","UploadManagerService","Inside onDestroy"
"2016-10-29 00:30:01 PDT","I","test2@match_com","MinuteService","Inside onDestroy"
"2016-10-29 00:30:02 PDT","I","test2@match_com","BackupMinuteService","Inside onCreate"
"2016-10-29 00:30:02 PDT","I","test2@match_com","Util","Inside setBackupMinuteServiceAlarm"
"2016-10-29 00:30:02 PDT","I","test2@match_com","Util","BackupMinuteService last run at - Sat Oct 29 00:30:02 PDT 2016"
"2016-10-29 00:30:02 PDT","I","test2@match_com","Util","BackupMinuteService next run at - Sat Oct 29 00:31:02 PDT 2016"
"2016-10-29 00:30:02 PDT","I","test2@match_com","MinuteService","Inside onCreate"
"2016-10-29 00:30:02 PDT","I","test2@match_com","MinuteService","Minute Service Alarm was set by - MinuteService"
"2016-10-29 00:30:02 PDT","I","test2@match_com","MinuteService","Time since previous run - 5"
"2016-10-29 00:30:02 PDT","I","test2@match_com","MinuteService","Previous run within last 50 seconds, ignoring this run"
"2016-10-29 00:30:02 PDT","I","test2@match_com","BackupMinuteService","Inside onDestroy"
"2016-10-29 00:30:02 PDT","I","test2@match_com","MinuteService","Inside onDestroy"
"2016-10-29 00:30:02 PDT","I","test2@match_com","AlwaysOnService","Received Intent - android.intent.action.TIME_TICK"
"2016-10-29 00:30:23 PDT","I","test2@match_com","AlwaysOnService","Received Intent - android.intent.action.BATTERY_CHANGED"
"2016-10-29 00:30:40 PDT","I","test2@match_com","AlwaysOnService","Received Intent - android.intent.action.BATTERY_CHANGED"
"2016-10-29 00:30:56 PDT","I","test2@match_com","MinuteService","Inside onCreate"
"2016-10-29 00:30:56 PDT","I","test2@match_com","MinuteService","Minute Service Alarm was set by - MinuteService"
"2016-10-29 00:30:56 PDT","I","test2@match_com","MinuteService","Time since previous run - 60"
"2016-10-29 00:30:56 PDT","I","test2@match_com","MinuteService","Setting Minute Service Last Run"
"2016-10-29 00:30:56 PDT","I","test2@match_com","MinuteService","Setting Minute Service Alarm"
"2016-10-29 00:30:56 PDT","I","test2@match_com","Util","Inside setMinuteServiceAlarmFromMinuteService"
"2016-10-29 00:30:56 PDT","I","test2@match_com","Util","MinuteService last run at - Sat Oct 29 00:30:56 PDT 2016"
"2016-10-29 00:30:56 PDT","I","test2@match_com","Util","MinuteService next run at - Sat Oct 29 00:31:56 PDT 2016"
"2016-10-29 00:30:57 PDT","I","test2@match_com","MinuteService","Setting Minute Service Backup Alarm"
"2016-10-29 00:30:57 PDT","I","test2@match_com","Util","Inside setBackupMinuteServiceAlarm"
"2016-10-29 00:30:57 PDT","I","test2@match_com","Util","BackupMinuteService last run at - Sat Oct 29 00:30:02 PDT 2016"
"2016-10-29 00:30:57 PDT","I","test2@match_com","Util","BackupMinuteService next run at - Sat Oct 29 00:31:02 PDT 2016"
"2016-10-29 00:30:57 PDT","I","test2@match_com","MinuteService","Initializing MATCHConstants"
"2016-10-29 00:30:57 PDT","I","test2@match_com","MinuteService","Notifying user about minute service run"
"2016-10-29 00:30:57 PDT","I","test2@match_com","MinuteService","Writing status to Firebase Database"
"2016-10-29 00:30:57 PDT","I","test2@match_com","MinuteService","Logging Network Status"
"2016-10-29 00:30:57 PDT","I","test2@match_com","ConnectivityManager","isConnected - false - isWifi - false - isMobileInternet - false"
"2016-10-29 00:30:57 PDT","I","test2@match_com","MinuteService","Logging Battery Status"
"2016-10-29 00:30:57 PDT","I","test2@match_com","BatteryManager","Percentage - 86 - isCharging - true - isUSBCharging - false - isACCharging - true - isWirelessCharging - false"
"2016-10-29 00:30:57 PDT","I","test2@match_com","MinuteService","Logging Memory Status"
"2016-10-29 00:30:57 PDT","I","test2@match_com","MemoryManager","Total Memory,898,Available Memory,413,Threshold Memory,144,IsLowMemory,false"
"2016-10-29 00:30:57 PDT","I","test2@match_com","MinuteService","Logging Storage Status"
"2016-10-29 00:30:57 PDT","I","test2@match_com","StorageManager","Internal Total,2247,Internal Free,589,External Total,4637,External Free,3936"
"2016-10-29 00:30:57 PDT","I","test2@match_com","MinuteService","Logging Power Status"
"2016-10-29 00:30:57 PDT","I","test2@match_com","PowerManager","isDeviceIdleMode - false - isInteractive - false - isPowerSaveMode - false - isSustainedPerformanceModeSupported - false"
"2016-10-29 00:30:57 PDT","I","test2@match_com","MinuteService","Logging Notifications Status"
"2016-10-29 00:30:57 PDT","I","test2@match_com","NotificationManager","AreNotificationsEnabled - true - Importance - Unspecified"
"2016-10-29 00:30:57 PDT","I","test2@match_com","MinuteService","Logging Location"
"2016-10-29 00:30:57 PDT","I","test2@match_com","MinuteService","Fetching latest study data"
"2016-10-29 00:30:57 PDT","I","test2@match_com","MinuteService","Starting UploadManagerService"
"2016-10-29 00:30:57 PDT","I","test2@match_com","MinuteService","Starting SurveyManagerService"
"2016-10-29 00:30:57 PDT","I","test2@match_com","UploadManagerService","Inside onCreate"
"2016-10-29 00:30:57 PDT","I","test2@match_com","UploadManagerService","Processing Logs"
"2016-10-29 00:30:57 PDT","I","test2@match_com","UploadManagerService","Processing Logs for Date - /storage/emulated/0/.MATCH/logs/2016-10-26"
"2016-10-29 00:30:57 PDT","I","test2@match_com","UploadManagerService","Processing Logs for Date - /storage/emulated/0/.MATCH/logs/2016-10-27"
"2016-10-29 00:30:57 PDT","I","test2@match_com","UploadManagerService","Processing Logs for Date - /storage/emulated/0/.MATCH/logs/2016-10-28"
"2016-10-29 00:30:57 PDT","I","test2@match_com","UploadManagerService","Processing Logs for Date - /storage/emulated/0/.MATCH/logs/2016-10-29"
"2016-10-29 00:30:57 PDT","I","test2@match_com","UploadManagerService","Processing Surveys"
"2016-10-29 00:30:57 PDT","I","test2@match_com","UploadManagerService","Processing Data files"
"2016-10-29 00:30:57 PDT","I","test2@match_com","UploadManagerService","Processing data for date - /storage/emulated/0/.MATCH/data/2016-10-26"
"2016-10-29 00:30:57 PDT","I","test2@match_com","UploadManagerService","Processing data for hour /storage/emulated/0/.MATCH/data/2016-10-26/19-PDT.zip.uploaded"
"2016-10-29 00:30:57 PDT","I","test2@match_com","UploadManagerService","Processing data for hour /storage/emulated/0/.MATCH/data/2016-10-26/13-PDT.zip.uploaded"
"2016-10-29 00:30:57 PDT","I","test2@match_com","UploadManagerService","Processing data for hour /storage/emulated/0/.MATCH/data/2016-10-26/14-PDT.zip.uploaded"
"2016-10-29 00:30:57 PDT","I","test2@match_com","UploadManagerService","Processing data for hour /storage/emulated/0/.MATCH/data/2016-10-26/15-PDT.zip.uploaded"
"2016-10-29 00:30:57 PDT","I","test2@match_com","UploadManagerService","Processing data for hour /storage/emulated/0/.MATCH/data/2016-10-26/16-PDT.zip.uploaded"
"2016-10-29 00:30:57 PDT","I","test2@match_com","UploadManagerService","Processing data for hour /storage/emulated/0/.MATCH/data/2016-10-26/17-PDT.zip.uploaded"
"2016-10-29 00:30:57 PDT","I","test2@match_com","UploadManagerService","Processing data for hour /storage/emulated/0/.MATCH/data/2016-10-26/21-PDT.zip.uploaded"
"2016-10-29 00:30:57 PDT","I","test2@match_com","UploadManagerService","Processing data for hour /storage/emulated/0/.MATCH/data/2016-10-26/22-PDT.zip.uploaded"
"2016-10-29 00:30:57 PDT","I","test2@match_com","UploadManagerService","Processing data for hour /storage/emulated/0/.MATCH/data/2016-10-26/18-PDT.zip.uploaded"
"2016-10-29 00:30:57 PDT","I","test2@match_com","UploadManagerService","Processing data for hour /storage/emulated/0/.MATCH/data/2016-10-26/20-PDT.zip.uploaded"
"2016-10-29 00:30:57 PDT","I","test2@match_com","UploadManagerService","Processing data for hour /storage/emulated/0/.MATCH/data/2016-10-26/23-PDT.zip.uploaded"
"2016-10-29 00:30:57 PDT","I","test2@match_com","UploadManagerService","Processing data for date - /storage/emulated/0/.MATCH/data/2016-10-27"
"2016-10-29 00:30:57 PDT","I","test2@match_com","UploadManagerService","Processing data for hour /storage/emulated/0/.MATCH/data/2016-10-27/01-PDT.zip.uploaded"
"2016-10-29 00:30:57 PDT","I","test2@match_com","UploadManagerService","Processing data for hour /storage/emulated/0/.MATCH/data/2016-10-27/03-PDT.zip.uploaded"
"2016-10-29 00:30:57 PDT","I","test2@match_com","UploadManagerService","Processing data for hour /storage/emulated/0/.MATCH/data/2016-10-27/04-PDT.zip.uploaded"
"2016-10-29 00:30:57 PDT","I","test2@match_com","UploadManagerService","Processing data for hour /storage/emulated/0/.MATCH/data/2016-10-27/06-PDT.zip.uploaded"
"2016-10-29 00:30:57 PDT","I","test2@match_com","UploadManagerService","Processing data for hour /storage/emulated/0/.MATCH/data/2016-10-27/00-PDT.zip.uploaded"
"2016-10-29 00:30:57 PDT","I","test2@match_com","UploadManagerService","Processing data for hour /storage/emulated/0/.MATCH/data/2016-10-27/02-PDT.zip.uploaded"
"2016-10-29 00:30:57 PDT","I","test2@match_com","UploadManagerService","Processing data for hour /storage/emulated/0/.MATCH/data/2016-10-27/05-PDT.zip.uploaded"
"2016-10-29 00:30:57 PDT","I","test2@match_com","UploadManagerService","Processing data for date - /storage/emulated/0/.MATCH/data/2016-10-28"
"2016-10-29 00:30:57 PDT","I","test2@match_com","UploadManagerService","Processing data for hour /storage/emulated/0/.MATCH/data/2016-10-28/13-PDT.zip"
"2016-10-29 00:30:57 PDT","I","test2@match_com","UploadManagerService","Processing data for hour /storage/emulated/0/.MATCH/data/2016-10-28/14-PDT.zip"
"2016-10-29 00:30:57 PDT","I","test2@match_com","UploadManagerService","Processing data for hour /storage/emulated/0/.MATCH/data/2016-10-28/15-PDT.zip"
"2016-10-29 00:30:57 PDT","I","test2@match_com","UploadManagerService","Processing data for hour /storage/emulated/0/.MATCH/data/2016-10-28/16-PDT.zip"
"2016-10-29 00:30:57 PDT","I","test2@match_com","UploadManagerService","Processing data for hour /storage/emulated/0/.MATCH/data/2016-10-28/17-PDT.zip"
"2016-10-29 00:30:57 PDT","I","test2@match_com","UploadManagerService","Processing data for hour /storage/emulated/0/.MATCH/data/2016-10-28/18-PDT.zip"
"2016-10-29 00:30:57 PDT","I","test2@match_com","UploadManagerService","Processing data for hour /storage/emulated/0/.MATCH/data/2016-10-28/19-PDT.zip"
"2016-10-29 00:30:57 PDT","I","test2@match_com","UploadManagerService","Processing data for hour /storage/emulated/0/.MATCH/data/2016-10-28/20-PDT.zip"
"2016-10-29 00:30:57 PDT","I","test2@match_com","UploadManagerService","Processing data for hour /storage/emulated/0/.MATCH/data/2016-10-28/21-PDT.zip"
"2016-10-29 00:30:57 PDT","I","test2@match_com","UploadManagerService","Processing data for hour /storage/emulated/0/.MATCH/data/2016-10-28/22-PDT.zip"
"2016-10-29 00:30:57 PDT","I","test2@match_com","UploadManagerService","Processing data for hour /storage/emulated/0/.MATCH/data/2016-10-28/23-PDT.zip"
"2016-10-29 00:30:57 PDT","I","test2@match_com","UploadManagerService","Processing data for date - /storage/emulated/0/.MATCH/data/2016-10-29"
"2016-10-29 00:30:57 PDT","I","test2@match_com","UploadManagerService","Processing data for hour /storage/emulated/0/.MATCH/data/2016-10-29/00-PDT"
"2016-10-29 00:30:57 PDT","I","test2@match_com","UploadManagerService","Internet is not connected. Not trying to upload files."
"2016-10-29 00:30:57 PDT","I","test2@match_com","SurveyManagerService","Inside onCreate"
"2016-10-29 00:30:57 PDT","I","test2@match_com","SurveyManagerService","Current time is - Sat Oct 29 00:30:57 PDT 2016"
"2016-10-29 00:30:57 PDT","I","test2@match_com","SurveyManagerService","Start Date is - Tue Oct 25 19:00:00 PDT 2016"
"2016-10-29 00:30:57 PDT","I","test2@match_com","SurveyManagerService","End Date is - Tue Nov 01 16:00:00 PDT 2016"
"2016-10-29 00:30:57 PDT","I","test2@match_com","SurveyManagerService","Scheduling Survey for - KEY_EMA_0730TO0800_CHILD"
"2016-10-29 00:30:57 PDT","I","test2@match_com","SurveyManagerService","Survey KEY_EMA_0730TO0800_CHILD is already scheduled"
"2016-10-29 00:30:57 PDT","I","test2@match_com","SurveyManagerService","Scheduling Survey for - KEY_EMA_0930TO1000_CHILD"
"2016-10-29 00:30:57 PDT","I","test2@match_com","SurveyManagerService","Survey KEY_EMA_0930TO1000_CHILD is already scheduled"
"2016-10-29 00:30:57 PDT","I","test2@match_com","SurveyManagerService","Scheduling Survey for - KEY_EMA_1130TO1200_CHILD"
"2016-10-29 00:30:57 PDT","I","test2@match_com","SurveyManagerService","Survey KEY_EMA_1130TO1200_CHILD is already scheduled"
"2016-10-29 00:30:57 PDT","I","test2@match_com","SurveyManagerService","Scheduling Survey for - KEY_EMA_1330TO1400_CHILD"
"2016-10-29 00:30:57 PDT","I","test2@match_com","SurveyManagerService","Survey KEY_EMA_1330TO1400_CHILD is already scheduled"
"2016-10-29 00:30:57 PDT","I","test2@match_com","SurveyManagerService","Scheduling Survey for - KEY_EMA_1530TO1600_CHILD"
"2016-10-29 00:30:57 PDT","I","test2@match_com","SurveyManagerService","Survey KEY_EMA_1530TO1600_CHILD is already scheduled"
"2016-10-29 00:30:57 PDT","I","test2@match_com","SurveyManagerService","Scheduling Survey for - KEY_EMA_1730TO1800_CHILD"
"2016-10-29 00:30:57 PDT","I","test2@match_com","SurveyManagerService","Survey KEY_EMA_1730TO1800_CHILD is already scheduled"
"2016-10-29 00:30:57 PDT","I","test2@match_com","SurveyManagerService","Scheduling Survey for - KEY_EMA_1930TO2000_CHILD"
"2016-10-29 00:30:57 PDT","I","test2@match_com","SurveyManagerService","Survey KEY_EMA_1930TO2000_CHILD is already scheduled"
"2016-10-29 00:30:57 PDT","I","test2@match_com","SurveyManagerService","Saliva surveys are already scheduled"
"2016-10-29 00:30:57 PDT","I","test2@match_com","SurveyManagerService","Survey KEY_SALIVA_BEDTIME scheduled for Sat Oct 29 21:46:57 PDT 2016"
"2016-10-29 00:30:57 PDT","I","test2@match_com","SurveyManagerService","Survey Schedule for KEY_EMA_0730TO0800_CHILD is Sat Oct 29 07:47:17 PDT 2016"
"2016-10-29 00:30:57 PDT","I","test2@match_com","SurveyManagerService","Still not time to prompt the survey"
"2016-10-29 00:30:57 PDT","I","test2@match_com","SurveyManagerService","Survey Schedule for KEY_EMA_0930TO1000_CHILD is Sat Oct 29 09:57:24 PDT 2016"
"2016-10-29 00:30:57 PDT","I","test2@match_com","SurveyManagerService","Still not time to prompt the survey"
"2016-10-29 00:30:57 PDT","I","test2@match_com","SurveyManagerService","Survey Schedule for KEY_EMA_1130TO1200_CHILD is Sat Oct 29 11:45:10 PDT 2016"
"2016-10-29 00:30:57 PDT","I","test2@match_com","SurveyManagerService","Still not time to prompt the survey"
"2016-10-29 00:30:57 PDT","I","test2@match_com","SurveyManagerService","Survey Schedule for KEY_EMA_1330TO1400_CHILD is Sat Oct 29 13:44:02 PDT 2016"
"2016-10-29 00:30:57 PDT","I","test2@match_com","SurveyManagerService","Still not time to prompt the survey"
"2016-10-29 00:30:57 PDT","I","test2@match_com","SurveyManagerService","Survey Schedule for KEY_EMA_1530TO1600_CHILD is Sat Oct 29 15:33:41 PDT 2016"
"2016-10-29 00:30:57 PDT","I","test2@match_com","SurveyManagerService","Still not time to prompt the survey"
"2016-10-29 00:30:57 PDT","I","test2@match_com","SurveyManagerService","Survey Schedule for KEY_EMA_1730TO1800_CHILD is Sat Oct 29 17:47:43 PDT 2016"
"2016-10-29 00:30:57 PDT","I","test2@match_com","SurveyManagerService","Still not time to prompt the survey"
"2016-10-29 00:30:57 PDT","I","test2@match_com","SurveyManagerService","Survey Schedule for KEY_EMA_1930TO2000_CHILD is Sat Oct 29 19:36:11 PDT 2016"
"2016-10-29 00:30:57 PDT","I","test2@match_com","SurveyManagerService","Still not time to prompt the survey"
"2016-10-29 00:30:57 PDT","I","test2@match_com","SurveyManagerService","KEY_SALIVA_WAKING is scheduled for Sat Oct 29 06:46:56 PDT 2016"
"2016-10-29 00:30:57 PDT","I","test2@match_com","SurveyManagerService","Prompt KEY_SALIVA_WAKING is in the future - Sat Oct 29 06:46:56 PDT 2016"
"2016-10-29 00:30:57 PDT","I","test2@match_com","SurveyManagerService","KEY_SALIVA_WAKING_PLUS_30 is scheduled for Sat Oct 29 07:16:56 PDT 2016"
"2016-10-29 00:30:57 PDT","I","test2@match_com","SurveyManagerService","Prompt KEY_SALIVA_WAKING_PLUS_30 is in the future - Sat Oct 29 07:16:56 PDT 2016"
"2016-10-29 00:30:57 PDT","I","test2@match_com","SurveyManagerService","KEY_SALIVA_AFTERNOON_4TO430_CHILD is scheduled for Sat Oct 29 16:16:27 PDT 2016"
"2016-10-29 00:30:57 PDT","I","test2@match_com","SurveyManagerService","Prompt KEY_SALIVA_AFTERNOON_4TO430_CHILD is in the future - Sat Oct 29 16:16:27 PDT 2016"
"2016-10-29 00:30:57 PDT","I","test2@match_com","SurveyManagerService","KEY_SALIVA_BEDTIME is scheduled for Sat Oct 29 21:46:57 PDT 2016"
"2016-10-29 00:30:57 PDT","I","test2@match_com","SurveyManagerService","Prompt KEY_SALIVA_BEDTIME is in the future - Sat Oct 29 21:46:57 PDT 2016"
"2016-10-29 00:30:57 PDT","I","test2@match_com","MinuteService","Inside onDestroy"
"2016-10-29 00:30:57 PDT","I","test2@match_com","UploadManagerService","Inside onDestroy"
"2016-10-29 00:30:57 PDT","I","test2@match_com","SurveyManagerService","Inside onDestroy"
"2016-10-29 00:30:57 PDT","I","test2@match_com","Zipper","unzipFileWithEncryption"
"2016-10-29 00:30:58 PDT","I","test2@match_com","Zipper","Deleting File - /storage/emulated/0/.MATCH/data/2016-10-29/00-PDT/GPS.csv.zip"
"2016-10-29 00:30:58 PDT","I","test2@match_com","Zipper","zipFileWithEncryption - /storage/emulated/0/.MATCH/data/2016-10-29/00-PDT/GPS.csv"
"2016-10-29 00:30:58 PDT","I","test2@match_com","Zipper","Creating ZipFile - /storage/emulated/0/.MATCH/data/2016-10-29/00-PDT/GPS.csv.zip"
"2016-10-29 00:30:58 PDT","I","test2@match_com","Zipper","Deleting File - /storage/emulated/0/.MATCH/data/2016-10-29/00-PDT/GPS.csv"
"2016-10-29 00:31:01 PDT","I","test2@match_com","UploadManagerService","Inside onCreate"
"2016-10-29 00:31:01 PDT","I","test2@match_com","UploadManagerService","Processing Logs"
"2016-10-29 00:31:01 PDT","I","test2@match_com","UploadManagerService","Processing Logs for Date - /storage/emulated/0/.MATCH/logs/2016-10-26"
"2016-10-29 00:31:01 PDT","I","test2@match_com","UploadManagerService","Processing Logs for Date - /storage/emulated/0/.MATCH/logs/2016-10-27"
"2016-10-29 00:31:01 PDT","I","test2@match_com","UploadManagerService","Processing Logs for Date - /storage/emulated/0/.MATCH/logs/2016-10-28"
"2016-10-29 00:31:01 PDT","I","test2@match_com","UploadManagerService","Processing Logs for Date - /storage/emulated/0/.MATCH/logs/2016-10-29"
"2016-10-29 00:31:01 PDT","I","test2@match_com","UploadManagerService","Processing Surveys"
"2016-10-29 00:31:01 PDT","I","test2@match_com","UploadManagerService","Processing Data files"
"2016-10-29 00:31:01 PDT","I","test2@match_com","UploadManagerService","Processing data for date - /storage/emulated/0/.MATCH/data/2016-10-26"
"2016-10-29 00:31:01 PDT","I","test2@match_com","UploadManagerService","Processing data for hour /storage/emulated/0/.MATCH/data/2016-10-26/19-PDT.zip.uploaded"
"2016-10-29 00:31:01 PDT","I","test2@match_com","UploadManagerService","Processing data for hour /storage/emulated/0/.MATCH/data/2016-10-26/13-PDT.zip.uploaded"
"2016-10-29 00:31:01 PDT","I","test2@match_com","UploadManagerService","Processing data for hour /storage/emulated/0/.MATCH/data/2016-10-26/14-PDT.zip.uploaded"
"2016-10-29 00:31:01 PDT","I","test2@match_com","UploadManagerService","Processing data for hour /storage/emulated/0/.MATCH/data/2016-10-26/15-PDT.zip.uploaded"
"2016-10-29 00:31:01 PDT","I","test2@match_com","UploadManagerService","Processing data for hour /storage/emulated/0/.MATCH/data/2016-10-26/16-PDT.zip.uploaded"
"2016-10-29 00:31:01 PDT","I","test2@match_com","UploadManagerService","Processing data for hour /storage/emulated/0/.MATCH/data/2016-10-26/17-PDT.zip.uploaded"
"2016-10-29 00:31:01 PDT","I","test2@match_com","UploadManagerService","Processing data for hour /storage/emulated/0/.MATCH/data/2016-10-26/21-PDT.zip.uploaded"
"2016-10-29 00:31:01 PDT","I","test2@match_com","UploadManagerService","Processing data for hour /storage/emulated/0/.MATCH/data/2016-10-26/22-PDT.zip.uploaded"
"2016-10-29 00:31:01 PDT","I","test2@match_com","UploadManagerService","Processing data for hour /storage/emulated/0/.MATCH/data/2016-10-26/18-PDT.zip.uploaded"
"2016-10-29 00:31:01 PDT","I","test2@match_com","UploadManagerService","Processing data for hour /storage/emulated/0/.MATCH/data/2016-10-26/20-PDT.zip.uploaded"
"2016-10-29 00:31:01 PDT","I","test2@match_com","UploadManagerService","Processing data for hour /storage/emulated/0/.MATCH/data/2016-10-26/23-PDT.zip.uploaded"
"2016-10-29 00:31:01 PDT","I","test2@match_com","UploadManagerService","Processing data for date - /storage/emulated/0/.MATCH/data/2016-10-27"
"2016-10-29 00:31:01 PDT","I","test2@match_com","UploadManagerService","Processing data for hour /storage/emulated/0/.MATCH/data/2016-10-27/01-PDT.zip.uploaded"
"2016-10-29 00:31:01 PDT","I","test2@match_com","UploadManagerService","Processing data for hour /storage/emulated/0/.MATCH/data/2016-10-27/03-PDT.zip.uploaded"
"2016-10-29 00:31:01 PDT","I","test2@match_com","UploadManagerService","Processing data for hour /storage/emulated/0/.MATCH/data/2016-10-27/04-PDT.zip.uploaded"
"2016-10-29 00:31:01 PDT","I","test2@match_com","UploadManagerService","Processing data for hour /storage/emulated/0/.MATCH/data/2016-10-27/06-PDT.zip.uploaded"
"2016-10-29 00:31:01 PDT","I","test2@match_com","UploadManagerService","Processing data for hour /storage/emulated/0/.MATCH/data/2016-10-27/00-PDT.zip.uploaded"
"2016-10-29 00:31:01 PDT","I","test2@match_com","UploadManagerService","Processing data for hour /storage/emulated/0/.MATCH/data/2016-10-27/02-PDT.zip.uploaded"
"2016-10-29 00:31:01 PDT","I","test2@match_com","UploadManagerService","Processing data for hour /storage/emulated/0/.MATCH/data/2016-10-27/05-PDT.zip.uploaded"
"2016-10-29 00:31:01 PDT","I","test2@match_com","UploadManagerService","Processing data for date - /storage/emulated/0/.MATCH/data/2016-10-28"
"2016-10-29 00:31:01 PDT","I","test2@match_com","UploadManagerService","Processing data for hour /storage/emulated/0/.MATCH/data/2016-10-28/13-PDT.zip"
"2016-10-29 00:31:01 PDT","I","test2@match_com","UploadManagerService","Processing data for hour /storage/emulated/0/.MATCH/data/2016-10-28/14-PDT.zip"
"2016-10-29 00:31:01 PDT","I","test2@match_com","UploadManagerService","Processing data for hour /storage/emulated/0/.MATCH/data/2016-10-28/15-PDT.zip"
"2016-10-29 00:31:01 PDT","I","test2@match_com","UploadManagerService","Processing data for hour /storage/emulated/0/.MATCH/data/2016-10-28/16-PDT.zip"
"2016-10-29 00:31:01 PDT","I","test2@match_com","UploadManagerService","Processing data for hour /storage/emulated/0/.MATCH/data/2016-10-28/17-PDT.zip"
"2016-10-29 00:31:01 PDT","I","test2@match_com","UploadManagerService","Processing data for hour /storage/emulated/0/.MATCH/data/2016-10-28/18-PDT.zip"
"2016-10-29 00:31:01 PDT","I","test2@match_com","UploadManagerService","Processing data for hour /storage/emulated/0/.MATCH/data/2016-10-28/19-PDT.zip"
"2016-10-29 00:31:01 PDT","I","test2@match_com","UploadManagerService","Processing data for hour /storage/emulated/0/.MATCH/data/2016-10-28/20-PDT.zip"
"2016-10-29 00:31:01 PDT","I","test2@match_com","UploadManagerService","Processing data for hour /storage/emulated/0/.MATCH/data/2016-10-28/21-PDT.zip"
"2016-10-29 00:31:01 PDT","I","test2@match_com","UploadManagerService","Processing data for hour /storage/emulated/0/.MATCH/data/2016-10-28/22-PDT.zip"
"2016-10-29 00:31:01 PDT","I","test2@match_com","UploadManagerService","Processing data for hour /storage/emulated/0/.MATCH/data/2016-10-28/23-PDT.zip"
"2016-10-29 00:31:01 PDT","I","test2@match_com","UploadManagerService","Processing data for date - /storage/emulated/0/.MATCH/data/2016-10-29"
"2016-10-29 00:31:01 PDT","I","test2@match_com","UploadManagerService","Processing data for hour /storage/emulated/0/.MATCH/data/2016-10-29/00-PDT"
"2016-10-29 00:31:01 PDT","I","test2@match_com","UploadManagerService","Internet is not connected. Not trying to upload files."
"2016-10-29 00:31:01 PDT","I","test2@match_com","MinuteService","Inside onCreate"
"2016-10-29 00:31:01 PDT","I","test2@match_com","MinuteService","Minute Service Alarm was set by - MinuteService"
"2016-10-29 00:31:01 PDT","I","test2@match_com","MinuteService","Time since previous run - 4"
"2016-10-29 00:31:01 PDT","I","test2@match_com","MinuteService","Previous run within last 50 seconds, ignoring this run"
"2016-10-29 00:31:01 PDT","I","test2@match_com","UploadManagerService","Inside onDestroy"
"2016-10-29 00:31:01 PDT","I","test2@match_com","MinuteService","Inside onDestroy"
"2016-10-29 00:31:02 PDT","I","test2@match_com","BackupMinuteService","Inside onCreate"
"2016-10-29 00:31:02 PDT","I","test2@match_com","Util","Inside setBackupMinuteServiceAlarm"
"2016-10-29 00:31:02 PDT","I","test2@match_com","Util","BackupMinuteService last run at - Sat Oct 29 00:31:02 PDT 2016"
"2016-10-29 00:31:02 PDT","I","test2@match_com","Util","BackupMinuteService next run at - Sat Oct 29 00:32:02 PDT 2016"
"2016-10-29 00:31:02 PDT","I","test2@match_com","MinuteService","Inside onCreate"
"2016-10-29 00:31:02 PDT","I","test2@match_com","MinuteService","Minute Service Alarm was set by - MinuteService"
"2016-10-29 00:31:02 PDT","I","test2@match_com","MinuteService","Time since previous run - 5"
"2016-10-29 00:31:02 PDT","I","test2@match_com","MinuteService","Previous run within last 50 seconds, ignoring this run"
"2016-10-29 00:31:02 PDT","I","test2@match_com","BackupMinuteService","Inside onDestroy"
"2016-10-29 00:31:02 PDT","I","test2@match_com","MinuteService","Inside onDestroy"
"2016-10-29 00:31:02 PDT","I","test2@match_com","AlwaysOnService","Received Intent - android.intent.action.TIME_TICK"
"2016-10-29 00:31:23 PDT","I","test2@match_com","AlwaysOnService","Received Intent - android.intent.action.BATTERY_CHANGED"
"2016-10-29 00:31:40 PDT","I","test2@match_com","AlwaysOnService","Received Intent - android.intent.action.BATTERY_CHANGED"
"2016-10-29 00:31:49 PDT","I","test2@match_com","AlwaysOnService","Received Intent - android.intent.action.BATTERY_CHANGED"
"2016-10-29 00:31:56 PDT","I","test2@match_com","MinuteService","Inside onCreate"
"2016-10-29 00:31:56 PDT","I","test2@match_com","MinuteService","Minute Service Alarm was set by - MinuteService"
"2016-10-29 00:31:56 PDT","I","test2@match_com","MinuteService","Time since previous run - 60"
"2016-10-29 00:31:56 PDT","I","test2@match_com","MinuteService","Setting Minute Service Last Run"
"2016-10-29 00:31:57 PDT","I","test2@match_com","MinuteService","Setting Minute Service Alarm"
"2016-10-29 00:31:57 PDT","I","test2@match_com","Util","Inside setMinuteServiceAlarmFromMinuteService"
"2016-10-29 00:31:57 PDT","I","test2@match_com","Util","MinuteService last run at - Sat Oct 29 00:31:57 PDT 2016"
"2016-10-29 00:31:57 PDT","I","test2@match_com","Util","MinuteService next run at - Sat Oct 29 00:32:57 PDT 2016"
"2016-10-29 00:31:57 PDT","I","test2@match_com","MinuteService","Setting Minute Service Backup Alarm"
"2016-10-29 00:31:57 PDT","I","test2@match_com","Util","Inside setBackupMinuteServiceAlarm"
"2016-10-29 00:31:57 PDT","I","test2@match_com","Util","BackupMinuteService last run at - Sat Oct 29 00:31:02 PDT 2016"
"2016-10-29 00:31:57 PDT","I","test2@match_com","Util","BackupMinuteService next run at - Sat Oct 29 00:32:02 PDT 2016"
"2016-10-29 00:31:57 PDT","I","test2@match_com","MinuteService","Initializing MATCHConstants"
"2016-10-29 00:31:57 PDT","I","test2@match_com","MinuteService","Notifying user about minute service run"
"2016-10-29 00:31:57 PDT","I","test2@match_com","MinuteService","Writing status to Firebase Database"
"2016-10-29 00:31:57 PDT","I","test2@match_com","MinuteService","Logging Network Status"
"2016-10-29 00:31:57 PDT","I","test2@match_com","ConnectivityManager","isConnected - false - isWifi - false - isMobileInternet - false"
"2016-10-29 00:31:57 PDT","I","test2@match_com","MinuteService","Logging Battery Status"
"2016-10-29 00:31:57 PDT","I","test2@match_com","BatteryManager","Percentage - 87 - isCharging - true - isUSBCharging - false - isACCharging - true - isWirelessCharging - false"
"2016-10-29 00:31:57 PDT","I","test2@match_com","MinuteService","Logging Memory Status"
"2016-10-29 00:31:57 PDT","I","test2@match_com","MemoryManager","Total Memory,898,Available Memory,413,Threshold Memory,144,IsLowMemory,false"
"2016-10-29 00:31:57 PDT","I","test2@match_com","MinuteService","Logging Storage Status"
"2016-10-29 00:31:57 PDT","I","test2@match_com","StorageManager","Internal Total,2247,Internal Free,589,External Total,4637,External Free,3936"
"2016-10-29 00:31:57 PDT","I","test2@match_com","MinuteService","Logging Power Status"
"2016-10-29 00:31:57 PDT","I","test2@match_com","PowerManager","isDeviceIdleMode - false - isInteractive - false - isPowerSaveMode - false - isSustainedPerformanceModeSupported - false"
"2016-10-29 00:31:57 PDT","I","test2@match_com","MinuteService","Logging Notifications Status"
"2016-10-29 00:31:57 PDT","I","test2@match_com","NotificationManager","AreNotificationsEnabled - true - Importance - Unspecified"
"2016-10-29 00:31:57 PDT","I","test2@match_com","MinuteService","Logging Location"
"2016-10-29 00:31:57 PDT","I","test2@match_com","MinuteService","Fetching latest study data"
"2016-10-29 00:31:57 PDT","I","test2@match_com","MinuteService","Starting UploadManagerService"
"2016-10-29 00:31:57 PDT","I","test2@match_com","MinuteService","Starting SurveyManagerService"
"2016-10-29 00:31:57 PDT","I","test2@match_com","UploadManagerService","Inside onCreate"
"2016-10-29 00:31:57 PDT","I","test2@match_com","UploadManagerService","Processing Logs"
"2016-10-29 00:31:57 PDT","I","test2@match_com","UploadManagerService","Processing Logs for Date - /storage/emulated/0/.MATCH/logs/2016-10-26"
"2016-10-29 00:31:57 PDT","I","test2@match_com","UploadManagerService","Processing Logs for Date - /storage/emulated/0/.MATCH/logs/2016-10-27"
"2016-10-29 00:31:57 PDT","I","test2@match_com","UploadManagerService","Processing Logs for Date - /storage/emulated/0/.MATCH/logs/2016-10-28"
"2016-10-29 00:31:57 PDT","I","test2@match_com","UploadManagerService","Processing Logs for Date - /storage/emulated/0/.MATCH/logs/2016-10-29"
"2016-10-29 00:31:57 PDT","I","test2@match_com","UploadManagerService","Processing Surveys"
"2016-10-29 00:31:57 PDT","I","test2@match_com","UploadManagerService","Processing Data files"
"2016-10-29 00:31:57 PDT","I","test2@match_com","UploadManagerService","Processing data for date - /storage/emulated/0/.MATCH/data/2016-10-26"
"2016-10-29 00:31:57 PDT","I","test2@match_com","UploadManagerService","Processing data for hour /storage/emulated/0/.MATCH/data/2016-10-26/19-PDT.zip.uploaded"
"2016-10-29 00:31:57 PDT","I","test2@match_com","UploadManagerService","Processing data for hour /storage/emulated/0/.MATCH/data/2016-10-26/13-PDT.zip.uploaded"
"2016-10-29 00:31:57 PDT","I","test2@match_com","UploadManagerService","Processing data for hour /storage/emulated/0/.MATCH/data/2016-10-26/14-PDT.zip.uploaded"
"2016-10-29 00:31:57 PDT","I","test2@match_com","UploadManagerService","Processing data for hour /storage/emulated/0/.MATCH/data/2016-10-26/15-PDT.zip.uploaded"
"2016-10-29 00:31:57 PDT","I","test2@match_com","UploadManagerService","Processing data for hour /storage/emulated/0/.MATCH/data/2016-10-26/16-PDT.zip.uploaded"
"2016-10-29 00:31:57 PDT","I","test2@match_com","UploadManagerService","Processing data for hour /storage/emulated/0/.MATCH/data/2016-10-26/17-PDT.zip.uploaded"
"2016-10-29 00:31:57 PDT","I","test2@match_com","UploadManagerService","Processing data for hour /storage/emulated/0/.MATCH/data/2016-10-26/21-PDT.zip.uploaded"
"2016-10-29 00:31:57 PDT","I","test2@match_com","UploadManagerService","Processing data for hour /storage/emulated/0/.MATCH/data/2016-10-26/22-PDT.zip.uploaded"
"2016-10-29 00:31:57 PDT","I","test2@match_com","UploadManagerService","Processing data for hour /storage/emulated/0/.MATCH/data/2016-10-26/18-PDT.zip.uploaded"
"2016-10-29 00:31:57 PDT","I","test2@match_com","UploadManagerService","Processing data for hour /storage/emulated/0/.MATCH/data/2016-10-26/20-PDT.zip.uploaded"
"2016-10-29 00:31:57 PDT","I","test2@match_com","UploadManagerService","Processing data for hour /storage/emulated/0/.MATCH/data/2016-10-26/23-PDT.zip.uploaded"
"2016-10-29 00:31:57 PDT","I","test2@match_com","UploadManagerService","Processing data for date - /storage/emulated/0/.MATCH/data/2016-10-27"
"2016-10-29 00:31:57 PDT","I","test2@match_com","UploadManagerService","Processing data for hour /storage/emulated/0/.MATCH/data/2016-10-27/01-PDT.zip.uploaded"
"2016-10-29 00:31:57 PDT","I","test2@match_com","UploadManagerService","Processing data for hour /storage/emulated/0/.MATCH/data/2016-10-27/03-PDT.zip.uploaded"
"2016-10-29 00:31:57 PDT","I","test2@match_com","UploadManagerService","Processing data for hour /storage/emulated/0/.MATCH/data/2016-10-27/04-PDT.zip.uploaded"
"2016-10-29 00:31:57 PDT","I","test2@match_com","UploadManagerService","Processing data for hour /storage/emulated/0/.MATCH/data/2016-10-27/06-PDT.zip.uploaded"
"2016-10-29 00:31:57 PDT","I","test2@match_com","UploadManagerService","Processing data for hour /storage/emulated/0/.MATCH/data/2016-10-27/00-PDT.zip.uploaded"
"2016-10-29 00:31:57 PDT","I","test2@match_com","UploadManagerService","Processing data for hour /storage/emulated/0/.MATCH/data/2016-10-27/02-PDT.zip.uploaded"
"2016-10-29 00:31:57 PDT","I","test2@match_com","UploadManagerService","Processing data for hour /storage/emulated/0/.MATCH/data/2016-10-27/05-PDT.zip.uploaded"
"2016-10-29 00:31:57 PDT","I","test2@match_com","UploadManagerService","Processing data for date - /storage/emulated/0/.MATCH/data/2016-10-28"
"2016-10-29 00:31:57 PDT","I","test2@match_com","UploadManagerService","Processing data for hour /storage/emulated/0/.MATCH/data/2016-10-28/13-PDT.zip"
"2016-10-29 00:31:57 PDT","I","test2@match_com","UploadManagerService","Processing data for hour /storage/emulated/0/.MATCH/data/2016-10-28/14-PDT.zip"
"2016-10-29 00:31:57 PDT","I","test2@match_com","UploadManagerService","Processing data for hour /storage/emulated/0/.MATCH/data/2016-10-28/15-PDT.zip"
"2016-10-29 00:31:57 PDT","I","test2@match_com","UploadManagerService","Processing data for hour /storage/emulated/0/.MATCH/data/2016-10-28/16-PDT.zip"
"2016-10-29 00:31:57 PDT","I","test2@match_com","UploadManagerService","Processing data for hour /storage/emulated/0/.MATCH/data/2016-10-28/17-PDT.zip"
"2016-10-29 00:31:57 PDT","I","test2@match_com","UploadManagerService","Processing data for hour /storage/emulated/0/.MATCH/data/2016-10-28/18-PDT.zip"
"2016-10-29 00:31:57 PDT","I","test2@match_com","UploadManagerService","Processing data for hour /storage/emulated/0/.MATCH/data/2016-10-28/19-PDT.zip"
"2016-10-29 00:31:57 PDT","I","test2@match_com","UploadManagerService","Processing data for hour /storage/emulated/0/.MATCH/data/2016-10-28/20-PDT.zip"
"2016-10-29 00:31:57 PDT","I","test2@match_com","UploadManagerService","Processing data for hour /storage/emulated/0/.MATCH/data/2016-10-28/21-PDT.zip"
"2016-10-29 00:31:57 PDT","I","test2@match_com","UploadManagerService","Processing data for hour /storage/emulated/0/.MATCH/data/2016-10-28/22-PDT.zip"
"2016-10-29 00:31:57 PDT","I","test2@match_com","UploadManagerService","Processing data for hour /storage/emulated/0/.MATCH/data/2016-10-28/23-PDT.zip"
"2016-10-29 00:31:57 PDT","I","test2@match_com","UploadManagerService","Processing data for date - /storage/emulated/0/.MATCH/data/2016-10-29"
"2016-10-29 00:31:57 PDT","I","test2@match_com","UploadManagerService","Processing data for hour /storage/emulated/0/.MATCH/data/2016-10-29/00-PDT"
"2016-10-29 00:31:57 PDT","I","test2@match_com","UploadManagerService","Internet is not connected. Not trying to upload files."
"2016-10-29 00:31:57 PDT","I","test2@match_com","SurveyManagerService","Inside onCreate"
"2016-10-29 00:31:57 PDT","I","test2@match_com","SurveyManagerService","Current time is - Sat Oct 29 00:31:57 PDT 2016"
"2016-10-29 00:31:57 PDT","I","test2@match_com","SurveyManagerService","Start Date is - Tue Oct 25 19:00:00 PDT 2016"
"2016-10-29 00:31:57 PDT","I","test2@match_com","SurveyManagerService","End Date is - Tue Nov 01 16:00:00 PDT 2016"
"2016-10-29 00:31:57 PDT","I","test2@match_com","SurveyManagerService","Scheduling Survey for - KEY_EMA_0730TO0800_CHILD"
"2016-10-29 00:31:57 PDT","I","test2@match_com","SurveyManagerService","Survey KEY_EMA_0730TO0800_CHILD is already scheduled"
"2016-10-29 00:31:57 PDT","I","test2@match_com","SurveyManagerService","Scheduling Survey for - KEY_EMA_0930TO1000_CHILD"
"2016-10-29 00:31:57 PDT","I","test2@match_com","SurveyManagerService","Survey KEY_EMA_0930TO1000_CHILD is already scheduled"
"2016-10-29 00:31:57 PDT","I","test2@match_com","SurveyManagerService","Scheduling Survey for - KEY_EMA_1130TO1200_CHILD"
"2016-10-29 00:31:57 PDT","I","test2@match_com","SurveyManagerService","Survey KEY_EMA_1130TO1200_CHILD is already scheduled"
"2016-10-29 00:31:57 PDT","I","test2@match_com","SurveyManagerService","Scheduling Survey for - KEY_EMA_1330TO1400_CHILD"
"2016-10-29 00:31:57 PDT","I","test2@match_com","SurveyManagerService","Survey KEY_EMA_1330TO1400_CHILD is already scheduled"
"2016-10-29 00:31:57 PDT","I","test2@match_com","SurveyManagerService","Scheduling Survey for - KEY_EMA_1530TO1600_CHILD"
"2016-10-29 00:31:57 PDT","I","test2@match_com","SurveyManagerService","Survey KEY_EMA_1530TO1600_CHILD is already scheduled"
"2016-10-29 00:31:57 PDT","I","test2@match_com","SurveyManagerService","Scheduling Survey for - KEY_EMA_1730TO1800_CHILD"
"2016-10-29 00:31:57 PDT","I","test2@match_com","SurveyManagerService","Survey KEY_EMA_1730TO1800_CHILD is already scheduled"
"2016-10-29 00:31:57 PDT","I","test2@match_com","SurveyManagerService","Scheduling Survey for - KEY_EMA_1930TO2000_CHILD"
"2016-10-29 00:31:57 PDT","I","test2@match_com","SurveyManagerService","Survey KEY_EMA_1930TO2000_CHILD is already scheduled"
"2016-10-29 00:31:57 PDT","I","test2@match_com","SurveyManagerService","Saliva surveys are already scheduled"
"2016-10-29 00:31:57 PDT","I","test2@match_com","SurveyManagerService","Survey KEY_SALIVA_BEDTIME scheduled for Sat Oct 29 21:46:57 PDT 2016"
"2016-10-29 00:31:57 PDT","I","test2@match_com","SurveyManagerService","Survey Schedule for KEY_EMA_0730TO0800_CHILD is Sat Oct 29 07:47:17 PDT 2016"
"2016-10-29 00:31:57 PDT","I","test2@match_com","SurveyManagerService","Still not time to prompt the survey"
"2016-10-29 00:31:57 PDT","I","test2@match_com","SurveyManagerService","Survey Schedule for KEY_EMA_0930TO1000_CHILD is Sat Oct 29 09:57:24 PDT 2016"
"2016-10-29 00:31:57 PDT","I","test2@match_com","SurveyManagerService","Still not time to prompt the survey"
"2016-10-29 00:31:57 PDT","I","test2@match_com","SurveyManagerService","Survey Schedule for KEY_EMA_1130TO1200_CHILD is Sat Oct 29 11:45:10 PDT 2016"
"2016-10-29 00:31:57 PDT","I","test2@match_com","SurveyManagerService","Still not time to prompt the survey"
"2016-10-29 00:31:57 PDT","I","test2@match_com","SurveyManagerService","Survey Schedule for KEY_EMA_1330TO1400_CHILD is Sat Oct 29 13:44:02 PDT 2016"
"2016-10-29 00:31:57 PDT","I","test2@match_com","SurveyManagerService","Still not time to prompt the survey"
"2016-10-29 00:31:57 PDT","I","test2@match_com","SurveyManagerService","Survey Schedule for KEY_EMA_1530TO1600_CHILD is Sat Oct 29 15:33:41 PDT 2016"
"2016-10-29 00:31:57 PDT","I","test2@match_com","SurveyManagerService","Still not time to prompt the survey"
"2016-10-29 00:31:57 PDT","I","test2@match_com","SurveyManagerService","Survey Schedule for KEY_EMA_1730TO1800_CHILD is Sat Oct 29 17:47:43 PDT 2016"
"2016-10-29 00:31:57 PDT","I","test2@match_com","SurveyManagerService","Still not time to prompt the survey"
"2016-10-29 00:31:57 PDT","I","test2@match_com","SurveyManagerService","Survey Schedule for KEY_EMA_1930TO2000_CHILD is Sat Oct 29 19:36:11 PDT 2016"
"2016-10-29 00:31:57 PDT","I","test2@match_com","SurveyManagerService","Still not time to prompt the survey"
"2016-10-29 00:31:57 PDT","I","test2@match_com","SurveyManagerService","KEY_SALIVA_WAKING is scheduled for Sat Oct 29 06:46:56 PDT 2016"
"2016-10-29 00:31:57 PDT","I","test2@match_com","SurveyManagerService","Prompt KEY_SALIVA_WAKING is in the future - Sat Oct 29 06:46:56 PDT 2016"
"2016-10-29 00:31:57 PDT","I","test2@match_com","SurveyManagerService","KEY_SALIVA_WAKING_PLUS_30 is scheduled for Sat Oct 29 07:16:56 PDT 2016"
"2016-10-29 00:31:57 PDT","I","test2@match_com","SurveyManagerService","Prompt KEY_SALIVA_WAKING_PLUS_30 is in the future - Sat Oct 29 07:16:56 PDT 2016"
"2016-10-29 00:31:57 PDT","I","test2@match_com","SurveyManagerService","KEY_SALIVA_AFTERNOON_4TO430_CHILD is scheduled for Sat Oct 29 16:16:27 PDT 2016"
"2016-10-29 00:31:57 PDT","I","test2@match_com","SurveyManagerService","Prompt KEY_SALIVA_AFTERNOON_4TO430_CHILD is in the future - Sat Oct 29 16:16:27 PDT 2016"
"2016-10-29 00:31:57 PDT","I","test2@match_com","SurveyManagerService","KEY_SALIVA_BEDTIME is scheduled for Sat Oct 29 21:46:57 PDT 2016"
"2016-10-29 00:31:57 PDT","I","test2@match_com","SurveyManagerService","Prompt KEY_SALIVA_BEDTIME is in the future - Sat Oct 29 21:46:57 PDT 2016"
"2016-10-29 00:31:57 PDT","I","test2@match_com","MinuteService","Inside onDestroy"
"2016-10-29 00:31:57 PDT","I","test2@match_com","UploadManagerService","Inside onDestroy"
"2016-10-29 00:31:57 PDT","I","test2@match_com","SurveyManagerService","Inside onDestroy"
"2016-10-29 00:31:57 PDT","I","test2@match_com","Zipper","unzipFileWithEncryption"
"2016-10-29 00:31:58 PDT","I","test2@match_com","Zipper","Deleting File - /storage/emulated/0/.MATCH/data/2016-10-29/00-PDT/GPS.csv.zip"
"2016-10-29 00:31:58 PDT","I","test2@match_com","Zipper","zipFileWithEncryption - /storage/emulated/0/.MATCH/data/2016-10-29/00-PDT/GPS.csv"
"2016-10-29 00:31:58 PDT","I","test2@match_com","Zipper","Creating ZipFile - /storage/emulated/0/.MATCH/data/2016-10-29/00-PDT/GPS.csv.zip"
"2016-10-29 00:31:58 PDT","I","test2@match_com","Zipper","Deleting File - /storage/emulated/0/.MATCH/data/2016-10-29/00-PDT/GPS.csv"
"2016-10-29 00:32:01 PDT","I","test2@match_com","UploadManagerService","Inside onCreate"
"2016-10-29 00:32:01 PDT","I","test2@match_com","UploadManagerService","Processing Logs"
"2016-10-29 00:32:01 PDT","I","test2@match_com","UploadManagerService","Processing Logs for Date - /storage/emulated/0/.MATCH/logs/2016-10-26"
"2016-10-29 00:32:01 PDT","I","test2@match_com","UploadManagerService","Processing Logs for Date - /storage/emulated/0/.MATCH/logs/2016-10-27"
"2016-10-29 00:32:01 PDT","I","test2@match_com","UploadManagerService","Processing Logs for Date - /storage/emulated/0/.MATCH/logs/2016-10-28"
"2016-10-29 00:32:01 PDT","I","test2@match_com","UploadManagerService","Processing Logs for Date - /storage/emulated/0/.MATCH/logs/2016-10-29"
"2016-10-29 00:32:01 PDT","I","test2@match_com","UploadManagerService","Processing Surveys"
"2016-10-29 00:32:01 PDT","I","test2@match_com","UploadManagerService","Processing Data files"
"2016-10-29 00:32:01 PDT","I","test2@match_com","UploadManagerService","Processing data for date - /storage/emulated/0/.MATCH/data/2016-10-26"
"2016-10-29 00:32:01 PDT","I","test2@match_com","UploadManagerService","Processing data for hour /storage/emulated/0/.MATCH/data/2016-10-26/19-PDT.zip.uploaded"
"2016-10-29 00:32:01 PDT","I","test2@match_com","UploadManagerService","Processing data for hour /storage/emulated/0/.MATCH/data/2016-10-26/13-PDT.zip.uploaded"
"2016-10-29 00:32:01 PDT","I","test2@match_com","UploadManagerService","Processing data for hour /storage/emulated/0/.MATCH/data/2016-10-26/14-PDT.zip.uploaded"
"2016-10-29 00:32:01 PDT","I","test2@match_com","UploadManagerService","Processing data for hour /storage/emulated/0/.MATCH/data/2016-10-26/15-PDT.zip.uploaded"
"2016-10-29 00:32:01 PDT","I","test2@match_com","UploadManagerService","Processing data for hour /storage/emulated/0/.MATCH/data/2016-10-26/16-PDT.zip.uploaded"
"2016-10-29 00:32:01 PDT","I","test2@match_com","UploadManagerService","Processing data for hour /storage/emulated/0/.MATCH/data/2016-10-26/17-PDT.zip.uploaded"
"2016-10-29 00:32:01 PDT","I","test2@match_com","UploadManagerService","Processing data for hour /storage/emulated/0/.MATCH/data/2016-10-26/21-PDT.zip.uploaded"
"2016-10-29 00:32:01 PDT","I","test2@match_com","UploadManagerService","Processing data for hour /storage/emulated/0/.MATCH/data/2016-10-26/22-PDT.zip.uploaded"
"2016-10-29 00:32:01 PDT","I","test2@match_com","UploadManagerService","Processing data for hour /storage/emulated/0/.MATCH/data/2016-10-26/18-PDT.zip.uploaded"
"2016-10-29 00:32:01 PDT","I","test2@match_com","UploadManagerService","Processing data for hour /storage/emulated/0/.MATCH/data/2016-10-26/20-PDT.zip.uploaded"
"2016-10-29 00:32:01 PDT","I","test2@match_com","UploadManagerService","Processing data for hour /storage/emulated/0/.MATCH/data/2016-10-26/23-PDT.zip.uploaded"
"2016-10-29 00:32:01 PDT","I","test2@match_com","UploadManagerService","Processing data for date - /storage/emulated/0/.MATCH/data/2016-10-27"
"2016-10-29 00:32:01 PDT","I","test2@match_com","UploadManagerService","Processing data for hour /storage/emulated/0/.MATCH/data/2016-10-27/01-PDT.zip.uploaded"
"2016-10-29 00:32:01 PDT","I","test2@match_com","UploadManagerService","Processing data for hour /storage/emulated/0/.MATCH/data/2016-10-27/03-PDT.zip.uploaded"
"2016-10-29 00:32:01 PDT","I","test2@match_com","UploadManagerService","Processing data for hour /storage/emulated/0/.MATCH/data/2016-10-27/04-PDT.zip.uploaded"
"2016-10-29 00:32:01 PDT","I","test2@match_com","UploadManagerService","Processing data for hour /storage/emulated/0/.MATCH/data/2016-10-27/06-PDT.zip.uploaded"
"2016-10-29 00:32:01 PDT","I","test2@match_com","UploadManagerService","Processing data for hour /storage/emulated/0/.MATCH/data/2016-10-27/00-PDT.zip.uploaded"
"2016-10-29 00:32:01 PDT","I","test2@match_com","UploadManagerService","Processing data for hour /storage/emulated/0/.MATCH/data/2016-10-27/02-PDT.zip.uploaded"
"2016-10-29 00:32:01 PDT","I","test2@match_com","UploadManagerService","Processing data for hour /storage/emulated/0/.MATCH/data/2016-10-27/05-PDT.zip.uploaded"
"2016-10-29 00:32:01 PDT","I","test2@match_com","UploadManagerService","Processing data for date - /storage/emulated/0/.MATCH/data/2016-10-28"
"2016-10-29 00:32:01 PDT","I","test2@match_com","UploadManagerService","Processing data for hour /storage/emulated/0/.MATCH/data/2016-10-28/13-PDT.zip"
"2016-10-29 00:32:01 PDT","I","test2@match_com","UploadManagerService","Processing data for hour /storage/emulated/0/.MATCH/data/2016-10-28/14-PDT.zip"
"2016-10-29 00:32:01 PDT","I","test2@match_com","UploadManagerService","Processing data for hour /storage/emulated/0/.MATCH/data/2016-10-28/15-PDT.zip"
"2016-10-29 00:32:01 PDT","I","test2@match_com","UploadManagerService","Processing data for hour /storage/emulated/0/.MATCH/data/2016-10-28/16-PDT.zip"
"2016-10-29 00:32:01 PDT","I","test2@match_com","UploadManagerService","Processing data for hour /storage/emulated/0/.MATCH/data/2016-10-28/17-PDT.zip"
"2016-10-29 00:32:01 PDT","I","test2@match_com","UploadManagerService","Processing data for hour /storage/emulated/0/.MATCH/data/2016-10-28/18-PDT.zip"
"2016-10-29 00:32:01 PDT","I","test2@match_com","UploadManagerService","Processing data for hour /storage/emulated/0/.MATCH/data/2016-10-28/19-PDT.zip"
"2016-10-29 00:32:01 PDT","I","test2@match_com","UploadManagerService","Processing data for hour /storage/emulated/0/.MATCH/data/2016-10-28/20-PDT.zip"
"2016-10-29 00:32:01 PDT","I","test2@match_com","UploadManagerService","Processing data for hour /storage/emulated/0/.MATCH/data/2016-10-28/21-PDT.zip"
"2016-10-29 00:32:01 PDT","I","test2@match_com","UploadManagerService","Processing data for hour /storage/emulated/0/.MATCH/data/2016-10-28/22-PDT.zip"
"2016-10-29 00:32:01 PDT","I","test2@match_com","UploadManagerService","Processing data for hour /storage/emulated/0/.MATCH/data/2016-10-28/23-PDT.zip"
"2016-10-29 00:32:01 PDT","I","test2@match_com","UploadManagerService","Processing data for date - /storage/emulated/0/.MATCH/data/2016-10-29"
"2016-10-29 00:32:01 PDT","I","test2@match_com","UploadManagerService","Processing data for hour /storage/emulated/0/.MATCH/data/2016-10-29/00-PDT"
"2016-10-29 00:32:01 PDT","I","test2@match_com","UploadManagerService","Internet is not connected. Not trying to upload files."
"2016-10-29 00:32:01 PDT","I","test2@match_com","MinuteService","Inside onCreate"
"2016-10-29 00:32:01 PDT","I","test2@match_com","MinuteService","Minute Service Alarm was set by - MinuteService"
"2016-10-29 00:32:01 PDT","I","test2@match_com","MinuteService","Time since previous run - 4"
"2016-10-29 00:32:01 PDT","I","test2@match_com","MinuteService","Previous run within last 50 seconds, ignoring this run"
"2016-10-29 00:32:01 PDT","I","test2@match_com","UploadManagerService","Inside onDestroy"
"2016-10-29 00:32:01 PDT","I","test2@match_com","MinuteService","Inside onDestroy"
"2016-10-29 00:32:02 PDT","I","test2@match_com","BackupMinuteService","Inside onCreate"
"2016-10-29 00:32:02 PDT","I","test2@match_com","Util","Inside setBackupMinuteServiceAlarm"
"2016-10-29 00:32:02 PDT","I","test2@match_com","Util","BackupMinuteService last run at - Sat Oct 29 00:32:02 PDT 2016"
"2016-10-29 00:32:02 PDT","I","test2@match_com","Util","BackupMinuteService next run at - Sat Oct 29 00:33:02 PDT 2016"
"2016-10-29 00:32:02 PDT","I","test2@match_com","MinuteService","Inside onCreate"
"2016-10-29 00:32:02 PDT","I","test2@match_com","MinuteService","Minute Service Alarm was set by - MinuteService"
"2016-10-29 00:32:02 PDT","I","test2@match_com","MinuteService","Time since previous run - 5"
"2016-10-29 00:32:02 PDT","I","test2@match_com","MinuteService","Previous run within last 50 seconds, ignoring this run"
"2016-10-29 00:32:02 PDT","I","test2@match_com","BackupMinuteService","Inside onDestroy"
"2016-10-29 00:32:02 PDT","I","test2@match_com","MinuteService","Inside onDestroy"
"2016-10-29 00:32:02 PDT","I","test2@match_com","AlwaysOnService","Received Intent - android.intent.action.TIME_TICK"
"2016-10-29 00:32:23 PDT","I","test2@match_com","AlwaysOnService","Received Intent - android.intent.action.BATTERY_CHANGED"
"2016-10-29 00:32:57 PDT","I","test2@match_com","MinuteService","Inside onCreate"
"2016-10-29 00:32:57 PDT","I","test2@match_com","MinuteService","Minute Service Alarm was set by - MinuteService"
"2016-10-29 00:32:57 PDT","I","test2@match_com","MinuteService","Time since previous run - 60"
"2016-10-29 00:32:57 PDT","I","test2@match_com","MinuteService","Setting Minute Service Last Run"
"2016-10-29 00:32:57 PDT","I","test2@match_com","MinuteService","Setting Minute Service Alarm"
"2016-10-29 00:32:57 PDT","I","test2@match_com","Util","Inside setMinuteServiceAlarmFromMinuteService"
"2016-10-29 00:32:57 PDT","I","test2@match_com","Util","MinuteService last run at - Sat Oct 29 00:32:57 PDT 2016"
"2016-10-29 00:32:57 PDT","I","test2@match_com","Util","MinuteService next run at - Sat Oct 29 00:33:57 PDT 2016"
"2016-10-29 00:32:57 PDT","I","test2@match_com","MinuteService","Setting Minute Service Backup Alarm"
"2016-10-29 00:32:57 PDT","I","test2@match_com","Util","Inside setBackupMinuteServiceAlarm"
"2016-10-29 00:32:57 PDT","I","test2@match_com","Util","BackupMinuteService last run at - Sat Oct 29 00:32:02 PDT 2016"
"2016-10-29 00:32:57 PDT","I","test2@match_com","Util","BackupMinuteService next run at - Sat Oct 29 00:33:02 PDT 2016"
"2016-10-29 00:32:57 PDT","I","test2@match_com","MinuteService","Initializing MATCHConstants"
"2016-10-29 00:32:57 PDT","I","test2@match_com","MinuteService","Notifying user about minute service run"
"2016-10-29 00:32:57 PDT","I","test2@match_com","MinuteService","Writing status to Firebase Database"
"2016-10-29 00:32:57 PDT","I","test2@match_com","MinuteService","Logging Network Status"
"2016-10-29 00:32:57 PDT","I","test2@match_com","ConnectivityManager","isConnected - false - isWifi - false - isMobileInternet - false"
"2016-10-29 00:32:57 PDT","I","test2@match_com","MinuteService","Logging Battery Status"
"2016-10-29 00:32:57 PDT","I","test2@match_com","BatteryManager","Percentage - 87 - isCharging - true - isUSBCharging - false - isACCharging - true - isWirelessCharging - false"
"2016-10-29 00:32:57 PDT","I","test2@match_com","MinuteService","Logging Memory Status"
"2016-10-29 00:32:57 PDT","I","test2@match_com","MemoryManager","Total Memory,898,Available Memory,412,Threshold Memory,144,IsLowMemory,false"
"2016-10-29 00:32:57 PDT","I","test2@match_com","MinuteService","Logging Storage Status"
"2016-10-29 00:32:57 PDT","I","test2@match_com","StorageManager","Internal Total,2247,Internal Free,589,External Total,4637,External Free,3936"
"2016-10-29 00:32:57 PDT","I","test2@match_com","MinuteService","Logging Power Status"
"2016-10-29 00:32:57 PDT","I","test2@match_com","PowerManager","isDeviceIdleMode - false - isInteractive - false - isPowerSaveMode - false - isSustainedPerformanceModeSupported - false"
"2016-10-29 00:32:57 PDT","I","test2@match_com","MinuteService","Logging Notifications Status"
"2016-10-29 00:32:57 PDT","I","test2@match_com","NotificationManager","AreNotificationsEnabled - true - Importance - Unspecified"
"2016-10-29 00:32:57 PDT","I","test2@match_com","MinuteService","Logging Location"
"2016-10-29 00:32:57 PDT","I","test2@match_com","MinuteService","Fetching latest study data"
"2016-10-29 00:32:57 PDT","I","test2@match_com","MinuteService","Starting UploadManagerService"
"2016-10-29 00:32:57 PDT","I","test2@match_com","MinuteService","Starting SurveyManagerService"
"2016-10-29 00:32:57 PDT","I","test2@match_com","UploadManagerService","Inside onCreate"
"2016-10-29 00:32:57 PDT","I","test2@match_com","UploadManagerService","Processing Logs"
"2016-10-29 00:32:57 PDT","I","test2@match_com","UploadManagerService","Processing Logs for Date - /storage/emulated/0/.MATCH/logs/2016-10-26"
"2016-10-29 00:32:57 PDT","I","test2@match_com","UploadManagerService","Processing Logs for Date - /storage/emulated/0/.MATCH/logs/2016-10-27"
"2016-10-29 00:32:57 PDT","I","test2@match_com","UploadManagerService","Processing Logs for Date - /storage/emulated/0/.MATCH/logs/2016-10-28"
"2016-10-29 00:32:57 PDT","I","test2@match_com","UploadManagerService","Processing Logs for Date - /storage/emulated/0/.MATCH/logs/2016-10-29"
"2016-10-29 00:32:57 PDT","I","test2@match_com","UploadManagerService","Processing Surveys"
"2016-10-29 00:32:57 PDT","I","test2@match_com","UploadManagerService","Processing Data files"
"2016-10-29 00:32:57 PDT","I","test2@match_com","UploadManagerService","Processing data for date - /storage/emulated/0/.MATCH/data/2016-10-26"
"2016-10-29 00:32:57 PDT","I","test2@match_com","UploadManagerService","Processing data for hour /storage/emulated/0/.MATCH/data/2016-10-26/19-PDT.zip.uploaded"
"2016-10-29 00:32:57 PDT","I","test2@match_com","UploadManagerService","Processing data for hour /storage/emulated/0/.MATCH/data/2016-10-26/13-PDT.zip.uploaded"
"2016-10-29 00:32:57 PDT","I","test2@match_com","UploadManagerService","Processing data for hour /storage/emulated/0/.MATCH/data/2016-10-26/14-PDT.zip.uploaded"
"2016-10-29 00:32:57 PDT","I","test2@match_com","UploadManagerService","Processing data for hour /storage/emulated/0/.MATCH/data/2016-10-26/15-PDT.zip.uploaded"
"2016-10-29 00:32:57 PDT","I","test2@match_com","UploadManagerService","Processing data for hour /storage/emulated/0/.MATCH/data/2016-10-26/16-PDT.zip.uploaded"
"2016-10-29 00:32:57 PDT","I","test2@match_com","UploadManagerService","Processing data for hour /storage/emulated/0/.MATCH/data/2016-10-26/17-PDT.zip.uploaded"
"2016-10-29 00:32:57 PDT","I","test2@match_com","UploadManagerService","Processing data for hour /storage/emulated/0/.MATCH/data/2016-10-26/21-PDT.zip.uploaded"
"2016-10-29 00:32:57 PDT","I","test2@match_com","UploadManagerService","Processing data for hour /storage/emulated/0/.MATCH/data/2016-10-26/22-PDT.zip.uploaded"
"2016-10-29 00:32:57 PDT","I","test2@match_com","UploadManagerService","Processing data for hour /storage/emulated/0/.MATCH/data/2016-10-26/18-PDT.zip.uploaded"
"2016-10-29 00:32:57 PDT","I","test2@match_com","UploadManagerService","Processing data for hour /storage/emulated/0/.MATCH/data/2016-10-26/20-PDT.zip.uploaded"
"2016-10-29 00:32:57 PDT","I","test2@match_com","UploadManagerService","Processing data for hour /storage/emulated/0/.MATCH/data/2016-10-26/23-PDT.zip.uploaded"
"2016-10-29 00:32:57 PDT","I","test2@match_com","UploadManagerService","Processing data for date - /storage/emulated/0/.MATCH/data/2016-10-27"
"2016-10-29 00:32:57 PDT","I","test2@match_com","UploadManagerService","Processing data for hour /storage/emulated/0/.MATCH/data/2016-10-27/01-PDT.zip.uploaded"
"2016-10-29 00:32:57 PDT","I","test2@match_com","UploadManagerService","Processing data for hour /storage/emulated/0/.MATCH/data/2016-10-27/03-PDT.zip.uploaded"
"2016-10-29 00:32:57 PDT","I","test2@match_com","UploadManagerService","Processing data for hour /storage/emulated/0/.MATCH/data/2016-10-27/04-PDT.zip.uploaded"
"2016-10-29 00:32:57 PDT","I","test2@match_com","UploadManagerService","Processing data for hour /storage/emulated/0/.MATCH/data/2016-10-27/06-PDT.zip.uploaded"
"2016-10-29 00:32:57 PDT","I","test2@match_com","UploadManagerService","Processing data for hour /storage/emulated/0/.MATCH/data/2016-10-27/00-PDT.zip.uploaded"
"2016-10-29 00:32:57 PDT","I","test2@match_com","UploadManagerService","Processing data for hour /storage/emulated/0/.MATCH/data/2016-10-27/02-PDT.zip.uploaded"
"2016-10-29 00:32:57 PDT","I","test2@match_com","UploadManagerService","Processing data for hour /storage/emulated/0/.MATCH/data/2016-10-27/05-PDT.zip.uploaded"
"2016-10-29 00:32:57 PDT","I","test2@match_com","UploadManagerService","Processing data for date - /storage/emulated/0/.MATCH/data/2016-10-28"
"2016-10-29 00:32:57 PDT","I","test2@match_com","UploadManagerService","Processing data for hour /storage/emulated/0/.MATCH/data/2016-10-28/13-PDT.zip"
"2016-10-29 00:32:57 PDT","I","test2@match_com","UploadManagerService","Processing data for hour /storage/emulated/0/.MATCH/data/2016-10-28/14-PDT.zip"
"2016-10-29 00:32:57 PDT","I","test2@match_com","UploadManagerService","Processing data for hour /storage/emulated/0/.MATCH/data/2016-10-28/15-PDT.zip"
"2016-10-29 00:32:57 PDT","I","test2@match_com","UploadManagerService","Processing data for hour /storage/emulated/0/.MATCH/data/2016-10-28/16-PDT.zip"
"2016-10-29 00:32:57 PDT","I","test2@match_com","UploadManagerService","Processing data for hour /storage/emulated/0/.MATCH/data/2016-10-28/17-PDT.zip"
"2016-10-29 00:32:57 PDT","I","test2@match_com","UploadManagerService","Processing data for hour /storage/emulated/0/.MATCH/data/2016-10-28/18-PDT.zip"
"2016-10-29 00:32:57 PDT","I","test2@match_com","UploadManagerService","Processing data for hour /storage/emulated/0/.MATCH/data/2016-10-28/19-PDT.zip"
"2016-10-29 00:32:57 PDT","I","test2@match_com","UploadManagerService","Processing data for hour /storage/emulated/0/.MATCH/data/2016-10-28/20-PDT.zip"
"2016-10-29 00:32:57 PDT","I","test2@match_com","UploadManagerService","Processing data for hour /storage/emulated/0/.MATCH/data/2016-10-28/21-PDT.zip"
"2016-10-29 00:32:57 PDT","I","test2@match_com","UploadManagerService","Processing data for hour /storage/emulated/0/.MATCH/data/2016-10-28/22-PDT.zip"
"2016-10-29 00:32:57 PDT","I","test2@match_com","UploadManagerService","Processing data for hour /storage/emulated/0/.MATCH/data/2016-10-28/23-PDT.zip"
"2016-10-29 00:32:57 PDT","I","test2@match_com","UploadManagerService","Processing data for date - /storage/emulated/0/.MATCH/data/2016-10-29"
"2016-10-29 00:32:57 PDT","I","test2@match_com","UploadManagerService","Processing data for hour /storage/emulated/0/.MATCH/data/2016-10-29/00-PDT"
"2016-10-29 00:32:57 PDT","I","test2@match_com","UploadManagerService","Internet is not connected. Not trying to upload files."
"2016-10-29 00:32:57 PDT","I","test2@match_com","SurveyManagerService","Inside onCreate"
"2016-10-29 00:32:57 PDT","I","test2@match_com","SurveyManagerService","Current time is - Sat Oct 29 00:32:57 PDT 2016"
"2016-10-29 00:32:57 PDT","I","test2@match_com","SurveyManagerService","Start Date is - Tue Oct 25 19:00:00 PDT 2016"
"2016-10-29 00:32:57 PDT","I","test2@match_com","SurveyManagerService","End Date is - Tue Nov 01 16:00:00 PDT 2016"
"2016-10-29 00:32:57 PDT","I","test2@match_com","SurveyManagerService","Scheduling Survey for - KEY_EMA_0730TO0800_CHILD"
"2016-10-29 00:32:57 PDT","I","test2@match_com","SurveyManagerService","Survey KEY_EMA_0730TO0800_CHILD is already scheduled"
"2016-10-29 00:32:57 PDT","I","test2@match_com","SurveyManagerService","Scheduling Survey for - KEY_EMA_0930TO1000_CHILD"
"2016-10-29 00:32:57 PDT","I","test2@match_com","SurveyManagerService","Survey KEY_EMA_0930TO1000_CHILD is already scheduled"
"2016-10-29 00:32:57 PDT","I","test2@match_com","SurveyManagerService","Scheduling Survey for - KEY_EMA_1130TO1200_CHILD"
"2016-10-29 00:32:57 PDT","I","test2@match_com","SurveyManagerService","Survey KEY_EMA_1130TO1200_CHILD is already scheduled"
"2016-10-29 00:32:57 PDT","I","test2@match_com","SurveyManagerService","Scheduling Survey for - KEY_EMA_1330TO1400_CHILD"
"2016-10-29 00:32:57 PDT","I","test2@match_com","SurveyManagerService","Survey KEY_EMA_1330TO1400_CHILD is already scheduled"
"2016-10-29 00:32:57 PDT","I","test2@match_com","SurveyManagerService","Scheduling Survey for - KEY_EMA_1530TO1600_CHILD"
"2016-10-29 00:32:57 PDT","I","test2@match_com","SurveyManagerService","Survey KEY_EMA_1530TO1600_CHILD is already scheduled"
"2016-10-29 00:32:57 PDT","I","test2@match_com","SurveyManagerService","Scheduling Survey for - KEY_EMA_1730TO1800_CHILD"
"2016-10-29 00:32:57 PDT","I","test2@match_com","SurveyManagerService","Survey KEY_EMA_1730TO1800_CHILD is already scheduled"
"2016-10-29 00:32:57 PDT","I","test2@match_com","SurveyManagerService","Scheduling Survey for - KEY_EMA_1930TO2000_CHILD"
"2016-10-29 00:32:57 PDT","I","test2@match_com","SurveyManagerService","Survey KEY_EMA_1930TO2000_CHILD is already scheduled"
"2016-10-29 00:32:57 PDT","I","test2@match_com","SurveyManagerService","Saliva surveys are already scheduled"
"2016-10-29 00:32:57 PDT","I","test2@match_com","SurveyManagerService","Survey KEY_SALIVA_BEDTIME scheduled for Sat Oct 29 21:46:57 PDT 2016"
"2016-10-29 00:32:57 PDT","I","test2@match_com","SurveyManagerService","Survey Schedule for KEY_EMA_0730TO0800_CHILD is Sat Oct 29 07:47:17 PDT 2016"
"2016-10-29 00:32:57 PDT","I","test2@match_com","SurveyManagerService","Still not time to prompt the survey"
"2016-10-29 00:32:57 PDT","I","test2@match_com","SurveyManagerService","Survey Schedule for KEY_EMA_0930TO1000_CHILD is Sat Oct 29 09:57:24 PDT 2016"
"2016-10-29 00:32:57 PDT","I","test2@match_com","SurveyManagerService","Still not time to prompt the survey"
"2016-10-29 00:32:57 PDT","I","test2@match_com","SurveyManagerService","Survey Schedule for KEY_EMA_1130TO1200_CHILD is Sat Oct 29 11:45:10 PDT 2016"
"2016-10-29 00:32:57 PDT","I","test2@match_com","SurveyManagerService","Still not time to prompt the survey"
"2016-10-29 00:32:57 PDT","I","test2@match_com","SurveyManagerService","Survey Schedule for KEY_EMA_1330TO1400_CHILD is Sat Oct 29 13:44:02 PDT 2016"
"2016-10-29 00:32:57 PDT","I","test2@match_com","SurveyManagerService","Still not time to prompt the survey"
"2016-10-29 00:32:57 PDT","I","test2@match_com","SurveyManagerService","Survey Schedule for KEY_EMA_1530TO1600_CHILD is Sat Oct 29 15:33:41 PDT 2016"
"2016-10-29 00:32:57 PDT","I","test2@match_com","SurveyManagerService","Still not time to prompt the survey"
"2016-10-29 00:32:57 PDT","I","test2@match_com","SurveyManagerService","Survey Schedule for KEY_EMA_1730TO1800_CHILD is Sat Oct 29 17:47:43 PDT 2016"
"2016-10-29 00:32:57 PDT","I","test2@match_com","SurveyManagerService","Still not time to prompt the survey"
"2016-10-29 00:32:57 PDT","I","test2@match_com","SurveyManagerService","Survey Schedule for KEY_EMA_1930TO2000_CHILD is Sat Oct 29 19:36:11 PDT 2016"
"2016-10-29 00:32:57 PDT","I","test2@match_com","SurveyManagerService","Still not time to prompt the survey"
"2016-10-29 00:32:57 PDT","I","test2@match_com","SurveyManagerService","KEY_SALIVA_WAKING is scheduled for Sat Oct 29 06:46:56 PDT 2016"
"2016-10-29 00:32:57 PDT","I","test2@match_com","SurveyManagerService","Prompt KEY_SALIVA_WAKING is in the future - Sat Oct 29 06:46:56 PDT 2016"
"2016-10-29 00:32:57 PDT","I","test2@match_com","SurveyManagerService","KEY_SALIVA_WAKING_PLUS_30 is scheduled for Sat Oct 29 07:16:56 PDT 2016"
"2016-10-29 00:32:57 PDT","I","test2@match_com","SurveyManagerService","Prompt KEY_SALIVA_WAKING_PLUS_30 is in the future - Sat Oct 29 07:16:56 PDT 2016"
"2016-10-29 00:32:57 PDT","I","test2@match_com","SurveyManagerService","KEY_SALIVA_AFTERNOON_4TO430_CHILD is scheduled for Sat Oct 29 16:16:27 PDT 2016"
"2016-10-29 00:32:57 PDT","I","test2@match_com","SurveyManagerService","Prompt KEY_SALIVA_AFTERNOON_4TO430_CHILD is in the future - Sat Oct 29 16:16:27 PDT 2016"
"2016-10-29 00:32:57 PDT","I","test2@match_com","SurveyManagerService","KEY_SALIVA_BEDTIME is scheduled for Sat Oct 29 21:46:57 PDT 2016"
"2016-10-29 00:32:57 PDT","I","test2@match_com","SurveyManagerService","Prompt KEY_SALIVA_BEDTIME is in the future - Sat Oct 29 21:46:57 PDT 2016"
"2016-10-29 00:32:57 PDT","I","test2@match_com","MinuteService","Inside onDestroy"
"2016-10-29 00:32:57 PDT","I","test2@match_com","UploadManagerService","Inside onDestroy"
"2016-10-29 00:32:57 PDT","I","test2@match_com","SurveyManagerService","Inside onDestroy"
"2016-10-29 00:32:57 PDT","I","test2@match_com","Zipper","unzipFileWithEncryption"
"2016-10-29 00:32:58 PDT","I","test2@match_com","Zipper","Deleting File - /storage/emulated/0/.MATCH/data/2016-10-29/00-PDT/GPS.csv.zip"
"2016-10-29 00:32:58 PDT","I","test2@match_com","Zipper","zipFileWithEncryption - /storage/emulated/0/.MATCH/data/2016-10-29/00-PDT/GPS.csv"
"2016-10-29 00:32:58 PDT","I","test2@match_com","Zipper","Creating ZipFile - /storage/emulated/0/.MATCH/data/2016-10-29/00-PDT/GPS.csv.zip"
"2016-10-29 00:32:58 PDT","I","test2@match_com","Zipper","Deleting File - /storage/emulated/0/.MATCH/data/2016-10-29/00-PDT/GPS.csv"
"2016-10-29 00:33:01 PDT","I","test2@match_com","UploadManagerService","Inside onCreate"
"2016-10-29 00:33:01 PDT","I","test2@match_com","UploadManagerService","Processing Logs"
"2016-10-29 00:33:01 PDT","I","test2@match_com","UploadManagerService","Processing Logs for Date - /storage/emulated/0/.MATCH/logs/2016-10-26"
"2016-10-29 00:33:01 PDT","I","test2@match_com","UploadManagerService","Processing Logs for Date - /storage/emulated/0/.MATCH/logs/2016-10-27"
"2016-10-29 00:33:01 PDT","I","test2@match_com","UploadManagerService","Processing Logs for Date - /storage/emulated/0/.MATCH/logs/2016-10-28"
"2016-10-29 00:33:01 PDT","I","test2@match_com","UploadManagerService","Processing Logs for Date - /storage/emulated/0/.MATCH/logs/2016-10-29"
"2016-10-29 00:33:01 PDT","I","test2@match_com","UploadManagerService","Processing Surveys"
"2016-10-29 00:33:01 PDT","I","test2@match_com","UploadManagerService","Processing Data files"
"2016-10-29 00:33:01 PDT","I","test2@match_com","UploadManagerService","Processing data for date - /storage/emulated/0/.MATCH/data/2016-10-26"
"2016-10-29 00:33:01 PDT","I","test2@match_com","UploadManagerService","Processing data for hour /storage/emulated/0/.MATCH/data/2016-10-26/19-PDT.zip.uploaded"
"2016-10-29 00:33:01 PDT","I","test2@match_com","UploadManagerService","Processing data for hour /storage/emulated/0/.MATCH/data/2016-10-26/13-PDT.zip.uploaded"
"2016-10-29 00:33:01 PDT","I","test2@match_com","UploadManagerService","Processing data for hour /storage/emulated/0/.MATCH/data/2016-10-26/14-PDT.zip.uploaded"
"2016-10-29 00:33:01 PDT","I","test2@match_com","UploadManagerService","Processing data for hour /storage/emulated/0/.MATCH/data/2016-10-26/15-PDT.zip.uploaded"
"2016-10-29 00:33:01 PDT","I","test2@match_com","UploadManagerService","Processing data for hour /storage/emulated/0/.MATCH/data/2016-10-26/16-PDT.zip.uploaded"
"2016-10-29 00:33:01 PDT","I","test2@match_com","UploadManagerService","Processing data for hour /storage/emulated/0/.MATCH/data/2016-10-26/17-PDT.zip.uploaded"
"2016-10-29 00:33:01 PDT","I","test2@match_com","UploadManagerService","Processing data for hour /storage/emulated/0/.MATCH/data/2016-10-26/21-PDT.zip.uploaded"
"2016-10-29 00:33:01 PDT","I","test2@match_com","UploadManagerService","Processing data for hour /storage/emulated/0/.MATCH/data/2016-10-26/22-PDT.zip.uploaded"
"2016-10-29 00:33:01 PDT","I","test2@match_com","UploadManagerService","Processing data for hour /storage/emulated/0/.MATCH/data/2016-10-26/18-PDT.zip.uploaded"
"2016-10-29 00:33:01 PDT","I","test2@match_com","UploadManagerService","Processing data for hour /storage/emulated/0/.MATCH/data/2016-10-26/20-PDT.zip.uploaded"
"2016-10-29 00:33:01 PDT","I","test2@match_com","UploadManagerService","Processing data for hour /storage/emulated/0/.MATCH/data/2016-10-26/23-PDT.zip.uploaded"
"2016-10-29 00:33:01 PDT","I","test2@match_com","UploadManagerService","Processing data for date - /storage/emulated/0/.MATCH/data/2016-10-27"
"2016-10-29 00:33:01 PDT","I","test2@match_com","UploadManagerService","Processing data for hour /storage/emulated/0/.MATCH/data/2016-10-27/01-PDT.zip.uploaded"
"2016-10-29 00:33:01 PDT","I","test2@match_com","UploadManagerService","Processing data for hour /storage/emulated/0/.MATCH/data/2016-10-27/03-PDT.zip.uploaded"
"2016-10-29 00:33:01 PDT","I","test2@match_com","UploadManagerService","Processing data for hour /storage/emulated/0/.MATCH/data/2016-10-27/04-PDT.zip.uploaded"
"2016-10-29 00:33:01 PDT","I","test2@match_com","UploadManagerService","Processing data for hour /storage/emulated/0/.MATCH/data/2016-10-27/06-PDT.zip.uploaded"
"2016-10-29 00:33:01 PDT","I","test2@match_com","UploadManagerService","Processing data for hour /storage/emulated/0/.MATCH/data/2016-10-27/00-PDT.zip.uploaded"
"2016-10-29 00:33:01 PDT","I","test2@match_com","UploadManagerService","Processing data for hour /storage/emulated/0/.MATCH/data/2016-10-27/02-PDT.zip.uploaded"
"2016-10-29 00:33:01 PDT","I","test2@match_com","UploadManagerService","Processing data for hour /storage/emulated/0/.MATCH/data/2016-10-27/05-PDT.zip.uploaded"
"2016-10-29 00:33:01 PDT","I","test2@match_com","UploadManagerService","Processing data for date - /storage/emulated/0/.MATCH/data/2016-10-28"
"2016-10-29 00:33:01 PDT","I","test2@match_com","UploadManagerService","Processing data for hour /storage/emulated/0/.MATCH/data/2016-10-28/13-PDT.zip"
"2016-10-29 00:33:01 PDT","I","test2@match_com","UploadManagerService","Processing data for hour /storage/emulated/0/.MATCH/data/2016-10-28/14-PDT.zip"
"2016-10-29 00:33:01 PDT","I","test2@match_com","UploadManagerService","Processing data for hour /storage/emulated/0/.MATCH/data/2016-10-28/15-PDT.zip"
"2016-10-29 00:33:01 PDT","I","test2@match_com","UploadManagerService","Processing data for hour /storage/emulated/0/.MATCH/data/2016-10-28/16-PDT.zip"
"2016-10-29 00:33:01 PDT","I","test2@match_com","UploadManagerService","Processing data for hour /storage/emulated/0/.MATCH/data/2016-10-28/17-PDT.zip"
"2016-10-29 00:33:01 PDT","I","test2@match_com","UploadManagerService","Processing data for hour /storage/emulated/0/.MATCH/data/2016-10-28/18-PDT.zip"
"2016-10-29 00:33:01 PDT","I","test2@match_com","UploadManagerService","Processing data for hour /storage/emulated/0/.MATCH/data/2016-10-28/19-PDT.zip"
"2016-10-29 00:33:01 PDT","I","test2@match_com","UploadManagerService","Processing data for hour /storage/emulated/0/.MATCH/data/2016-10-28/20-PDT.zip"
"2016-10-29 00:33:01 PDT","I","test2@match_com","UploadManagerService","Processing data for hour /storage/emulated/0/.MATCH/data/2016-10-28/21-PDT.zip"
"2016-10-29 00:33:01 PDT","I","test2@match_com","UploadManagerService","Processing data for hour /storage/emulated/0/.MATCH/data/2016-10-28/22-PDT.zip"
"2016-10-29 00:33:01 PDT","I","test2@match_com","UploadManagerService","Processing data for hour /storage/emulated/0/.MATCH/data/2016-10-28/23-PDT.zip"
"2016-10-29 00:33:01 PDT","I","test2@match_com","UploadManagerService","Processing data for date - /storage/emulated/0/.MATCH/data/2016-10-29"
"2016-10-29 00:33:01 PDT","I","test2@match_com","UploadManagerService","Processing data for hour /storage/emulated/0/.MATCH/data/2016-10-29/00-PDT"
"2016-10-29 00:33:01 PDT","I","test2@match_com","UploadManagerService","Internet is not connected. Not trying to upload files."
"2016-10-29 00:33:01 PDT","I","test2@match_com","MinuteService","Inside onCreate"
"2016-10-29 00:33:01 PDT","I","test2@match_com","MinuteService","Minute Service Alarm was set by - MinuteService"
"2016-10-29 00:33:01 PDT","I","test2@match_com","MinuteService","Time since previous run - 4"
"2016-10-29 00:33:01 PDT","I","test2@match_com","MinuteService","Previous run within last 50 seconds, ignoring this run"
"2016-10-29 00:33:01 PDT","I","test2@match_com","UploadManagerService","Inside onDestroy"
"2016-10-29 00:33:01 PDT","I","test2@match_com","MinuteService","Inside onDestroy"
"2016-10-29 00:33:02 PDT","I","test2@match_com","BackupMinuteService","Inside onCreate"
"2016-10-29 00:33:02 PDT","I","test2@match_com","Util","Inside setBackupMinuteServiceAlarm"
"2016-10-29 00:33:02 PDT","I","test2@match_com","Util","BackupMinuteService last run at - Sat Oct 29 00:33:02 PDT 2016"
"2016-10-29 00:33:02 PDT","I","test2@match_com","Util","BackupMinuteService next run at - Sat Oct 29 00:34:02 PDT 2016"
"2016-10-29 00:33:02 PDT","I","test2@match_com","MinuteService","Inside onCreate"
"2016-10-29 00:33:02 PDT","I","test2@match_com","MinuteService","Minute Service Alarm was set by - MinuteService"
"2016-10-29 00:33:02 PDT","I","test2@match_com","MinuteService","Time since previous run - 5"
"2016-10-29 00:33:02 PDT","I","test2@match_com","MinuteService","Previous run within last 50 seconds, ignoring this run"
"2016-10-29 00:33:02 PDT","I","test2@match_com","BackupMinuteService","Inside onDestroy"
"2016-10-29 00:33:02 PDT","I","test2@match_com","MinuteService","Inside onDestroy"
"2016-10-29 00:33:02 PDT","I","test2@match_com","AlwaysOnService","Received Intent - android.intent.action.TIME_TICK"
"2016-10-29 00:33:23 PDT","I","test2@match_com","AlwaysOnService","Received Intent - android.intent.action.BATTERY_CHANGED"
"2016-10-29 00:33:49 PDT","I","test2@match_com","AlwaysOnService","Received Intent - android.intent.action.BATTERY_CHANGED"
"2016-10-29 00:33:57 PDT","I","test2@match_com","MinuteService","Inside onCreate"
"2016-10-29 00:33:57 PDT","I","test2@match_com","MinuteService","Minute Service Alarm was set by - MinuteService"
"2016-10-29 00:33:57 PDT","I","test2@match_com","MinuteService","Time since previous run - 60"
"2016-10-29 00:33:57 PDT","I","test2@match_com","MinuteService","Setting Minute Service Last Run"
"2016-10-29 00:33:57 PDT","I","test2@match_com","MinuteService","Setting Minute Service Alarm"
"2016-10-29 00:33:57 PDT","I","test2@match_com","Util","Inside setMinuteServiceAlarmFromMinuteService"
"2016-10-29 00:33:57 PDT","I","test2@match_com","Util","MinuteService last run at - Sat Oct 29 00:33:57 PDT 2016"
"2016-10-29 00:33:57 PDT","I","test2@match_com","Util","MinuteService next run at - Sat Oct 29 00:34:57 PDT 2016"
"2016-10-29 00:33:57 PDT","I","test2@match_com","MinuteService","Setting Minute Service Backup Alarm"
"2016-10-29 00:33:57 PDT","I","test2@match_com","Util","Inside setBackupMinuteServiceAlarm"
"2016-10-29 00:33:57 PDT","I","test2@match_com","Util","BackupMinuteService last run at - Sat Oct 29 00:33:02 PDT 2016"
"2016-10-29 00:33:57 PDT","I","test2@match_com","Util","BackupMinuteService next run at - Sat Oct 29 00:34:02 PDT 2016"
"2016-10-29 00:33:57 PDT","I","test2@match_com","MinuteService","Initializing MATCHConstants"
"2016-10-29 00:33:57 PDT","I","test2@match_com","MinuteService","Notifying user about minute service run"
"2016-10-29 00:33:57 PDT","I","test2@match_com","MinuteService","Writing status to Firebase Database"
"2016-10-29 00:33:57 PDT","I","test2@match_com","MinuteService","Logging Network Status"
"2016-10-29 00:33:57 PDT","I","test2@match_com","ConnectivityManager","isConnected - false - isWifi - false - isMobileInternet - false"
"2016-10-29 00:33:57 PDT","I","test2@match_com","MinuteService","Logging Battery Status"
"2016-10-29 00:33:57 PDT","I","test2@match_com","BatteryManager","Percentage - 87 - isCharging - true - isUSBCharging - false - isACCharging - true - isWirelessCharging - false"
"2016-10-29 00:33:57 PDT","I","test2@match_com","MinuteService","Logging Memory Status"
"2016-10-29 00:33:57 PDT","I","test2@match_com","MemoryManager","Total Memory,898,Available Memory,411,Threshold Memory,144,IsLowMemory,false"
"2016-10-29 00:33:57 PDT","I","test2@match_com","MinuteService","Logging Storage Status"
"2016-10-29 00:33:57 PDT","I","test2@match_com","StorageManager","Internal Total,2247,Internal Free,589,External Total,4637,External Free,3936"
"2016-10-29 00:33:57 PDT","I","test2@match_com","MinuteService","Logging Power Status"
"2016-10-29 00:33:57 PDT","I","test2@match_com","PowerManager","isDeviceIdleMode - false - isInteractive - false - isPowerSaveMode - false - isSustainedPerformanceModeSupported - false"
"2016-10-29 00:33:57 PDT","I","test2@match_com","MinuteService","Logging Notifications Status"
"2016-10-29 00:33:57 PDT","I","test2@match_com","NotificationManager","AreNotificationsEnabled - true - Importance - Unspecified"
"2016-10-29 00:33:57 PDT","I","test2@match_com","MinuteService","Logging Location"
"2016-10-29 00:33:57 PDT","I","test2@match_com","MinuteService","Fetching latest study data"
"2016-10-29 00:33:57 PDT","I","test2@match_com","MinuteService","Starting UploadManagerService"
"2016-10-29 00:33:57 PDT","I","test2@match_com","MinuteService","Starting SurveyManagerService"
"2016-10-29 00:33:57 PDT","I","test2@match_com","UploadManagerService","Inside onCreate"
"2016-10-29 00:33:57 PDT","I","test2@match_com","UploadManagerService","Processing Logs"
"2016-10-29 00:33:57 PDT","I","test2@match_com","UploadManagerService","Processing Logs for Date - /storage/emulated/0/.MATCH/logs/2016-10-26"
"2016-10-29 00:33:57 PDT","I","test2@match_com","UploadManagerService","Processing Logs for Date - /storage/emulated/0/.MATCH/logs/2016-10-27"
"2016-10-29 00:33:57 PDT","I","test2@match_com","UploadManagerService","Processing Logs for Date - /storage/emulated/0/.MATCH/logs/2016-10-28"
"2016-10-29 00:33:57 PDT","I","test2@match_com","UploadManagerService","Processing Logs for Date - /storage/emulated/0/.MATCH/logs/2016-10-29"
"2016-10-29 00:33:57 PDT","I","test2@match_com","UploadManagerService","Processing Surveys"
"2016-10-29 00:33:57 PDT","I","test2@match_com","UploadManagerService","Processing Data files"
"2016-10-29 00:33:57 PDT","I","test2@match_com","UploadManagerService","Processing data for date - /storage/emulated/0/.MATCH/data/2016-10-26"
"2016-10-29 00:33:57 PDT","I","test2@match_com","UploadManagerService","Processing data for hour /storage/emulated/0/.MATCH/data/2016-10-26/19-PDT.zip.uploaded"
"2016-10-29 00:33:57 PDT","I","test2@match_com","UploadManagerService","Processing data for hour /storage/emulated/0/.MATCH/data/2016-10-26/13-PDT.zip.uploaded"
"2016-10-29 00:33:57 PDT","I","test2@match_com","UploadManagerService","Processing data for hour /storage/emulated/0/.MATCH/data/2016-10-26/14-PDT.zip.uploaded"
"2016-10-29 00:33:57 PDT","I","test2@match_com","UploadManagerService","Processing data for hour /storage/emulated/0/.MATCH/data/2016-10-26/15-PDT.zip.uploaded"
"2016-10-29 00:33:57 PDT","I","test2@match_com","UploadManagerService","Processing data for hour /storage/emulated/0/.MATCH/data/2016-10-26/16-PDT.zip.uploaded"
"2016-10-29 00:33:57 PDT","I","test2@match_com","UploadManagerService","Processing data for hour /storage/emulated/0/.MATCH/data/2016-10-26/17-PDT.zip.uploaded"
"2016-10-29 00:33:57 PDT","I","test2@match_com","UploadManagerService","Processing data for hour /storage/emulated/0/.MATCH/data/2016-10-26/21-PDT.zip.uploaded"
"2016-10-29 00:33:57 PDT","I","test2@match_com","UploadManagerService","Processing data for hour /storage/emulated/0/.MATCH/data/2016-10-26/22-PDT.zip.uploaded"
"2016-10-29 00:33:57 PDT","I","test2@match_com","UploadManagerService","Processing data for hour /storage/emulated/0/.MATCH/data/2016-10-26/18-PDT.zip.uploaded"
"2016-10-29 00:33:57 PDT","I","test2@match_com","UploadManagerService","Processing data for hour /storage/emulated/0/.MATCH/data/2016-10-26/20-PDT.zip.uploaded"
"2016-10-29 00:33:57 PDT","I","test2@match_com","UploadManagerService","Processing data for hour /storage/emulated/0/.MATCH/data/2016-10-26/23-PDT.zip.uploaded"
"2016-10-29 00:33:57 PDT","I","test2@match_com","UploadManagerService","Processing data for date - /storage/emulated/0/.MATCH/data/2016-10-27"
"2016-10-29 00:33:57 PDT","I","test2@match_com","UploadManagerService","Processing data for hour /storage/emulated/0/.MATCH/data/2016-10-27/01-PDT.zip.uploaded"
"2016-10-29 00:33:57 PDT","I","test2@match_com","UploadManagerService","Processing data for hour /storage/emulated/0/.MATCH/data/2016-10-27/03-PDT.zip.uploaded"
"2016-10-29 00:33:57 PDT","I","test2@match_com","UploadManagerService","Processing data for hour /storage/emulated/0/.MATCH/data/2016-10-27/04-PDT.zip.uploaded"
"2016-10-29 00:33:57 PDT","I","test2@match_com","UploadManagerService","Processing data for hour /storage/emulated/0/.MATCH/data/2016-10-27/06-PDT.zip.uploaded"
"2016-10-29 00:33:57 PDT","I","test2@match_com","UploadManagerService","Processing data for hour /storage/emulated/0/.MATCH/data/2016-10-27/00-PDT.zip.uploaded"
"2016-10-29 00:33:57 PDT","I","test2@match_com","UploadManagerService","Processing data for hour /storage/emulated/0/.MATCH/data/2016-10-27/02-PDT.zip.uploaded"
"2016-10-29 00:33:57 PDT","I","test2@match_com","UploadManagerService","Processing data for hour /storage/emulated/0/.MATCH/data/2016-10-27/05-PDT.zip.uploaded"
"2016-10-29 00:33:57 PDT","I","test2@match_com","UploadManagerService","Processing data for date - /storage/emulated/0/.MATCH/data/2016-10-28"
"2016-10-29 00:33:57 PDT","I","test2@match_com","UploadManagerService","Processing data for hour /storage/emulated/0/.MATCH/data/2016-10-28/13-PDT.zip"
"2016-10-29 00:33:57 PDT","I","test2@match_com","UploadManagerService","Processing data for hour /storage/emulated/0/.MATCH/data/2016-10-28/14-PDT.zip"
"2016-10-29 00:33:57 PDT","I","test2@match_com","UploadManagerService","Processing data for hour /storage/emulated/0/.MATCH/data/2016-10-28/15-PDT.zip"
"2016-10-29 00:33:57 PDT","I","test2@match_com","UploadManagerService","Processing data for hour /storage/emulated/0/.MATCH/data/2016-10-28/16-PDT.zip"
"2016-10-29 00:33:57 PDT","I","test2@match_com","UploadManagerService","Processing data for hour /storage/emulated/0/.MATCH/data/2016-10-28/17-PDT.zip"
"2016-10-29 00:33:57 PDT","I","test2@match_com","UploadManagerService","Processing data for hour /storage/emulated/0/.MATCH/data/2016-10-28/18-PDT.zip"
"2016-10-29 00:33:57 PDT","I","test2@match_com","UploadManagerService","Processing data for hour /storage/emulated/0/.MATCH/data/2016-10-28/19-PDT.zip"
"2016-10-29 00:33:57 PDT","I","test2@match_com","UploadManagerService","Processing data for hour /storage/emulated/0/.MATCH/data/2016-10-28/20-PDT.zip"
"2016-10-29 00:33:57 PDT","I","test2@match_com","UploadManagerService","Processing data for hour /storage/emulated/0/.MATCH/data/2016-10-28/21-PDT.zip"
"2016-10-29 00:33:57 PDT","I","test2@match_com","UploadManagerService","Processing data for hour /storage/emulated/0/.MATCH/data/2016-10-28/22-PDT.zip"
"2016-10-29 00:33:57 PDT","I","test2@match_com","UploadManagerService","Processing data for hour /storage/emulated/0/.MATCH/data/2016-10-28/23-PDT.zip"
"2016-10-29 00:33:57 PDT","I","test2@match_com","UploadManagerService","Processing data for date - /storage/emulated/0/.MATCH/data/2016-10-29"
"2016-10-29 00:33:57 PDT","I","test2@match_com","UploadManagerService","Processing data for hour /storage/emulated/0/.MATCH/data/2016-10-29/00-PDT"
"2016-10-29 00:33:57 PDT","I","test2@match_com","UploadManagerService","Internet is not connected. Not trying to upload files."
"2016-10-29 00:33:57 PDT","I","test2@match_com","SurveyManagerService","Inside onCreate"
"2016-10-29 00:33:57 PDT","I","test2@match_com","SurveyManagerService","Current time is - Sat Oct 29 00:33:57 PDT 2016"
"2016-10-29 00:33:57 PDT","I","test2@match_com","SurveyManagerService","Start Date is - Tue Oct 25 19:00:00 PDT 2016"
"2016-10-29 00:33:57 PDT","I","test2@match_com","SurveyManagerService","End Date is - Tue Nov 01 16:00:00 PDT 2016"
"2016-10-29 00:33:57 PDT","I","test2@match_com","SurveyManagerService","Scheduling Survey for - KEY_EMA_0730TO0800_CHILD"
"2016-10-29 00:33:57 PDT","I","test2@match_com","SurveyManagerService","Survey KEY_EMA_0730TO0800_CHILD is already scheduled"
"2016-10-29 00:33:57 PDT","I","test2@match_com","SurveyManagerService","Scheduling Survey for - KEY_EMA_0930TO1000_CHILD"
"2016-10-29 00:33:57 PDT","I","test2@match_com","SurveyManagerService","Survey KEY_EMA_0930TO1000_CHILD is already scheduled"
"2016-10-29 00:33:57 PDT","I","test2@match_com","SurveyManagerService","Scheduling Survey for - KEY_EMA_1130TO1200_CHILD"
"2016-10-29 00:33:57 PDT","I","test2@match_com","SurveyManagerService","Survey KEY_EMA_1130TO1200_CHILD is already scheduled"
"2016-10-29 00:33:57 PDT","I","test2@match_com","SurveyManagerService","Scheduling Survey for - KEY_EMA_1330TO1400_CHILD"
"2016-10-29 00:33:57 PDT","I","test2@match_com","SurveyManagerService","Survey KEY_EMA_1330TO1400_CHILD is already scheduled"
"2016-10-29 00:33:57 PDT","I","test2@match_com","SurveyManagerService","Scheduling Survey for - KEY_EMA_1530TO1600_CHILD"
"2016-10-29 00:33:57 PDT","I","test2@match_com","SurveyManagerService","Survey KEY_EMA_1530TO1600_CHILD is already scheduled"
"2016-10-29 00:33:57 PDT","I","test2@match_com","SurveyManagerService","Scheduling Survey for - KEY_EMA_1730TO1800_CHILD"
"2016-10-29 00:33:57 PDT","I","test2@match_com","SurveyManagerService","Survey KEY_EMA_1730TO1800_CHILD is already scheduled"
"2016-10-29 00:33:57 PDT","I","test2@match_com","SurveyManagerService","Scheduling Survey for - KEY_EMA_1930TO2000_CHILD"
"2016-10-29 00:33:57 PDT","I","test2@match_com","SurveyManagerService","Survey KEY_EMA_1930TO2000_CHILD is already scheduled"
"2016-10-29 00:33:57 PDT","I","test2@match_com","SurveyManagerService","Saliva surveys are already scheduled"
"2016-10-29 00:33:57 PDT","I","test2@match_com","SurveyManagerService","Survey KEY_SALIVA_BEDTIME scheduled for Sat Oct 29 21:46:57 PDT 2016"
"2016-10-29 00:33:57 PDT","I","test2@match_com","SurveyManagerService","Survey Schedule for KEY_EMA_0730TO0800_CHILD is Sat Oct 29 07:47:17 PDT 2016"
"2016-10-29 00:33:57 PDT","I","test2@match_com","SurveyManagerService","Still not time to prompt the survey"
"2016-10-29 00:33:57 PDT","I","test2@match_com","SurveyManagerService","Survey Schedule for KEY_EMA_0930TO1000_CHILD is Sat Oct 29 09:57:24 PDT 2016"
"2016-10-29 00:33:57 PDT","I","test2@match_com","SurveyManagerService","Still not time to prompt the survey"
"2016-10-29 00:33:57 PDT","I","test2@match_com","SurveyManagerService","Survey Schedule for KEY_EMA_1130TO1200_CHILD is Sat Oct 29 11:45:10 PDT 2016"
"2016-10-29 00:33:57 PDT","I","test2@match_com","SurveyManagerService","Still not time to prompt the survey"
"2016-10-29 00:33:57 PDT","I","test2@match_com","SurveyManagerService","Survey Schedule for KEY_EMA_1330TO1400_CHILD is Sat Oct 29 13:44:02 PDT 2016"
"2016-10-29 00:33:57 PDT","I","test2@match_com","SurveyManagerService","Still not time to prompt the survey"
"2016-10-29 00:33:57 PDT","I","test2@match_com","SurveyManagerService","Survey Schedule for KEY_EMA_1530TO1600_CHILD is Sat Oct 29 15:33:41 PDT 2016"
"2016-10-29 00:33:57 PDT","I","test2@match_com","SurveyManagerService","Still not time to prompt the survey"
"2016-10-29 00:33:57 PDT","I","test2@match_com","SurveyManagerService","Survey Schedule for KEY_EMA_1730TO1800_CHILD is Sat Oct 29 17:47:43 PDT 2016"
"2016-10-29 00:33:57 PDT","I","test2@match_com","SurveyManagerService","Still not time to prompt the survey"
"2016-10-29 00:33:57 PDT","I","test2@match_com","SurveyManagerService","Survey Schedule for KEY_EMA_1930TO2000_CHILD is Sat Oct 29 19:36:11 PDT 2016"
"2016-10-29 00:33:57 PDT","I","test2@match_com","SurveyManagerService","Still not time to prompt the survey"
"2016-10-29 00:33:57 PDT","I","test2@match_com","SurveyManagerService","KEY_SALIVA_WAKING is scheduled for Sat Oct 29 06:46:56 PDT 2016"
"2016-10-29 00:33:57 PDT","I","test2@match_com","SurveyManagerService","Prompt KEY_SALIVA_WAKING is in the future - Sat Oct 29 06:46:56 PDT 2016"
"2016-10-29 00:33:57 PDT","I","test2@match_com","SurveyManagerService","KEY_SALIVA_WAKING_PLUS_30 is scheduled for Sat Oct 29 07:16:56 PDT 2016"
"2016-10-29 00:33:57 PDT","I","test2@match_com","SurveyManagerService","Prompt KEY_SALIVA_WAKING_PLUS_30 is in the future - Sat Oct 29 07:16:56 PDT 2016"
"2016-10-29 00:33:57 PDT","I","test2@match_com","SurveyManagerService","KEY_SALIVA_AFTERNOON_4TO430_CHILD is scheduled for Sat Oct 29 16:16:27 PDT 2016"
"2016-10-29 00:33:57 PDT","I","test2@match_com","SurveyManagerService","Prompt KEY_SALIVA_AFTERNOON_4TO430_CHILD is in the future - Sat Oct 29 16:16:27 PDT 2016"
"2016-10-29 00:33:57 PDT","I","test2@match_com","SurveyManagerService","KEY_SALIVA_BEDTIME is scheduled for Sat Oct 29 21:46:57 PDT 2016"
"2016-10-29 00:33:57 PDT","I","test2@match_com","SurveyManagerService","Prompt KEY_SALIVA_BEDTIME is in the future - Sat Oct 29 21:46:57 PDT 2016"
"2016-10-29 00:33:57 PDT","I","test2@match_com","MinuteService","Inside onDestroy"
"2016-10-29 00:33:57 PDT","I","test2@match_com","UploadManagerService","Inside onDestroy"
"2016-10-29 00:33:58 PDT","I","test2@match_com","SurveyManagerService","Inside onDestroy"
"2016-10-29 00:33:58 PDT","I","test2@match_com","Zipper","unzipFileWithEncryption"
"2016-10-29 00:33:58 PDT","I","test2@match_com","Zipper","Deleting File - /storage/emulated/0/.MATCH/data/2016-10-29/00-PDT/GPS.csv.zip"
"2016-10-29 00:33:58 PDT","I","test2@match_com","Zipper","zipFileWithEncryption - /storage/emulated/0/.MATCH/data/2016-10-29/00-PDT/GPS.csv"
"2016-10-29 00:33:58 PDT","I","test2@match_com","Zipper","Creating ZipFile - /storage/emulated/0/.MATCH/data/2016-10-29/00-PDT/GPS.csv.zip"
"2016-10-29 00:33:58 PDT","I","test2@match_com","Zipper","Deleting File - /storage/emulated/0/.MATCH/data/2016-10-29/00-PDT/GPS.csv"
"2016-10-29 00:34:01 PDT","I","test2@match_com","UploadManagerService","Inside onCreate"
"2016-10-29 00:34:01 PDT","I","test2@match_com","UploadManagerService","Processing Logs"
"2016-10-29 00:34:01 PDT","I","test2@match_com","UploadManagerService","Processing Logs for Date - /storage/emulated/0/.MATCH/logs/2016-10-26"
"2016-10-29 00:34:01 PDT","I","test2@match_com","UploadManagerService","Processing Logs for Date - /storage/emulated/0/.MATCH/logs/2016-10-27"
"2016-10-29 00:34:01 PDT","I","test2@match_com","UploadManagerService","Processing Logs for Date - /storage/emulated/0/.MATCH/logs/2016-10-28"
"2016-10-29 00:34:01 PDT","I","test2@match_com","UploadManagerService","Processing Logs for Date - /storage/emulated/0/.MATCH/logs/2016-10-29"
"2016-10-29 00:34:01 PDT","I","test2@match_com","UploadManagerService","Processing Surveys"
"2016-10-29 00:34:01 PDT","I","test2@match_com","UploadManagerService","Processing Data files"
"2016-10-29 00:34:01 PDT","I","test2@match_com","UploadManagerService","Processing data for date - /storage/emulated/0/.MATCH/data/2016-10-26"
"2016-10-29 00:34:01 PDT","I","test2@match_com","UploadManagerService","Processing data for hour /storage/emulated/0/.MATCH/data/2016-10-26/19-PDT.zip.uploaded"
"2016-10-29 00:34:01 PDT","I","test2@match_com","UploadManagerService","Processing data for hour /storage/emulated/0/.MATCH/data/2016-10-26/13-PDT.zip.uploaded"
"2016-10-29 00:34:01 PDT","I","test2@match_com","UploadManagerService","Processing data for hour /storage/emulated/0/.MATCH/data/2016-10-26/14-PDT.zip.uploaded"
"2016-10-29 00:34:01 PDT","I","test2@match_com","UploadManagerService","Processing data for hour /storage/emulated/0/.MATCH/data/2016-10-26/15-PDT.zip.uploaded"
"2016-10-29 00:34:01 PDT","I","test2@match_com","UploadManagerService","Processing data for hour /storage/emulated/0/.MATCH/data/2016-10-26/16-PDT.zip.uploaded"
"2016-10-29 00:34:01 PDT","I","test2@match_com","UploadManagerService","Processing data for hour /storage/emulated/0/.MATCH/data/2016-10-26/17-PDT.zip.uploaded"
"2016-10-29 00:34:01 PDT","I","test2@match_com","UploadManagerService","Processing data for hour /storage/emulated/0/.MATCH/data/2016-10-26/21-PDT.zip.uploaded"
"2016-10-29 00:34:01 PDT","I","test2@match_com","UploadManagerService","Processing data for hour /storage/emulated/0/.MATCH/data/2016-10-26/22-PDT.zip.uploaded"
"2016-10-29 00:34:01 PDT","I","test2@match_com","UploadManagerService","Processing data for hour /storage/emulated/0/.MATCH/data/2016-10-26/18-PDT.zip.uploaded"
"2016-10-29 00:34:01 PDT","I","test2@match_com","UploadManagerService","Processing data for hour /storage/emulated/0/.MATCH/data/2016-10-26/20-PDT.zip.uploaded"
"2016-10-29 00:34:01 PDT","I","test2@match_com","UploadManagerService","Processing data for hour /storage/emulated/0/.MATCH/data/2016-10-26/23-PDT.zip.uploaded"
"2016-10-29 00:34:01 PDT","I","test2@match_com","UploadManagerService","Processing data for date - /storage/emulated/0/.MATCH/data/2016-10-27"
"2016-10-29 00:34:01 PDT","I","test2@match_com","UploadManagerService","Processing data for hour /storage/emulated/0/.MATCH/data/2016-10-27/01-PDT.zip.uploaded"
"2016-10-29 00:34:01 PDT","I","test2@match_com","UploadManagerService","Processing data for hour /storage/emulated/0/.MATCH/data/2016-10-27/03-PDT.zip.uploaded"
"2016-10-29 00:34:01 PDT","I","test2@match_com","UploadManagerService","Processing data for hour /storage/emulated/0/.MATCH/data/2016-10-27/04-PDT.zip.uploaded"
"2016-10-29 00:34:01 PDT","I","test2@match_com","UploadManagerService","Processing data for hour /storage/emulated/0/.MATCH/data/2016-10-27/06-PDT.zip.uploaded"
"2016-10-29 00:34:01 PDT","I","test2@match_com","UploadManagerService","Processing data for hour /storage/emulated/0/.MATCH/data/2016-10-27/00-PDT.zip.uploaded"
"2016-10-29 00:34:01 PDT","I","test2@match_com","UploadManagerService","Processing data for hour /storage/emulated/0/.MATCH/data/2016-10-27/02-PDT.zip.uploaded"
"2016-10-29 00:34:01 PDT","I","test2@match_com","UploadManagerService","Processing data for hour /storage/emulated/0/.MATCH/data/2016-10-27/05-PDT.zip.uploaded"
"2016-10-29 00:34:01 PDT","I","test2@match_com","UploadManagerService","Processing data for date - /storage/emulated/0/.MATCH/data/2016-10-28"
"2016-10-29 00:34:01 PDT","I","test2@match_com","UploadManagerService","Processing data for hour /storage/emulated/0/.MATCH/data/2016-10-28/13-PDT.zip"
"2016-10-29 00:34:01 PDT","I","test2@match_com","UploadManagerService","Processing data for hour /storage/emulated/0/.MATCH/data/2016-10-28/14-PDT.zip"
"2016-10-29 00:34:01 PDT","I","test2@match_com","UploadManagerService","Processing data for hour /storage/emulated/0/.MATCH/data/2016-10-28/15-PDT.zip"
"2016-10-29 00:34:01 PDT","I","test2@match_com","UploadManagerService","Processing data for hour /storage/emulated/0/.MATCH/data/2016-10-28/16-PDT.zip"
"2016-10-29 00:34:01 PDT","I","test2@match_com","UploadManagerService","Processing data for hour /storage/emulated/0/.MATCH/data/2016-10-28/17-PDT.zip"
"2016-10-29 00:34:01 PDT","I","test2@match_com","UploadManagerService","Processing data for hour /storage/emulated/0/.MATCH/data/2016-10-28/18-PDT.zip"
"2016-10-29 00:34:01 PDT","I","test2@match_com","UploadManagerService","Processing data for hour /storage/emulated/0/.MATCH/data/2016-10-28/19-PDT.zip"
"2016-10-29 00:34:01 PDT","I","test2@match_com","UploadManagerService","Processing data for hour /storage/emulated/0/.MATCH/data/2016-10-28/20-PDT.zip"
"2016-10-29 00:34:01 PDT","I","test2@match_com","UploadManagerService","Processing data for hour /storage/emulated/0/.MATCH/data/2016-10-28/21-PDT.zip"
"2016-10-29 00:34:01 PDT","I","test2@match_com","UploadManagerService","Processing data for hour /storage/emulated/0/.MATCH/data/2016-10-28/22-PDT.zip"
"2016-10-29 00:34:01 PDT","I","test2@match_com","UploadManagerService","Processing data for hour /storage/emulated/0/.MATCH/data/2016-10-28/23-PDT.zip"
"2016-10-29 00:34:01 PDT","I","test2@match_com","UploadManagerService","Processing data for date - /storage/emulated/0/.MATCH/data/2016-10-29"
"2016-10-29 00:34:01 PDT","I","test2@match_com","UploadManagerService","Processing data for hour /storage/emulated/0/.MATCH/data/2016-10-29/00-PDT"
"2016-10-29 00:34:01 PDT","I","test2@match_com","UploadManagerService","Internet is not connected. Not trying to upload files."
"2016-10-29 00:34:01 PDT","I","test2@match_com","MinuteService","Inside onCreate"
"2016-10-29 00:34:01 PDT","I","test2@match_com","MinuteService","Minute Service Alarm was set by - MinuteService"
"2016-10-29 00:34:01 PDT","I","test2@match_com","MinuteService","Time since previous run - 4"
"2016-10-29 00:34:01 PDT","I","test2@match_com","MinuteService","Previous run within last 50 seconds, ignoring this run"
"2016-10-29 00:34:01 PDT","I","test2@match_com","UploadManagerService","Inside onDestroy"
"2016-10-29 00:34:01 PDT","I","test2@match_com","MinuteService","Inside onDestroy"
"2016-10-29 00:34:02 PDT","I","test2@match_com","BackupMinuteService","Inside onCreate"
"2016-10-29 00:34:02 PDT","I","test2@match_com","Util","Inside setBackupMinuteServiceAlarm"
"2016-10-29 00:34:02 PDT","I","test2@match_com","Util","BackupMinuteService last run at - Sat Oct 29 00:34:02 PDT 2016"
"2016-10-29 00:34:02 PDT","I","test2@match_com","Util","BackupMinuteService next run at - Sat Oct 29 00:35:02 PDT 2016"
"2016-10-29 00:34:02 PDT","I","test2@match_com","MinuteService","Inside onCreate"
"2016-10-29 00:34:02 PDT","I","test2@match_com","MinuteService","Minute Service Alarm was set by - MinuteService"
"2016-10-29 00:34:02 PDT","I","test2@match_com","MinuteService","Time since previous run - 5"
"2016-10-29 00:34:02 PDT","I","test2@match_com","MinuteService","Previous run within last 50 seconds, ignoring this run"
"2016-10-29 00:34:02 PDT","I","test2@match_com","BackupMinuteService","Inside onDestroy"
"2016-10-29 00:34:02 PDT","I","test2@match_com","MinuteService","Inside onDestroy"
"2016-10-29 00:34:02 PDT","I","test2@match_com","AlwaysOnService","Received Intent - android.intent.action.TIME_TICK"
"2016-10-29 00:34:23 PDT","I","test2@match_com","AlwaysOnService","Received Intent - android.intent.action.BATTERY_CHANGED"
"2016-10-29 00:34:49 PDT","I","test2@match_com","AlwaysOnService","Received Intent - android.intent.action.BATTERY_CHANGED"
"2016-10-29 00:34:57 PDT","I","test2@match_com","MinuteService","Inside onCreate"
"2016-10-29 00:34:57 PDT","I","test2@match_com","MinuteService","Minute Service Alarm was set by - MinuteService"
"2016-10-29 00:34:57 PDT","I","test2@match_com","MinuteService","Time since previous run - 60"
"2016-10-29 00:34:57 PDT","I","test2@match_com","MinuteService","Setting Minute Service Last Run"
"2016-10-29 00:34:57 PDT","I","test2@match_com","MinuteService","Setting Minute Service Alarm"
"2016-10-29 00:34:57 PDT","I","test2@match_com","Util","Inside setMinuteServiceAlarmFromMinuteService"
"2016-10-29 00:34:57 PDT","I","test2@match_com","Util","MinuteService last run at - Sat Oct 29 00:34:57 PDT 2016"
"2016-10-29 00:34:57 PDT","I","test2@match_com","Util","MinuteService next run at - Sat Oct 29 00:35:57 PDT 2016"
"2016-10-29 00:34:57 PDT","I","test2@match_com","MinuteService","Setting Minute Service Backup Alarm"
"2016-10-29 00:34:57 PDT","I","test2@match_com","Util","Inside setBackupMinuteServiceAlarm"
"2016-10-29 00:34:57 PDT","I","test2@match_com","Util","BackupMinuteService last run at - Sat Oct 29 00:34:02 PDT 2016"
"2016-10-29 00:34:57 PDT","I","test2@match_com","Util","BackupMinuteService next run at - Sat Oct 29 00:35:02 PDT 2016"
"2016-10-29 00:34:57 PDT","I","test2@match_com","MinuteService","Initializing MATCHConstants"
"2016-10-29 00:34:57 PDT","I","test2@match_com","MinuteService","Notifying user about minute service run"
"2016-10-29 00:34:57 PDT","I","test2@match_com","MinuteService","Writing status to Firebase Database"
"2016-10-29 00:34:57 PDT","I","test2@match_com","MinuteService","Logging Network Status"
"2016-10-29 00:34:57 PDT","I","test2@match_com","ConnectivityManager","isConnected - false - isWifi - false - isMobileInternet - false"
"2016-10-29 00:34:57 PDT","I","test2@match_com","MinuteService","Logging Battery Status"
"2016-10-29 00:34:57 PDT","I","test2@match_com","BatteryManager","Percentage - 87 - isCharging - true - isUSBCharging - false - isACCharging - true - isWirelessCharging - false"
"2016-10-29 00:34:57 PDT","I","test2@match_com","MinuteService","Logging Memory Status"
"2016-10-29 00:34:57 PDT","I","test2@match_com","MemoryManager","Total Memory,898,Available Memory,410,Threshold Memory,144,IsLowMemory,false"
"2016-10-29 00:34:57 PDT","I","test2@match_com","MinuteService","Logging Storage Status"
"2016-10-29 00:34:57 PDT","I","test2@match_com","StorageManager","Internal Total,2247,Internal Free,589,External Total,4637,External Free,3936"
"2016-10-29 00:34:57 PDT","I","test2@match_com","MinuteService","Logging Power Status"
"2016-10-29 00:34:57 PDT","I","test2@match_com","PowerManager","isDeviceIdleMode - false - isInteractive - false - isPowerSaveMode - false - isSustainedPerformanceModeSupported - false"
"2016-10-29 00:34:57 PDT","I","test2@match_com","MinuteService","Logging Notifications Status"
"2016-10-29 00:34:57 PDT","I","test2@match_com","NotificationManager","AreNotificationsEnabled - true - Importance - Unspecified"
"2016-10-29 00:34:57 PDT","I","test2@match_com","MinuteService","Logging Location"
"2016-10-29 00:34:57 PDT","I","test2@match_com","MinuteService","Fetching latest study data"
"2016-10-29 00:34:57 PDT","I","test2@match_com","MinuteService","Starting UploadManagerService"
"2016-10-29 00:34:57 PDT","I","test2@match_com","MinuteService","Starting SurveyManagerService"
"2016-10-29 00:34:57 PDT","I","test2@match_com","UploadManagerService","Inside onCreate"
"2016-10-29 00:34:57 PDT","I","test2@match_com","UploadManagerService","Processing Logs"
"2016-10-29 00:34:57 PDT","I","test2@match_com","UploadManagerService","Processing Logs for Date - /storage/emulated/0/.MATCH/logs/2016-10-26"
"2016-10-29 00:34:57 PDT","I","test2@match_com","UploadManagerService","Processing Logs for Date - /storage/emulated/0/.MATCH/logs/2016-10-27"
"2016-10-29 00:34:57 PDT","I","test2@match_com","UploadManagerService","Processing Logs for Date - /storage/emulated/0/.MATCH/logs/2016-10-28"
"2016-10-29 00:34:57 PDT","I","test2@match_com","UploadManagerService","Processing Logs for Date - /storage/emulated/0/.MATCH/logs/2016-10-29"
"2016-10-29 00:34:57 PDT","I","test2@match_com","UploadManagerService","Processing Surveys"
"2016-10-29 00:34:57 PDT","I","test2@match_com","UploadManagerService","Processing Data files"
"2016-10-29 00:34:57 PDT","I","test2@match_com","UploadManagerService","Processing data for date - /storage/emulated/0/.MATCH/data/2016-10-26"
"2016-10-29 00:34:57 PDT","I","test2@match_com","UploadManagerService","Processing data for hour /storage/emulated/0/.MATCH/data/2016-10-26/19-PDT.zip.uploaded"
"2016-10-29 00:34:57 PDT","I","test2@match_com","UploadManagerService","Processing data for hour /storage/emulated/0/.MATCH/data/2016-10-26/13-PDT.zip.uploaded"
"2016-10-29 00:34:57 PDT","I","test2@match_com","UploadManagerService","Processing data for hour /storage/emulated/0/.MATCH/data/2016-10-26/14-PDT.zip.uploaded"
"2016-10-29 00:34:57 PDT","I","test2@match_com","UploadManagerService","Processing data for hour /storage/emulated/0/.MATCH/data/2016-10-26/15-PDT.zip.uploaded"
"2016-10-29 00:34:57 PDT","I","test2@match_com","UploadManagerService","Processing data for hour /storage/emulated/0/.MATCH/data/2016-10-26/16-PDT.zip.uploaded"
"2016-10-29 00:34:57 PDT","I","test2@match_com","UploadManagerService","Processing data for hour /storage/emulated/0/.MATCH/data/2016-10-26/17-PDT.zip.uploaded"
"2016-10-29 00:34:57 PDT","I","test2@match_com","UploadManagerService","Processing data for hour /storage/emulated/0/.MATCH/data/2016-10-26/21-PDT.zip.uploaded"
"2016-10-29 00:34:57 PDT","I","test2@match_com","UploadManagerService","Processing data for hour /storage/emulated/0/.MATCH/data/2016-10-26/22-PDT.zip.uploaded"
"2016-10-29 00:34:57 PDT","I","test2@match_com","UploadManagerService","Processing data for hour /storage/emulated/0/.MATCH/data/2016-10-26/18-PDT.zip.uploaded"
"2016-10-29 00:34:57 PDT","I","test2@match_com","UploadManagerService","Processing data for hour /storage/emulated/0/.MATCH/data/2016-10-26/20-PDT.zip.uploaded"
"2016-10-29 00:34:57 PDT","I","test2@match_com","UploadManagerService","Processing data for hour /storage/emulated/0/.MATCH/data/2016-10-26/23-PDT.zip.uploaded"
"2016-10-29 00:34:57 PDT","I","test2@match_com","UploadManagerService","Processing data for date - /storage/emulated/0/.MATCH/data/2016-10-27"
"2016-10-29 00:34:57 PDT","I","test2@match_com","UploadManagerService","Processing data for hour /storage/emulated/0/.MATCH/data/2016-10-27/01-PDT.zip.uploaded"
"2016-10-29 00:34:57 PDT","I","test2@match_com","UploadManagerService","Processing data for hour /storage/emulated/0/.MATCH/data/2016-10-27/03-PDT.zip.uploaded"
"2016-10-29 00:34:57 PDT","I","test2@match_com","UploadManagerService","Processing data for hour /storage/emulated/0/.MATCH/data/2016-10-27/04-PDT.zip.uploaded"
"2016-10-29 00:34:57 PDT","I","test2@match_com","UploadManagerService","Processing data for hour /storage/emulated/0/.MATCH/data/2016-10-27/06-PDT.zip.uploaded"
"2016-10-29 00:34:57 PDT","I","test2@match_com","UploadManagerService","Processing data for hour /storage/emulated/0/.MATCH/data/2016-10-27/00-PDT.zip.uploaded"
"2016-10-29 00:34:57 PDT","I","test2@match_com","UploadManagerService","Processing data for hour /storage/emulated/0/.MATCH/data/2016-10-27/02-PDT.zip.uploaded"
"2016-10-29 00:34:57 PDT","I","test2@match_com","UploadManagerService","Processing data for hour /storage/emulated/0/.MATCH/data/2016-10-27/05-PDT.zip.uploaded"
"2016-10-29 00:34:57 PDT","I","test2@match_com","UploadManagerService","Processing data for date - /storage/emulated/0/.MATCH/data/2016-10-28"
"2016-10-29 00:34:57 PDT","I","test2@match_com","UploadManagerService","Processing data for hour /storage/emulated/0/.MATCH/data/2016-10-28/13-PDT.zip"
"2016-10-29 00:34:57 PDT","I","test2@match_com","UploadManagerService","Processing data for hour /storage/emulated/0/.MATCH/data/2016-10-28/14-PDT.zip"
"2016-10-29 00:34:57 PDT","I","test2@match_com","UploadManagerService","Processing data for hour /storage/emulated/0/.MATCH/data/2016-10-28/15-PDT.zip"
"2016-10-29 00:34:57 PDT","I","test2@match_com","UploadManagerService","Processing data for hour /storage/emulated/0/.MATCH/data/2016-10-28/16-PDT.zip"
"2016-10-29 00:34:57 PDT","I","test2@match_com","UploadManagerService","Processing data for hour /storage/emulated/0/.MATCH/data/2016-10-28/17-PDT.zip"
"2016-10-29 00:34:57 PDT","I","test2@match_com","UploadManagerService","Processing data for hour /storage/emulated/0/.MATCH/data/2016-10-28/18-PDT.zip"
"2016-10-29 00:34:57 PDT","I","test2@match_com","UploadManagerService","Processing data for hour /storage/emulated/0/.MATCH/data/2016-10-28/19-PDT.zip"
"2016-10-29 00:34:57 PDT","I","test2@match_com","UploadManagerService","Processing data for hour /storage/emulated/0/.MATCH/data/2016-10-28/20-PDT.zip"
"2016-10-29 00:34:57 PDT","I","test2@match_com","UploadManagerService","Processing data for hour /storage/emulated/0/.MATCH/data/2016-10-28/21-PDT.zip"
"2016-10-29 00:34:57 PDT","I","test2@match_com","UploadManagerService","Processing data for hour /storage/emulated/0/.MATCH/data/2016-10-28/22-PDT.zip"
"2016-10-29 00:34:57 PDT","I","test2@match_com","UploadManagerService","Processing data for hour /storage/emulated/0/.MATCH/data/2016-10-28/23-PDT.zip"
"2016-10-29 00:34:57 PDT","I","test2@match_com","UploadManagerService","Processing data for date - /storage/emulated/0/.MATCH/data/2016-10-29"
"2016-10-29 00:34:57 PDT","I","test2@match_com","UploadManagerService","Processing data for hour /storage/emulated/0/.MATCH/data/2016-10-29/00-PDT"
"2016-10-29 00:34:57 PDT","I","test2@match_com","UploadManagerService","Internet is not connected. Not trying to upload files."
"2016-10-29 00:34:57 PDT","I","test2@match_com","SurveyManagerService","Inside onCreate"
"2016-10-29 00:34:57 PDT","I","test2@match_com","SurveyManagerService","Current time is - Sat Oct 29 00:34:57 PDT 2016"
"2016-10-29 00:34:57 PDT","I","test2@match_com","SurveyManagerService","Start Date is - Tue Oct 25 19:00:00 PDT 2016"
"2016-10-29 00:34:57 PDT","I","test2@match_com","SurveyManagerService","End Date is - Tue Nov 01 16:00:00 PDT 2016"
"2016-10-29 00:34:57 PDT","I","test2@match_com","SurveyManagerService","Scheduling Survey for - KEY_EMA_0730TO0800_CHILD"
"2016-10-29 00:34:57 PDT","I","test2@match_com","SurveyManagerService","Survey KEY_EMA_0730TO0800_CHILD is already scheduled"
"2016-10-29 00:34:57 PDT","I","test2@match_com","SurveyManagerService","Scheduling Survey for - KEY_EMA_0930TO1000_CHILD"
"2016-10-29 00:34:57 PDT","I","test2@match_com","SurveyManagerService","Survey KEY_EMA_0930TO1000_CHILD is already scheduled"
"2016-10-29 00:34:57 PDT","I","test2@match_com","SurveyManagerService","Scheduling Survey for - KEY_EMA_1130TO1200_CHILD"
"2016-10-29 00:34:57 PDT","I","test2@match_com","SurveyManagerService","Survey KEY_EMA_1130TO1200_CHILD is already scheduled"
"2016-10-29 00:34:57 PDT","I","test2@match_com","SurveyManagerService","Scheduling Survey for - KEY_EMA_1330TO1400_CHILD"
"2016-10-29 00:34:57 PDT","I","test2@match_com","SurveyManagerService","Survey KEY_EMA_1330TO1400_CHILD is already scheduled"
"2016-10-29 00:34:57 PDT","I","test2@match_com","SurveyManagerService","Scheduling Survey for - KEY_EMA_1530TO1600_CHILD"
"2016-10-29 00:34:57 PDT","I","test2@match_com","SurveyManagerService","Survey KEY_EMA_1530TO1600_CHILD is already scheduled"
"2016-10-29 00:34:57 PDT","I","test2@match_com","SurveyManagerService","Scheduling Survey for - KEY_EMA_1730TO1800_CHILD"
"2016-10-29 00:34:57 PDT","I","test2@match_com","SurveyManagerService","Survey KEY_EMA_1730TO1800_CHILD is already scheduled"
"2016-10-29 00:34:57 PDT","I","test2@match_com","SurveyManagerService","Scheduling Survey for - KEY_EMA_1930TO2000_CHILD"
"2016-10-29 00:34:57 PDT","I","test2@match_com","SurveyManagerService","Survey KEY_EMA_1930TO2000_CHILD is already scheduled"
"2016-10-29 00:34:57 PDT","I","test2@match_com","SurveyManagerService","Saliva surveys are already scheduled"
"2016-10-29 00:34:57 PDT","I","test2@match_com","SurveyManagerService","Survey KEY_SALIVA_BEDTIME scheduled for Sat Oct 29 21:46:57 PDT 2016"
"2016-10-29 00:34:57 PDT","I","test2@match_com","SurveyManagerService","Survey Schedule for KEY_EMA_0730TO0800_CHILD is Sat Oct 29 07:47:17 PDT 2016"
"2016-10-29 00:34:57 PDT","I","test2@match_com","SurveyManagerService","Still not time to prompt the survey"
"2016-10-29 00:34:57 PDT","I","test2@match_com","SurveyManagerService","Survey Schedule for KEY_EMA_0930TO1000_CHILD is Sat Oct 29 09:57:24 PDT 2016"
"2016-10-29 00:34:57 PDT","I","test2@match_com","SurveyManagerService","Still not time to prompt the survey"
"2016-10-29 00:34:57 PDT","I","test2@match_com","SurveyManagerService","Survey Schedule for KEY_EMA_1130TO1200_CHILD is Sat Oct 29 11:45:10 PDT 2016"
"2016-10-29 00:34:57 PDT","I","test2@match_com","SurveyManagerService","Still not time to prompt the survey"
"2016-10-29 00:34:57 PDT","I","test2@match_com","SurveyManagerService","Survey Schedule for KEY_EMA_1330TO1400_CHILD is Sat Oct 29 13:44:02 PDT 2016"
"2016-10-29 00:34:57 PDT","I","test2@match_com","SurveyManagerService","Still not time to prompt the survey"
"2016-10-29 00:34:57 PDT","I","test2@match_com","SurveyManagerService","Survey Schedule for KEY_EMA_1530TO1600_CHILD is Sat Oct 29 15:33:41 PDT 2016"
"2016-10-29 00:34:57 PDT","I","test2@match_com","SurveyManagerService","Still not time to prompt the survey"
"2016-10-29 00:34:57 PDT","I","test2@match_com","SurveyManagerService","Survey Schedule for KEY_EMA_1730TO1800_CHILD is Sat Oct 29 17:47:43 PDT 2016"
"2016-10-29 00:34:57 PDT","I","test2@match_com","SurveyManagerService","Still not time to prompt the survey"
"2016-10-29 00:34:57 PDT","I","test2@match_com","SurveyManagerService","Survey Schedule for KEY_EMA_1930TO2000_CHILD is Sat Oct 29 19:36:11 PDT 2016"
"2016-10-29 00:34:57 PDT","I","test2@match_com","SurveyManagerService","Still not time to prompt the survey"
"2016-10-29 00:34:57 PDT","I","test2@match_com","SurveyManagerService","KEY_SALIVA_WAKING is scheduled for Sat Oct 29 06:46:56 PDT 2016"
"2016-10-29 00:34:57 PDT","I","test2@match_com","SurveyManagerService","Prompt KEY_SALIVA_WAKING is in the future - Sat Oct 29 06:46:56 PDT 2016"
"2016-10-29 00:34:57 PDT","I","test2@match_com","SurveyManagerService","KEY_SALIVA_WAKING_PLUS_30 is scheduled for Sat Oct 29 07:16:56 PDT 2016"
"2016-10-29 00:34:57 PDT","I","test2@match_com","SurveyManagerService","Prompt KEY_SALIVA_WAKING_PLUS_30 is in the future - Sat Oct 29 07:16:56 PDT 2016"
"2016-10-29 00:34:58 PDT","I","test2@match_com","SurveyManagerService","KEY_SALIVA_AFTERNOON_4TO430_CHILD is scheduled for Sat Oct 29 16:16:27 PDT 2016"
"2016-10-29 00:34:58 PDT","I","test2@match_com","SurveyManagerService","Prompt KEY_SALIVA_AFTERNOON_4TO430_CHILD is in the future - Sat Oct 29 16:16:27 PDT 2016"
"2016-10-29 00:34:58 PDT","I","test2@match_com","SurveyManagerService","KEY_SALIVA_BEDTIME is scheduled for Sat Oct 29 21:46:57 PDT 2016"
"2016-10-29 00:34:58 PDT","I","test2@match_com","SurveyManagerService","Prompt KEY_SALIVA_BEDTIME is in the future - Sat Oct 29 21:46:57 PDT 2016"
"2016-10-29 00:34:58 PDT","I","test2@match_com","MinuteService","Inside onDestroy"
"2016-10-29 00:34:58 PDT","I","test2@match_com","AlwaysOnService","Received Intent - android.intent.action.BATTERY_CHANGED"
"2016-10-29 00:34:58 PDT","I","test2@match_com","UploadManagerService","Inside onDestroy"
"2016-10-29 00:34:58 PDT","I","test2@match_com","SurveyManagerService","Inside onDestroy"
"2016-10-29 00:34:58 PDT","I","test2@match_com","Zipper","unzipFileWithEncryption"
"2016-10-29 00:34:58 PDT","I","test2@match_com","Zipper","Deleting File - /storage/emulated/0/.MATCH/data/2016-10-29/00-PDT/GPS.csv.zip"
"2016-10-29 00:34:58 PDT","I","test2@match_com","Zipper","zipFileWithEncryption - /storage/emulated/0/.MATCH/data/2016-10-29/00-PDT/GPS.csv"
"2016-10-29 00:34:58 PDT","I","test2@match_com","Zipper","Creating ZipFile - /storage/emulated/0/.MATCH/data/2016-10-29/00-PDT/GPS.csv.zip"
"2016-10-29 00:34:58 PDT","I","test2@match_com","Zipper","Deleting File - /storage/emulated/0/.MATCH/data/2016-10-29/00-PDT/GPS.csv"
"2016-10-29 00:35:01 PDT","I","test2@match_com","UploadManagerService","Inside onCreate"
"2016-10-29 00:35:01 PDT","I","test2@match_com","UploadManagerService","Processing Logs"
"2016-10-29 00:35:01 PDT","I","test2@match_com","UploadManagerService","Processing Logs for Date - /storage/emulated/0/.MATCH/logs/2016-10-26"
"2016-10-29 00:35:01 PDT","I","test2@match_com","UploadManagerService","Processing Logs for Date - /storage/emulated/0/.MATCH/logs/2016-10-27"
"2016-10-29 00:35:01 PDT","I","test2@match_com","UploadManagerService","Processing Logs for Date - /storage/emulated/0/.MATCH/logs/2016-10-28"
"2016-10-29 00:35:01 PDT","I","test2@match_com","UploadManagerService","Processing Logs for Date - /storage/emulated/0/.MATCH/logs/2016-10-29"
"2016-10-29 00:35:01 PDT","I","test2@match_com","UploadManagerService","Processing Surveys"
"2016-10-29 00:35:01 PDT","I","test2@match_com","UploadManagerService","Processing Data files"
"2016-10-29 00:35:01 PDT","I","test2@match_com","UploadManagerService","Processing data for date - /storage/emulated/0/.MATCH/data/2016-10-26"
"2016-10-29 00:35:01 PDT","I","test2@match_com","UploadManagerService","Processing data for hour /storage/emulated/0/.MATCH/data/2016-10-26/19-PDT.zip.uploaded"
"2016-10-29 00:35:01 PDT","I","test2@match_com","UploadManagerService","Processing data for hour /storage/emulated/0/.MATCH/data/2016-10-26/13-PDT.zip.uploaded"
"2016-10-29 00:35:01 PDT","I","test2@match_com","UploadManagerService","Processing data for hour /storage/emulated/0/.MATCH/data/2016-10-26/14-PDT.zip.uploaded"
"2016-10-29 00:35:01 PDT","I","test2@match_com","UploadManagerService","Processing data for hour /storage/emulated/0/.MATCH/data/2016-10-26/15-PDT.zip.uploaded"
"2016-10-29 00:35:01 PDT","I","test2@match_com","UploadManagerService","Processing data for hour /storage/emulated/0/.MATCH/data/2016-10-26/16-PDT.zip.uploaded"
"2016-10-29 00:35:01 PDT","I","test2@match_com","UploadManagerService","Processing data for hour /storage/emulated/0/.MATCH/data/2016-10-26/17-PDT.zip.uploaded"
"2016-10-29 00:35:01 PDT","I","test2@match_com","UploadManagerService","Processing data for hour /storage/emulated/0/.MATCH/data/2016-10-26/21-PDT.zip.uploaded"
"2016-10-29 00:35:01 PDT","I","test2@match_com","UploadManagerService","Processing data for hour /storage/emulated/0/.MATCH/data/2016-10-26/22-PDT.zip.uploaded"
"2016-10-29 00:35:01 PDT","I","test2@match_com","UploadManagerService","Processing data for hour /storage/emulated/0/.MATCH/data/2016-10-26/18-PDT.zip.uploaded"
"2016-10-29 00:35:01 PDT","I","test2@match_com","UploadManagerService","Processing data for hour /storage/emulated/0/.MATCH/data/2016-10-26/20-PDT.zip.uploaded"
"2016-10-29 00:35:01 PDT","I","test2@match_com","UploadManagerService","Processing data for hour /storage/emulated/0/.MATCH/data/2016-10-26/23-PDT.zip.uploaded"
"2016-10-29 00:35:01 PDT","I","test2@match_com","UploadManagerService","Processing data for date - /storage/emulated/0/.MATCH/data/2016-10-27"
"2016-10-29 00:35:01 PDT","I","test2@match_com","UploadManagerService","Processing data for hour /storage/emulated/0/.MATCH/data/2016-10-27/01-PDT.zip.uploaded"
"2016-10-29 00:35:01 PDT","I","test2@match_com","UploadManagerService","Processing data for hour /storage/emulated/0/.MATCH/data/2016-10-27/03-PDT.zip.uploaded"
"2016-10-29 00:35:01 PDT","I","test2@match_com","UploadManagerService","Processing data for hour /storage/emulated/0/.MATCH/data/2016-10-27/04-PDT.zip.uploaded"
"2016-10-29 00:35:01 PDT","I","test2@match_com","UploadManagerService","Processing data for hour /storage/emulated/0/.MATCH/data/2016-10-27/06-PDT.zip.uploaded"
"2016-10-29 00:35:01 PDT","I","test2@match_com","UploadManagerService","Processing data for hour /storage/emulated/0/.MATCH/data/2016-10-27/00-PDT.zip.uploaded"
"2016-10-29 00:35:01 PDT","I","test2@match_com","UploadManagerService","Processing data for hour /storage/emulated/0/.MATCH/data/2016-10-27/02-PDT.zip.uploaded"
"2016-10-29 00:35:01 PDT","I","test2@match_com","UploadManagerService","Processing data for hour /storage/emulated/0/.MATCH/data/2016-10-27/05-PDT.zip.uploaded"
"2016-10-29 00:35:01 PDT","I","test2@match_com","UploadManagerService","Processing data for date - /storage/emulated/0/.MATCH/data/2016-10-28"
"2016-10-29 00:35:01 PDT","I","test2@match_com","UploadManagerService","Processing data for hour /storage/emulated/0/.MATCH/data/2016-10-28/13-PDT.zip"
"2016-10-29 00:35:01 PDT","I","test2@match_com","UploadManagerService","Processing data for hour /storage/emulated/0/.MATCH/data/2016-10-28/14-PDT.zip"
"2016-10-29 00:35:01 PDT","I","test2@match_com","UploadManagerService","Processing data for hour /storage/emulated/0/.MATCH/data/2016-10-28/15-PDT.zip"
"2016-10-29 00:35:01 PDT","I","test2@match_com","UploadManagerService","Processing data for hour /storage/emulated/0/.MATCH/data/2016-10-28/16-PDT.zip"
"2016-10-29 00:35:01 PDT","I","test2@match_com","UploadManagerService","Processing data for hour /storage/emulated/0/.MATCH/data/2016-10-28/17-PDT.zip"
"2016-10-29 00:35:01 PDT","I","test2@match_com","UploadManagerService","Processing data for hour /storage/emulated/0/.MATCH/data/2016-10-28/18-PDT.zip"
"2016-10-29 00:35:01 PDT","I","test2@match_com","UploadManagerService","Processing data for hour /storage/emulated/0/.MATCH/data/2016-10-28/19-PDT.zip"
"2016-10-29 00:35:01 PDT","I","test2@match_com","UploadManagerService","Processing data for hour /storage/emulated/0/.MATCH/data/2016-10-28/20-PDT.zip"
"2016-10-29 00:35:01 PDT","I","test2@match_com","UploadManagerService","Processing data for hour /storage/emulated/0/.MATCH/data/2016-10-28/21-PDT.zip"
"2016-10-29 00:35:01 PDT","I","test2@match_com","UploadManagerService","Processing data for hour /storage/emulated/0/.MATCH/data/2016-10-28/22-PDT.zip"
"2016-10-29 00:35:01 PDT","I","test2@match_com","UploadManagerService","Processing data for hour /storage/emulated/0/.MATCH/data/2016-10-28/23-PDT.zip"
"2016-10-29 00:35:01 PDT","I","test2@match_com","UploadManagerService","Processing data for date - /storage/emulated/0/.MATCH/data/2016-10-29"
"2016-10-29 00:35:01 PDT","I","test2@match_com","UploadManagerService","Processing data for hour /storage/emulated/0/.MATCH/data/2016-10-29/00-PDT"
"2016-10-29 00:35:01 PDT","I","test2@match_com","UploadManagerService","Internet is not connected. Not trying to upload files."
"2016-10-29 00:35:01 PDT","I","test2@match_com","MinuteService","Inside onCreate"
"2016-10-29 00:35:01 PDT","I","test2@match_com","MinuteService","Minute Service Alarm was set by - MinuteService"
"2016-10-29 00:35:01 PDT","I","test2@match_com","MinuteService","Time since previous run - 4"
"2016-10-29 00:35:01 PDT","I","test2@match_com","MinuteService","Previous run within last 50 seconds, ignoring this run"
"2016-10-29 00:35:01 PDT","I","test2@match_com","UploadManagerService","Inside onDestroy"
"2016-10-29 00:35:01 PDT","I","test2@match_com","MinuteService","Inside onDestroy"
"2016-10-29 00:35:02 PDT","I","test2@match_com","BackupMinuteService","Inside onCreate"
"2016-10-29 00:35:02 PDT","I","test2@match_com","Util","Inside setBackupMinuteServiceAlarm"
"2016-10-29 00:35:02 PDT","I","test2@match_com","Util","BackupMinuteService last run at - Sat Oct 29 00:35:02 PDT 2016"
"2016-10-29 00:35:02 PDT","I","test2@match_com","Util","BackupMinuteService next run at - Sat Oct 29 00:36:02 PDT 2016"
"2016-10-29 00:35:02 PDT","I","test2@match_com","MinuteService","Inside onCreate"
"2016-10-29 00:35:02 PDT","I","test2@match_com","MinuteService","Minute Service Alarm was set by - MinuteService"
"2016-10-29 00:35:02 PDT","I","test2@match_com","MinuteService","Time since previous run - 5"
"2016-10-29 00:35:02 PDT","I","test2@match_com","MinuteService","Previous run within last 50 seconds, ignoring this run"
"2016-10-29 00:35:02 PDT","I","test2@match_com","BackupMinuteService","Inside onDestroy"
"2016-10-29 00:35:02 PDT","I","test2@match_com","MinuteService","Inside onDestroy"
"2016-10-29 00:35:02 PDT","I","test2@match_com","AlwaysOnService","Received Intent - android.intent.action.TIME_TICK"
"2016-10-29 00:35:23 PDT","I","test2@match_com","AlwaysOnService","Received Intent - android.intent.action.BATTERY_CHANGED"
"2016-10-29 00:35:57 PDT","I","test2@match_com","MinuteService","Inside onCreate"
"2016-10-29 00:35:57 PDT","I","test2@match_com","MinuteService","Minute Service Alarm was set by - MinuteService"
"2016-10-29 00:35:57 PDT","I","test2@match_com","MinuteService","Time since previous run - 60"
"2016-10-29 00:35:57 PDT","I","test2@match_com","MinuteService","Setting Minute Service Last Run"
"2016-10-29 00:35:57 PDT","I","test2@match_com","MinuteService","Setting Minute Service Alarm"
"2016-10-29 00:35:57 PDT","I","test2@match_com","Util","Inside setMinuteServiceAlarmFromMinuteService"
"2016-10-29 00:35:57 PDT","I","test2@match_com","Util","MinuteService last run at - Sat Oct 29 00:35:57 PDT 2016"
"2016-10-29 00:35:57 PDT","I","test2@match_com","Util","MinuteService next run at - Sat Oct 29 00:36:57 PDT 2016"
"2016-10-29 00:35:57 PDT","I","test2@match_com","MinuteService","Setting Minute Service Backup Alarm"
"2016-10-29 00:35:57 PDT","I","test2@match_com","Util","Inside setBackupMinuteServiceAlarm"
"2016-10-29 00:35:57 PDT","I","test2@match_com","Util","BackupMinuteService last run at - Sat Oct 29 00:35:02 PDT 2016"
"2016-10-29 00:35:57 PDT","I","test2@match_com","Util","BackupMinuteService next run at - Sat Oct 29 00:36:02 PDT 2016"
"2016-10-29 00:35:57 PDT","I","test2@match_com","MinuteService","Initializing MATCHConstants"
"2016-10-29 00:35:57 PDT","I","test2@match_com","MinuteService","Notifying user about minute service run"
"2016-10-29 00:35:57 PDT","I","test2@match_com","MinuteService","Writing status to Firebase Database"
"2016-10-29 00:35:57 PDT","I","test2@match_com","MinuteService","Logging Network Status"
"2016-10-29 00:35:57 PDT","I","test2@match_com","ConnectivityManager","isConnected - false - isWifi - false - isMobileInternet - false"
"2016-10-29 00:35:57 PDT","I","test2@match_com","MinuteService","Logging Battery Status"
"2016-10-29 00:35:57 PDT","I","test2@match_com","BatteryManager","Percentage - 88 - isCharging - true - isUSBCharging - false - isACCharging - true - isWirelessCharging - false"
"2016-10-29 00:35:57 PDT","I","test2@match_com","MinuteService","Logging Memory Status"
"2016-10-29 00:35:57 PDT","I","test2@match_com","MemoryManager","Total Memory,898,Available Memory,413,Threshold Memory,144,IsLowMemory,false"
"2016-10-29 00:35:57 PDT","I","test2@match_com","MinuteService","Logging Storage Status"
"2016-10-29 00:35:57 PDT","I","test2@match_com","StorageManager","Internal Total,2247,Internal Free,589,External Total,4637,External Free,3936"
"2016-10-29 00:35:57 PDT","I","test2@match_com","MinuteService","Logging Power Status"
"2016-10-29 00:35:57 PDT","I","test2@match_com","PowerManager","isDeviceIdleMode - false - isInteractive - false - isPowerSaveMode - false - isSustainedPerformanceModeSupported - false"
"2016-10-29 00:35:57 PDT","I","test2@match_com","MinuteService","Logging Notifications Status"
"2016-10-29 00:35:57 PDT","I","test2@match_com","NotificationManager","AreNotificationsEnabled - true - Importance - Unspecified"
"2016-10-29 00:35:57 PDT","I","test2@match_com","MinuteService","Logging Location"
"2016-10-29 00:35:57 PDT","I","test2@match_com","MinuteService","Fetching latest study data"
"2016-10-29 00:35:57 PDT","I","test2@match_com","MinuteService","Starting UploadManagerService"
"2016-10-29 00:35:57 PDT","I","test2@match_com","MinuteService","Starting SurveyManagerService"
"2016-10-29 00:35:57 PDT","I","test2@match_com","AlwaysOnService","Received Intent - android.intent.action.BATTERY_CHANGED"
"2016-10-29 00:35:57 PDT","I","test2@match_com","UploadManagerService","Inside onCreate"
"2016-10-29 00:35:57 PDT","I","test2@match_com","UploadManagerService","Processing Logs"
"2016-10-29 00:35:57 PDT","I","test2@match_com","UploadManagerService","Processing Logs for Date - /storage/emulated/0/.MATCH/logs/2016-10-26"
"2016-10-29 00:35:57 PDT","I","test2@match_com","UploadManagerService","Processing Logs for Date - /storage/emulated/0/.MATCH/logs/2016-10-27"
"2016-10-29 00:35:57 PDT","I","test2@match_com","UploadManagerService","Processing Logs for Date - /storage/emulated/0/.MATCH/logs/2016-10-28"
"2016-10-29 00:35:57 PDT","I","test2@match_com","UploadManagerService","Processing Logs for Date - /storage/emulated/0/.MATCH/logs/2016-10-29"
"2016-10-29 00:35:57 PDT","I","test2@match_com","UploadManagerService","Processing Surveys"
"2016-10-29 00:35:57 PDT","I","test2@match_com","UploadManagerService","Processing Data files"
"2016-10-29 00:35:57 PDT","I","test2@match_com","UploadManagerService","Processing data for date - /storage/emulated/0/.MATCH/data/2016-10-26"
"2016-10-29 00:35:57 PDT","I","test2@match_com","UploadManagerService","Processing data for hour /storage/emulated/0/.MATCH/data/2016-10-26/19-PDT.zip.uploaded"
"2016-10-29 00:35:57 PDT","I","test2@match_com","UploadManagerService","Processing data for hour /storage/emulated/0/.MATCH/data/2016-10-26/13-PDT.zip.uploaded"
"2016-10-29 00:35:57 PDT","I","test2@match_com","UploadManagerService","Processing data for hour /storage/emulated/0/.MATCH/data/2016-10-26/14-PDT.zip.uploaded"
"2016-10-29 00:35:57 PDT","I","test2@match_com","UploadManagerService","Processing data for hour /storage/emulated/0/.MATCH/data/2016-10-26/15-PDT.zip.uploaded"
"2016-10-29 00:35:57 PDT","I","test2@match_com","UploadManagerService","Processing data for hour /storage/emulated/0/.MATCH/data/2016-10-26/16-PDT.zip.uploaded"
"2016-10-29 00:35:57 PDT","I","test2@match_com","UploadManagerService","Processing data for hour /storage/emulated/0/.MATCH/data/2016-10-26/17-PDT.zip.uploaded"
"2016-10-29 00:35:57 PDT","I","test2@match_com","UploadManagerService","Processing data for hour /storage/emulated/0/.MATCH/data/2016-10-26/21-PDT.zip.uploaded"
"2016-10-29 00:35:57 PDT","I","test2@match_com","UploadManagerService","Processing data for hour /storage/emulated/0/.MATCH/data/2016-10-26/22-PDT.zip.uploaded"
"2016-10-29 00:35:57 PDT","I","test2@match_com","UploadManagerService","Processing data for hour /storage/emulated/0/.MATCH/data/2016-10-26/18-PDT.zip.uploaded"
"2016-10-29 00:35:57 PDT","I","test2@match_com","UploadManagerService","Processing data for hour /storage/emulated/0/.MATCH/data/2016-10-26/20-PDT.zip.uploaded"
"2016-10-29 00:35:57 PDT","I","test2@match_com","UploadManagerService","Processing data for hour /storage/emulated/0/.MATCH/data/2016-10-26/23-PDT.zip.uploaded"
"2016-10-29 00:35:57 PDT","I","test2@match_com","UploadManagerService","Processing data for date - /storage/emulated/0/.MATCH/data/2016-10-27"
"2016-10-29 00:35:57 PDT","I","test2@match_com","UploadManagerService","Processing data for hour /storage/emulated/0/.MATCH/data/2016-10-27/01-PDT.zip.uploaded"
"2016-10-29 00:35:57 PDT","I","test2@match_com","UploadManagerService","Processing data for hour /storage/emulated/0/.MATCH/data/2016-10-27/03-PDT.zip.uploaded"
"2016-10-29 00:35:57 PDT","I","test2@match_com","UploadManagerService","Processing data for hour /storage/emulated/0/.MATCH/data/2016-10-27/04-PDT.zip.uploaded"
"2016-10-29 00:35:57 PDT","I","test2@match_com","UploadManagerService","Processing data for hour /storage/emulated/0/.MATCH/data/2016-10-27/06-PDT.zip.uploaded"
"2016-10-29 00:35:57 PDT","I","test2@match_com","UploadManagerService","Processing data for hour /storage/emulated/0/.MATCH/data/2016-10-27/00-PDT.zip.uploaded"
"2016-10-29 00:35:57 PDT","I","test2@match_com","UploadManagerService","Processing data for hour /storage/emulated/0/.MATCH/data/2016-10-27/02-PDT.zip.uploaded"
"2016-10-29 00:35:57 PDT","I","test2@match_com","UploadManagerService","Processing data for hour /storage/emulated/0/.MATCH/data/2016-10-27/05-PDT.zip.uploaded"
"2016-10-29 00:35:57 PDT","I","test2@match_com","UploadManagerService","Processing data for date - /storage/emulated/0/.MATCH/data/2016-10-28"
"2016-10-29 00:35:57 PDT","I","test2@match_com","UploadManagerService","Processing data for hour /storage/emulated/0/.MATCH/data/2016-10-28/13-PDT.zip"
"2016-10-29 00:35:57 PDT","I","test2@match_com","UploadManagerService","Processing data for hour /storage/emulated/0/.MATCH/data/2016-10-28/14-PDT.zip"
"2016-10-29 00:35:57 PDT","I","test2@match_com","UploadManagerService","Processing data for hour /storage/emulated/0/.MATCH/data/2016-10-28/15-PDT.zip"
"2016-10-29 00:35:57 PDT","I","test2@match_com","UploadManagerService","Processing data for hour /storage/emulated/0/.MATCH/data/2016-10-28/16-PDT.zip"
"2016-10-29 00:35:57 PDT","I","test2@match_com","UploadManagerService","Processing data for hour /storage/emulated/0/.MATCH/data/2016-10-28/17-PDT.zip"
"2016-10-29 00:35:57 PDT","I","test2@match_com","UploadManagerService","Processing data for hour /storage/emulated/0/.MATCH/data/2016-10-28/18-PDT.zip"
"2016-10-29 00:35:57 PDT","I","test2@match_com","UploadManagerService","Processing data for hour /storage/emulated/0/.MATCH/data/2016-10-28/19-PDT.zip"
"2016-10-29 00:35:57 PDT","I","test2@match_com","UploadManagerService","Processing data for hour /storage/emulated/0/.MATCH/data/2016-10-28/20-PDT.zip"
"2016-10-29 00:35:57 PDT","I","test2@match_com","UploadManagerService","Processing data for hour /storage/emulated/0/.MATCH/data/2016-10-28/21-PDT.zip"
"2016-10-29 00:35:57 PDT","I","test2@match_com","UploadManagerService","Processing data for hour /storage/emulated/0/.MATCH/data/2016-10-28/22-PDT.zip"
"2016-10-29 00:35:57 PDT","I","test2@match_com","UploadManagerService","Processing data for hour /storage/emulated/0/.MATCH/data/2016-10-28/23-PDT.zip"
"2016-10-29 00:35:57 PDT","I","test2@match_com","UploadManagerService","Processing data for date - /storage/emulated/0/.MATCH/data/2016-10-29"
"2016-10-29 00:35:57 PDT","I","test2@match_com","UploadManagerService","Processing data for hour /storage/emulated/0/.MATCH/data/2016-10-29/00-PDT"
"2016-10-29 00:35:57 PDT","I","test2@match_com","UploadManagerService","Internet is not connected. Not trying to upload files."
"2016-10-29 00:35:57 PDT","I","test2@match_com","SurveyManagerService","Inside onCreate"
"2016-10-29 00:35:57 PDT","I","test2@match_com","SurveyManagerService","Current time is - Sat Oct 29 00:35:57 PDT 2016"
"2016-10-29 00:35:57 PDT","I","test2@match_com","SurveyManagerService","Start Date is - Tue Oct 25 19:00:00 PDT 2016"
"2016-10-29 00:35:57 PDT","I","test2@match_com","SurveyManagerService","End Date is - Tue Nov 01 16:00:00 PDT 2016"
"2016-10-29 00:35:57 PDT","I","test2@match_com","SurveyManagerService","Scheduling Survey for - KEY_EMA_0730TO0800_CHILD"
"2016-10-29 00:35:57 PDT","I","test2@match_com","SurveyManagerService","Survey KEY_EMA_0730TO0800_CHILD is already scheduled"
"2016-10-29 00:35:57 PDT","I","test2@match_com","SurveyManagerService","Scheduling Survey for - KEY_EMA_0930TO1000_CHILD"
"2016-10-29 00:35:57 PDT","I","test2@match_com","SurveyManagerService","Survey KEY_EMA_0930TO1000_CHILD is already scheduled"
"2016-10-29 00:35:57 PDT","I","test2@match_com","SurveyManagerService","Scheduling Survey for - KEY_EMA_1130TO1200_CHILD"
"2016-10-29 00:35:57 PDT","I","test2@match_com","SurveyManagerService","Survey KEY_EMA_1130TO1200_CHILD is already scheduled"
"2016-10-29 00:35:58 PDT","I","test2@match_com","SurveyManagerService","Scheduling Survey for - KEY_EMA_1330TO1400_CHILD"
"2016-10-29 00:35:58 PDT","I","test2@match_com","SurveyManagerService","Survey KEY_EMA_1330TO1400_CHILD is already scheduled"
"2016-10-29 00:35:58 PDT","I","test2@match_com","SurveyManagerService","Scheduling Survey for - KEY_EMA_1530TO1600_CHILD"
"2016-10-29 00:35:58 PDT","I","test2@match_com","SurveyManagerService","Survey KEY_EMA_1530TO1600_CHILD is already scheduled"
"2016-10-29 00:35:58 PDT","I","test2@match_com","SurveyManagerService","Scheduling Survey for - KEY_EMA_1730TO1800_CHILD"
"2016-10-29 00:35:58 PDT","I","test2@match_com","SurveyManagerService","Survey KEY_EMA_1730TO1800_CHILD is already scheduled"
"2016-10-29 00:35:58 PDT","I","test2@match_com","SurveyManagerService","Scheduling Survey for - KEY_EMA_1930TO2000_CHILD"
"2016-10-29 00:35:58 PDT","I","test2@match_com","SurveyManagerService","Survey KEY_EMA_1930TO2000_CHILD is already scheduled"
"2016-10-29 00:35:58 PDT","I","test2@match_com","SurveyManagerService","Saliva surveys are already scheduled"
"2016-10-29 00:35:58 PDT","I","test2@match_com","SurveyManagerService","Survey KEY_SALIVA_BEDTIME scheduled for Sat Oct 29 21:46:58 PDT 2016"
"2016-10-29 00:35:58 PDT","I","test2@match_com","SurveyManagerService","Survey Schedule for KEY_EMA_0730TO0800_CHILD is Sat Oct 29 07:47:17 PDT 2016"
"2016-10-29 00:35:58 PDT","I","test2@match_com","SurveyManagerService","Still not time to prompt the survey"
"2016-10-29 00:35:58 PDT","I","test2@match_com","SurveyManagerService","Survey Schedule for KEY_EMA_0930TO1000_CHILD is Sat Oct 29 09:57:24 PDT 2016"
"2016-10-29 00:35:58 PDT","I","test2@match_com","SurveyManagerService","Still not time to prompt the survey"
"2016-10-29 00:35:58 PDT","I","test2@match_com","SurveyManagerService","Survey Schedule for KEY_EMA_1130TO1200_CHILD is Sat Oct 29 11:45:10 PDT 2016"
"2016-10-29 00:35:58 PDT","I","test2@match_com","SurveyManagerService","Still not time to prompt the survey"
"2016-10-29 00:35:58 PDT","I","test2@match_com","SurveyManagerService","Survey Schedule for KEY_EMA_1330TO1400_CHILD is Sat Oct 29 13:44:02 PDT 2016"
"2016-10-29 00:35:58 PDT","I","test2@match_com","SurveyManagerService","Still not time to prompt the survey"
"2016-10-29 00:35:58 PDT","I","test2@match_com","SurveyManagerService","Survey Schedule for KEY_EMA_1530TO1600_CHILD is Sat Oct 29 15:33:41 PDT 2016"
"2016-10-29 00:35:58 PDT","I","test2@match_com","SurveyManagerService","Still not time to prompt the survey"
"2016-10-29 00:35:58 PDT","I","test2@match_com","SurveyManagerService","Survey Schedule for KEY_EMA_1730TO1800_CHILD is Sat Oct 29 17:47:43 PDT 2016"
"2016-10-29 00:35:58 PDT","I","test2@match_com","SurveyManagerService","Still not time to prompt the survey"
"2016-10-29 00:35:58 PDT","I","test2@match_com","SurveyManagerService","Survey Schedule for KEY_EMA_1930TO2000_CHILD is Sat Oct 29 19:36:11 PDT 2016"
"2016-10-29 00:35:58 PDT","I","test2@match_com","SurveyManagerService","Still not time to prompt the survey"
"2016-10-29 00:35:58 PDT","I","test2@match_com","SurveyManagerService","KEY_SALIVA_WAKING is scheduled for Sat Oct 29 06:46:56 PDT 2016"
"2016-10-29 00:35:58 PDT","I","test2@match_com","SurveyManagerService","Prompt KEY_SALIVA_WAKING is in the future - Sat Oct 29 06:46:56 PDT 2016"
"2016-10-29 00:35:58 PDT","I","test2@match_com","SurveyManagerService","KEY_SALIVA_WAKING_PLUS_30 is scheduled for Sat Oct 29 07:16:56 PDT 2016"
"2016-10-29 00:35:58 PDT","I","test2@match_com","SurveyManagerService","Prompt KEY_SALIVA_WAKING_PLUS_30 is in the future - Sat Oct 29 07:16:56 PDT 2016"
"2016-10-29 00:35:58 PDT","I","test2@match_com","SurveyManagerService","KEY_SALIVA_AFTERNOON_4TO430_CHILD is scheduled for Sat Oct 29 16:16:27 PDT 2016"
"2016-10-29 00:35:58 PDT","I","test2@match_com","SurveyManagerService","Prompt KEY_SALIVA_AFTERNOON_4TO430_CHILD is in the future - Sat Oct 29 16:16:27 PDT 2016"
"2016-10-29 00:35:58 PDT","I","test2@match_com","SurveyManagerService","KEY_SALIVA_BEDTIME is scheduled for Sat Oct 29 21:46:58 PDT 2016"
"2016-10-29 00:35:58 PDT","I","test2@match_com","SurveyManagerService","Prompt KEY_SALIVA_BEDTIME is in the future - Sat Oct 29 21:46:58 PDT 2016"
"2016-10-29 00:35:58 PDT","I","test2@match_com","MinuteService","Inside onDestroy"
"2016-10-29 00:35:58 PDT","I","test2@match_com","UploadManagerService","Inside onDestroy"
"2016-10-29 00:35:58 PDT","I","test2@match_com","SurveyManagerService","Inside onDestroy"
"2016-10-29 00:35:58 PDT","I","test2@match_com","Zipper","unzipFileWithEncryption"
"2016-10-29 00:35:58 PDT","I","test2@match_com","Zipper","Deleting File - /storage/emulated/0/.MATCH/data/2016-10-29/00-PDT/GPS.csv.zip"
"2016-10-29 00:35:58 PDT","I","test2@match_com","Zipper","zipFileWithEncryption - /storage/emulated/0/.MATCH/data/2016-10-29/00-PDT/GPS.csv"
"2016-10-29 00:35:58 PDT","I","test2@match_com","Zipper","Creating ZipFile - /storage/emulated/0/.MATCH/data/2016-10-29/00-PDT/GPS.csv.zip"
"2016-10-29 00:35:58 PDT","I","test2@match_com","Zipper","Deleting File - /storage/emulated/0/.MATCH/data/2016-10-29/00-PDT/GPS.csv"
"2016-10-29 00:36:01 PDT","I","test2@match_com","UploadManagerService","Inside onCreate"
"2016-10-29 00:36:01 PDT","I","test2@match_com","UploadManagerService","Processing Logs"
"2016-10-29 00:36:01 PDT","I","test2@match_com","UploadManagerService","Processing Logs for Date - /storage/emulated/0/.MATCH/logs/2016-10-26"
"2016-10-29 00:36:01 PDT","I","test2@match_com","UploadManagerService","Processing Logs for Date - /storage/emulated/0/.MATCH/logs/2016-10-27"
"2016-10-29 00:36:01 PDT","I","test2@match_com","UploadManagerService","Processing Logs for Date - /storage/emulated/0/.MATCH/logs/2016-10-28"
"2016-10-29 00:36:01 PDT","I","test2@match_com","UploadManagerService","Processing Logs for Date - /storage/emulated/0/.MATCH/logs/2016-10-29"
"2016-10-29 00:36:01 PDT","I","test2@match_com","UploadManagerService","Processing Surveys"
"2016-10-29 00:36:01 PDT","I","test2@match_com","UploadManagerService","Processing Data files"
"2016-10-29 00:36:01 PDT","I","test2@match_com","UploadManagerService","Processing data for date - /storage/emulated/0/.MATCH/data/2016-10-26"
"2016-10-29 00:36:01 PDT","I","test2@match_com","UploadManagerService","Processing data for hour /storage/emulated/0/.MATCH/data/2016-10-26/19-PDT.zip.uploaded"
"2016-10-29 00:36:01 PDT","I","test2@match_com","UploadManagerService","Processing data for hour /storage/emulated/0/.MATCH/data/2016-10-26/13-PDT.zip.uploaded"
"2016-10-29 00:36:01 PDT","I","test2@match_com","UploadManagerService","Processing data for hour /storage/emulated/0/.MATCH/data/2016-10-26/14-PDT.zip.uploaded"
"2016-10-29 00:36:01 PDT","I","test2@match_com","UploadManagerService","Processing data for hour /storage/emulated/0/.MATCH/data/2016-10-26/15-PDT.zip.uploaded"
"2016-10-29 00:36:01 PDT","I","test2@match_com","UploadManagerService","Processing data for hour /storage/emulated/0/.MATCH/data/2016-10-26/16-PDT.zip.uploaded"
"2016-10-29 00:36:01 PDT","I","test2@match_com","UploadManagerService","Processing data for hour /storage/emulated/0/.MATCH/data/2016-10-26/17-PDT.zip.uploaded"
"2016-10-29 00:36:01 PDT","I","test2@match_com","UploadManagerService","Processing data for hour /storage/emulated/0/.MATCH/data/2016-10-26/21-PDT.zip.uploaded"
"2016-10-29 00:36:01 PDT","I","test2@match_com","UploadManagerService","Processing data for hour /storage/emulated/0/.MATCH/data/2016-10-26/22-PDT.zip.uploaded"
"2016-10-29 00:36:01 PDT","I","test2@match_com","UploadManagerService","Processing data for hour /storage/emulated/0/.MATCH/data/2016-10-26/18-PDT.zip.uploaded"
"2016-10-29 00:36:01 PDT","I","test2@match_com","UploadManagerService","Processing data for hour /storage/emulated/0/.MATCH/data/2016-10-26/20-PDT.zip.uploaded"
"2016-10-29 00:36:01 PDT","I","test2@match_com","UploadManagerService","Processing data for hour /storage/emulated/0/.MATCH/data/2016-10-26/23-PDT.zip.uploaded"
"2016-10-29 00:36:01 PDT","I","test2@match_com","UploadManagerService","Processing data for date - /storage/emulated/0/.MATCH/data/2016-10-27"
"2016-10-29 00:36:01 PDT","I","test2@match_com","UploadManagerService","Processing data for hour /storage/emulated/0/.MATCH/data/2016-10-27/01-PDT.zip.uploaded"
"2016-10-29 00:36:01 PDT","I","test2@match_com","UploadManagerService","Processing data for hour /storage/emulated/0/.MATCH/data/2016-10-27/03-PDT.zip.uploaded"
"2016-10-29 00:36:01 PDT","I","test2@match_com","UploadManagerService","Processing data for hour /storage/emulated/0/.MATCH/data/2016-10-27/04-PDT.zip.uploaded"
"2016-10-29 00:36:01 PDT","I","test2@match_com","UploadManagerService","Processing data for hour /storage/emulated/0/.MATCH/data/2016-10-27/06-PDT.zip.uploaded"
"2016-10-29 00:36:01 PDT","I","test2@match_com","UploadManagerService","Processing data for hour /storage/emulated/0/.MATCH/data/2016-10-27/00-PDT.zip.uploaded"
"2016-10-29 00:36:01 PDT","I","test2@match_com","UploadManagerService","Processing data for hour /storage/emulated/0/.MATCH/data/2016-10-27/02-PDT.zip.uploaded"
"2016-10-29 00:36:01 PDT","I","test2@match_com","UploadManagerService","Processing data for hour /storage/emulated/0/.MATCH/data/2016-10-27/05-PDT.zip.uploaded"
"2016-10-29 00:36:01 PDT","I","test2@match_com","UploadManagerService","Processing data for date - /storage/emulated/0/.MATCH/data/2016-10-28"
"2016-10-29 00:36:01 PDT","I","test2@match_com","UploadManagerService","Processing data for hour /storage/emulated/0/.MATCH/data/2016-10-28/13-PDT.zip"
"2016-10-29 00:36:01 PDT","I","test2@match_com","UploadManagerService","Processing data for hour /storage/emulated/0/.MATCH/data/2016-10-28/14-PDT.zip"
"2016-10-29 00:36:01 PDT","I","test2@match_com","UploadManagerService","Processing data for hour /storage/emulated/0/.MATCH/data/2016-10-28/15-PDT.zip"
"2016-10-29 00:36:01 PDT","I","test2@match_com","UploadManagerService","Processing data for hour /storage/emulated/0/.MATCH/data/2016-10-28/16-PDT.zip"
"2016-10-29 00:36:01 PDT","I","test2@match_com","UploadManagerService","Processing data for hour /storage/emulated/0/.MATCH/data/2016-10-28/17-PDT.zip"
"2016-10-29 00:36:01 PDT","I","test2@match_com","UploadManagerService","Processing data for hour /storage/emulated/0/.MATCH/data/2016-10-28/18-PDT.zip"
"2016-10-29 00:36:01 PDT","I","test2@match_com","UploadManagerService","Processing data for hour /storage/emulated/0/.MATCH/data/2016-10-28/19-PDT.zip"
"2016-10-29 00:36:01 PDT","I","test2@match_com","UploadManagerService","Processing data for hour /storage/emulated/0/.MATCH/data/2016-10-28/20-PDT.zip"
"2016-10-29 00:36:01 PDT","I","test2@match_com","UploadManagerService","Processing data for hour /storage/emulated/0/.MATCH/data/2016-10-28/21-PDT.zip"
"2016-10-29 00:36:01 PDT","I","test2@match_com","UploadManagerService","Processing data for hour /storage/emulated/0/.MATCH/data/2016-10-28/22-PDT.zip"
"2016-10-29 00:36:01 PDT","I","test2@match_com","UploadManagerService","Processing data for hour /storage/emulated/0/.MATCH/data/2016-10-28/23-PDT.zip"
"2016-10-29 00:36:01 PDT","I","test2@match_com","UploadManagerService","Processing data for date - /storage/emulated/0/.MATCH/data/2016-10-29"
"2016-10-29 00:36:01 PDT","I","test2@match_com","UploadManagerService","Processing data for hour /storage/emulated/0/.MATCH/data/2016-10-29/00-PDT"
"2016-10-29 00:36:01 PDT","I","test2@match_com","UploadManagerService","Internet is not connected. Not trying to upload files."
"2016-10-29 00:36:01 PDT","I","test2@match_com","MinuteService","Inside onCreate"
"2016-10-29 00:36:01 PDT","I","test2@match_com","MinuteService","Minute Service Alarm was set by - MinuteService"
"2016-10-29 00:36:01 PDT","I","test2@match_com","MinuteService","Time since previous run - 4"
"2016-10-29 00:36:01 PDT","I","test2@match_com","MinuteService","Previous run within last 50 seconds, ignoring this run"
"2016-10-29 00:36:01 PDT","I","test2@match_com","UploadManagerService","Inside onDestroy"
"2016-10-29 00:36:01 PDT","I","test2@match_com","MinuteService","Inside onDestroy"
"2016-10-29 00:36:02 PDT","I","test2@match_com","BackupMinuteService","Inside onCreate"
"2016-10-29 00:36:02 PDT","I","test2@match_com","Util","Inside setBackupMinuteServiceAlarm"
"2016-10-29 00:36:02 PDT","I","test2@match_com","Util","BackupMinuteService last run at - Sat Oct 29 00:36:02 PDT 2016"
"2016-10-29 00:36:02 PDT","I","test2@match_com","Util","BackupMinuteService next run at - Sat Oct 29 00:37:02 PDT 2016"
"2016-10-29 00:36:02 PDT","I","test2@match_com","MinuteService","Inside onCreate"
"2016-10-29 00:36:02 PDT","I","test2@match_com","MinuteService","Minute Service Alarm was set by - MinuteService"
"2016-10-29 00:36:02 PDT","I","test2@match_com","MinuteService","Time since previous run - 5"
"2016-10-29 00:36:02 PDT","I","test2@match_com","MinuteService","Previous run within last 50 seconds, ignoring this run"
"2016-10-29 00:36:02 PDT","I","test2@match_com","BackupMinuteService","Inside onDestroy"
"2016-10-29 00:36:02 PDT","I","test2@match_com","MinuteService","Inside onDestroy"
"2016-10-29 00:36:02 PDT","I","test2@match_com","AlwaysOnService","Received Intent - android.intent.action.TIME_TICK"
"2016-10-29 00:36:23 PDT","I","test2@match_com","AlwaysOnService","Received Intent - android.intent.action.BATTERY_CHANGED"
"2016-10-29 00:36:57 PDT","I","test2@match_com","MinuteService","Inside onCreate"
"2016-10-29 00:36:57 PDT","I","test2@match_com","MinuteService","Minute Service Alarm was set by - MinuteService"
"2016-10-29 00:36:57 PDT","I","test2@match_com","MinuteService","Time since previous run - 60"
"2016-10-29 00:36:57 PDT","I","test2@match_com","MinuteService","Setting Minute Service Last Run"
"2016-10-29 00:36:57 PDT","I","test2@match_com","MinuteService","Setting Minute Service Alarm"
"2016-10-29 00:36:57 PDT","I","test2@match_com","Util","Inside setMinuteServiceAlarmFromMinuteService"
"2016-10-29 00:36:57 PDT","I","test2@match_com","Util","MinuteService last run at - Sat Oct 29 00:36:57 PDT 2016"
"2016-10-29 00:36:57 PDT","I","test2@match_com","Util","MinuteService next run at - Sat Oct 29 00:37:57 PDT 2016"
"2016-10-29 00:36:57 PDT","I","test2@match_com","MinuteService","Setting Minute Service Backup Alarm"
"2016-10-29 00:36:57 PDT","I","test2@match_com","Util","Inside setBackupMinuteServiceAlarm"
"2016-10-29 00:36:57 PDT","I","test2@match_com","Util","BackupMinuteService last run at - Sat Oct 29 00:36:02 PDT 2016"
"2016-10-29 00:36:57 PDT","I","test2@match_com","Util","BackupMinuteService next run at - Sat Oct 29 00:37:02 PDT 2016"
"2016-10-29 00:36:57 PDT","I","test2@match_com","MinuteService","Initializing MATCHConstants"
"2016-10-29 00:36:57 PDT","I","test2@match_com","MinuteService","Notifying user about minute service run"
"2016-10-29 00:36:57 PDT","I","test2@match_com","MinuteService","Writing status to Firebase Database"
"2016-10-29 00:36:57 PDT","I","test2@match_com","MinuteService","Logging Network Status"
"2016-10-29 00:36:57 PDT","I","test2@match_com","ConnectivityManager","isConnected - false - isWifi - false - isMobileInternet - false"
"2016-10-29 00:36:57 PDT","I","test2@match_com","MinuteService","Logging Battery Status"
"2016-10-29 00:36:57 PDT","I","test2@match_com","BatteryManager","Percentage - 88 - isCharging - true - isUSBCharging - false - isACCharging - true - isWirelessCharging - false"
"2016-10-29 00:36:57 PDT","I","test2@match_com","MinuteService","Logging Memory Status"
"2016-10-29 00:36:57 PDT","I","test2@match_com","MemoryManager","Total Memory,898,Available Memory,413,Threshold Memory,144,IsLowMemory,false"
"2016-10-29 00:36:57 PDT","I","test2@match_com","MinuteService","Logging Storage Status"
"2016-10-29 00:36:57 PDT","I","test2@match_com","StorageManager","Internal Total,2247,Internal Free,589,External Total,4637,External Free,3936"
"2016-10-29 00:36:57 PDT","I","test2@match_com","MinuteService","Logging Power Status"
"2016-10-29 00:36:57 PDT","I","test2@match_com","PowerManager","isDeviceIdleMode - false - isInteractive - false - isPowerSaveMode - false - isSustainedPerformanceModeSupported - false"
"2016-10-29 00:36:57 PDT","I","test2@match_com","MinuteService","Logging Notifications Status"
"2016-10-29 00:36:57 PDT","I","test2@match_com","NotificationManager","AreNotificationsEnabled - true - Importance - Unspecified"
"2016-10-29 00:36:57 PDT","I","test2@match_com","MinuteService","Logging Location"
"2016-10-29 00:36:57 PDT","I","test2@match_com","MinuteService","Fetching latest study data"
"2016-10-29 00:36:57 PDT","I","test2@match_com","MinuteService","Starting UploadManagerService"
"2016-10-29 00:36:57 PDT","I","test2@match_com","MinuteService","Starting SurveyManagerService"
"2016-10-29 00:36:57 PDT","I","test2@match_com","UploadManagerService","Inside onCreate"
"2016-10-29 00:36:57 PDT","I","test2@match_com","UploadManagerService","Processing Logs"
"2016-10-29 00:36:57 PDT","I","test2@match_com","UploadManagerService","Processing Logs for Date - /storage/emulated/0/.MATCH/logs/2016-10-26"
"2016-10-29 00:36:57 PDT","I","test2@match_com","UploadManagerService","Processing Logs for Date - /storage/emulated/0/.MATCH/logs/2016-10-27"
"2016-10-29 00:36:57 PDT","I","test2@match_com","UploadManagerService","Processing Logs for Date - /storage/emulated/0/.MATCH/logs/2016-10-28"
"2016-10-29 00:36:57 PDT","I","test2@match_com","UploadManagerService","Processing Logs for Date - /storage/emulated/0/.MATCH/logs/2016-10-29"
"2016-10-29 00:36:57 PDT","I","test2@match_com","UploadManagerService","Processing Surveys"
"2016-10-29 00:36:57 PDT","I","test2@match_com","UploadManagerService","Processing Data files"
"2016-10-29 00:36:57 PDT","I","test2@match_com","UploadManagerService","Processing data for date - /storage/emulated/0/.MATCH/data/2016-10-26"
"2016-10-29 00:36:57 PDT","I","test2@match_com","UploadManagerService","Processing data for hour /storage/emulated/0/.MATCH/data/2016-10-26/19-PDT.zip.uploaded"
"2016-10-29 00:36:57 PDT","I","test2@match_com","UploadManagerService","Processing data for hour /storage/emulated/0/.MATCH/data/2016-10-26/13-PDT.zip.uploaded"
"2016-10-29 00:36:57 PDT","I","test2@match_com","UploadManagerService","Processing data for hour /storage/emulated/0/.MATCH/data/2016-10-26/14-PDT.zip.uploaded"
"2016-10-29 00:36:57 PDT","I","test2@match_com","UploadManagerService","Processing data for hour /storage/emulated/0/.MATCH/data/2016-10-26/15-PDT.zip.uploaded"
"2016-10-29 00:36:57 PDT","I","test2@match_com","UploadManagerService","Processing data for hour /storage/emulated/0/.MATCH/data/2016-10-26/16-PDT.zip.uploaded"
"2016-10-29 00:36:57 PDT","I","test2@match_com","UploadManagerService","Processing data for hour /storage/emulated/0/.MATCH/data/2016-10-26/17-PDT.zip.uploaded"
"2016-10-29 00:36:57 PDT","I","test2@match_com","UploadManagerService","Processing data for hour /storage/emulated/0/.MATCH/data/2016-10-26/21-PDT.zip.uploaded"
"2016-10-29 00:36:57 PDT","I","test2@match_com","UploadManagerService","Processing data for hour /storage/emulated/0/.MATCH/data/2016-10-26/22-PDT.zip.uploaded"
"2016-10-29 00:36:57 PDT","I","test2@match_com","UploadManagerService","Processing data for hour /storage/emulated/0/.MATCH/data/2016-10-26/18-PDT.zip.uploaded"
"2016-10-29 00:36:57 PDT","I","test2@match_com","UploadManagerService","Processing data for hour /storage/emulated/0/.MATCH/data/2016-10-26/20-PDT.zip.uploaded"
"2016-10-29 00:36:57 PDT","I","test2@match_com","UploadManagerService","Processing data for hour /storage/emulated/0/.MATCH/data/2016-10-26/23-PDT.zip.uploaded"
"2016-10-29 00:36:57 PDT","I","test2@match_com","UploadManagerService","Processing data for date - /storage/emulated/0/.MATCH/data/2016-10-27"
"2016-10-29 00:36:57 PDT","I","test2@match_com","UploadManagerService","Processing data for hour /storage/emulated/0/.MATCH/data/2016-10-27/01-PDT.zip.uploaded"
"2016-10-29 00:36:57 PDT","I","test2@match_com","UploadManagerService","Processing data for hour /storage/emulated/0/.MATCH/data/2016-10-27/03-PDT.zip.uploaded"
"2016-10-29 00:36:57 PDT","I","test2@match_com","UploadManagerService","Processing data for hour /storage/emulated/0/.MATCH/data/2016-10-27/04-PDT.zip.uploaded"
"2016-10-29 00:36:57 PDT","I","test2@match_com","UploadManagerService","Processing data for hour /storage/emulated/0/.MATCH/data/2016-10-27/06-PDT.zip.uploaded"
"2016-10-29 00:36:57 PDT","I","test2@match_com","UploadManagerService","Processing data for hour /storage/emulated/0/.MATCH/data/2016-10-27/00-PDT.zip.uploaded"
"2016-10-29 00:36:57 PDT","I","test2@match_com","UploadManagerService","Processing data for hour /storage/emulated/0/.MATCH/data/2016-10-27/02-PDT.zip.uploaded"
"2016-10-29 00:36:57 PDT","I","test2@match_com","UploadManagerService","Processing data for hour /storage/emulated/0/.MATCH/data/2016-10-27/05-PDT.zip.uploaded"
"2016-10-29 00:36:57 PDT","I","test2@match_com","UploadManagerService","Processing data for date - /storage/emulated/0/.MATCH/data/2016-10-28"
"2016-10-29 00:36:57 PDT","I","test2@match_com","UploadManagerService","Processing data for hour /storage/emulated/0/.MATCH/data/2016-10-28/13-PDT.zip"
"2016-10-29 00:36:57 PDT","I","test2@match_com","UploadManagerService","Processing data for hour /storage/emulated/0/.MATCH/data/2016-10-28/14-PDT.zip"
"2016-10-29 00:36:57 PDT","I","test2@match_com","UploadManagerService","Processing data for hour /storage/emulated/0/.MATCH/data/2016-10-28/15-PDT.zip"
"2016-10-29 00:36:57 PDT","I","test2@match_com","UploadManagerService","Processing data for hour /storage/emulated/0/.MATCH/data/2016-10-28/16-PDT.zip"
"2016-10-29 00:36:57 PDT","I","test2@match_com","UploadManagerService","Processing data for hour /storage/emulated/0/.MATCH/data/2016-10-28/17-PDT.zip"
"2016-10-29 00:36:57 PDT","I","test2@match_com","UploadManagerService","Processing data for hour /storage/emulated/0/.MATCH/data/2016-10-28/18-PDT.zip"
"2016-10-29 00:36:57 PDT","I","test2@match_com","UploadManagerService","Processing data for hour /storage/emulated/0/.MATCH/data/2016-10-28/19-PDT.zip"
"2016-10-29 00:36:57 PDT","I","test2@match_com","UploadManagerService","Processing data for hour /storage/emulated/0/.MATCH/data/2016-10-28/20-PDT.zip"
"2016-10-29 00:36:57 PDT","I","test2@match_com","UploadManagerService","Processing data for hour /storage/emulated/0/.MATCH/data/2016-10-28/21-PDT.zip"
"2016-10-29 00:36:57 PDT","I","test2@match_com","UploadManagerService","Processing data for hour /storage/emulated/0/.MATCH/data/2016-10-28/22-PDT.zip"
"2016-10-29 00:36:57 PDT","I","test2@match_com","UploadManagerService","Processing data for hour /storage/emulated/0/.MATCH/data/2016-10-28/23-PDT.zip"
"2016-10-29 00:36:57 PDT","I","test2@match_com","UploadManagerService","Processing data for date - /storage/emulated/0/.MATCH/data/2016-10-29"
"2016-10-29 00:36:57 PDT","I","test2@match_com","UploadManagerService","Processing data for hour /storage/emulated/0/.MATCH/data/2016-10-29/00-PDT"
"2016-10-29 00:36:57 PDT","I","test2@match_com","UploadManagerService","Internet is not connected. Not trying to upload files."
"2016-10-29 00:36:57 PDT","I","test2@match_com","SurveyManagerService","Inside onCreate"
"2016-10-29 00:36:57 PDT","I","test2@match_com","SurveyManagerService","Current time is - Sat Oct 29 00:36:57 PDT 2016"
"2016-10-29 00:36:57 PDT","I","test2@match_com","SurveyManagerService","Start Date is - Tue Oct 25 19:00:00 PDT 2016"
"2016-10-29 00:36:57 PDT","I","test2@match_com","SurveyManagerService","End Date is - Tue Nov 01 16:00:00 PDT 2016"
"2016-10-29 00:36:57 PDT","I","test2@match_com","SurveyManagerService","Scheduling Survey for - KEY_EMA_0730TO0800_CHILD"
"2016-10-29 00:36:57 PDT","I","test2@match_com","SurveyManagerService","Survey KEY_EMA_0730TO0800_CHILD is already scheduled"
"2016-10-29 00:36:57 PDT","I","test2@match_com","SurveyManagerService","Scheduling Survey for - KEY_EMA_0930TO1000_CHILD"
"2016-10-29 00:36:57 PDT","I","test2@match_com","SurveyManagerService","Survey KEY_EMA_0930TO1000_CHILD is already scheduled"
"2016-10-29 00:36:57 PDT","I","test2@match_com","SurveyManagerService","Scheduling Survey for - KEY_EMA_1130TO1200_CHILD"
"2016-10-29 00:36:57 PDT","I","test2@match_com","SurveyManagerService","Survey KEY_EMA_1130TO1200_CHILD is already scheduled"
"2016-10-29 00:36:57 PDT","I","test2@match_com","SurveyManagerService","Scheduling Survey for - KEY_EMA_1330TO1400_CHILD"
"2016-10-29 00:36:57 PDT","I","test2@match_com","SurveyManagerService","Survey KEY_EMA_1330TO1400_CHILD is already scheduled"
"2016-10-29 00:36:57 PDT","I","test2@match_com","SurveyManagerService","Scheduling Survey for - KEY_EMA_1530TO1600_CHILD"
"2016-10-29 00:36:57 PDT","I","test2@match_com","SurveyManagerService","Survey KEY_EMA_1530TO1600_CHILD is already scheduled"
"2016-10-29 00:36:57 PDT","I","test2@match_com","SurveyManagerService","Scheduling Survey for - KEY_EMA_1730TO1800_CHILD"
"2016-10-29 00:36:57 PDT","I","test2@match_com","SurveyManagerService","Survey KEY_EMA_1730TO1800_CHILD is already scheduled"
"2016-10-29 00:36:57 PDT","I","test2@match_com","SurveyManagerService","Scheduling Survey for - KEY_EMA_1930TO2000_CHILD"
"2016-10-29 00:36:57 PDT","I","test2@match_com","SurveyManagerService","Survey KEY_EMA_1930TO2000_CHILD is already scheduled"
"2016-10-29 00:36:57 PDT","I","test2@match_com","SurveyManagerService","Saliva surveys are already scheduled"
"2016-10-29 00:36:57 PDT","I","test2@match_com","SurveyManagerService","Survey KEY_SALIVA_BEDTIME scheduled for Sat Oct 29 21:46:57 PDT 2016"
"2016-10-29 00:36:57 PDT","I","test2@match_com","SurveyManagerService","Survey Schedule for KEY_EMA_0730TO0800_CHILD is Sat Oct 29 07:47:17 PDT 2016"
"2016-10-29 00:36:57 PDT","I","test2@match_com","SurveyManagerService","Still not time to prompt the survey"
"2016-10-29 00:36:57 PDT","I","test2@match_com","SurveyManagerService","Survey Schedule for KEY_EMA_0930TO1000_CHILD is Sat Oct 29 09:57:24 PDT 2016"
"2016-10-29 00:36:57 PDT","I","test2@match_com","SurveyManagerService","Still not time to prompt the survey"
"2016-10-29 00:36:57 PDT","I","test2@match_com","SurveyManagerService","Survey Schedule for KEY_EMA_1130TO1200_CHILD is Sat Oct 29 11:45:10 PDT 2016"
"2016-10-29 00:36:57 PDT","I","test2@match_com","SurveyManagerService","Still not time to prompt the survey"
"2016-10-29 00:36:57 PDT","I","test2@match_com","SurveyManagerService","Survey Schedule for KEY_EMA_1330TO1400_CHILD is Sat Oct 29 13:44:02 PDT 2016"
"2016-10-29 00:36:57 PDT","I","test2@match_com","SurveyManagerService","Still not time to prompt the survey"
"2016-10-29 00:36:57 PDT","I","test2@match_com","SurveyManagerService","Survey Schedule for KEY_EMA_1530TO1600_CHILD is Sat Oct 29 15:33:41 PDT 2016"
"2016-10-29 00:36:57 PDT","I","test2@match_com","SurveyManagerService","Still not time to prompt the survey"
"2016-10-29 00:36:57 PDT","I","test2@match_com","SurveyManagerService","Survey Schedule for KEY_EMA_1730TO1800_CHILD is Sat Oct 29 17:47:43 PDT 2016"
"2016-10-29 00:36:57 PDT","I","test2@match_com","SurveyManagerService","Still not time to prompt the survey"
"2016-10-29 00:36:57 PDT","I","test2@match_com","SurveyManagerService","Survey Schedule for KEY_EMA_1930TO2000_CHILD is Sat Oct 29 19:36:11 PDT 2016"
"2016-10-29 00:36:58 PDT","I","test2@match_com","SurveyManagerService","Still not time to prompt the survey"
"2016-10-29 00:36:58 PDT","I","test2@match_com","SurveyManagerService","KEY_SALIVA_WAKING is scheduled for Sat Oct 29 06:46:56 PDT 2016"
"2016-10-29 00:36:58 PDT","I","test2@match_com","SurveyManagerService","Prompt KEY_SALIVA_WAKING is in the future - Sat Oct 29 06:46:56 PDT 2016"
"2016-10-29 00:36:58 PDT","I","test2@match_com","SurveyManagerService","KEY_SALIVA_WAKING_PLUS_30 is scheduled for Sat Oct 29 07:16:56 PDT 2016"
"2016-10-29 00:36:58 PDT","I","test2@match_com","SurveyManagerService","Prompt KEY_SALIVA_WAKING_PLUS_30 is in the future - Sat Oct 29 07:16:56 PDT 2016"
"2016-10-29 00:36:58 PDT","I","test2@match_com","SurveyManagerService","KEY_SALIVA_AFTERNOON_4TO430_CHILD is scheduled for Sat Oct 29 16:16:27 PDT 2016"
"2016-10-29 00:36:58 PDT","I","test2@match_com","SurveyManagerService","Prompt KEY_SALIVA_AFTERNOON_4TO430_CHILD is in the future - Sat Oct 29 16:16:27 PDT 2016"
"2016-10-29 00:36:58 PDT","I","test2@match_com","SurveyManagerService","KEY_SALIVA_BEDTIME is scheduled for Sat Oct 29 21:46:57 PDT 2016"
"2016-10-29 00:36:58 PDT","I","test2@match_com","SurveyManagerService","Prompt KEY_SALIVA_BEDTIME is in the future - Sat Oct 29 21:46:57 PDT 2016"
"2016-10-29 00:36:58 PDT","I","test2@match_com","MinuteService","Inside onDestroy"
"2016-10-29 00:36:58 PDT","I","test2@match_com","AlwaysOnService","Received Intent - android.intent.action.BATTERY_CHANGED"
"2016-10-29 00:36:58 PDT","I","test2@match_com","UploadManagerService","Inside onDestroy"
"2016-10-29 00:36:58 PDT","I","test2@match_com","SurveyManagerService","Inside onDestroy"
"2016-10-29 00:36:58 PDT","I","test2@match_com","Zipper","unzipFileWithEncryption"
"2016-10-29 00:36:58 PDT","I","test2@match_com","Zipper","Deleting File - /storage/emulated/0/.MATCH/data/2016-10-29/00-PDT/GPS.csv.zip"
"2016-10-29 00:36:58 PDT","I","test2@match_com","Zipper","zipFileWithEncryption - /storage/emulated/0/.MATCH/data/2016-10-29/00-PDT/GPS.csv"
"2016-10-29 00:36:58 PDT","I","test2@match_com","Zipper","Creating ZipFile - /storage/emulated/0/.MATCH/data/2016-10-29/00-PDT/GPS.csv.zip"
"2016-10-29 00:36:58 PDT","I","test2@match_com","Zipper","Deleting File - /storage/emulated/0/.MATCH/data/2016-10-29/00-PDT/GPS.csv"
"2016-10-29 00:37:01 PDT","I","test2@match_com","UploadManagerService","Inside onCreate"
"2016-10-29 00:37:01 PDT","I","test2@match_com","UploadManagerService","Processing Logs"
"2016-10-29 00:37:01 PDT","I","test2@match_com","UploadManagerService","Processing Logs for Date - /storage/emulated/0/.MATCH/logs/2016-10-26"
"2016-10-29 00:37:01 PDT","I","test2@match_com","UploadManagerService","Processing Logs for Date - /storage/emulated/0/.MATCH/logs/2016-10-27"
"2016-10-29 00:37:01 PDT","I","test2@match_com","UploadManagerService","Processing Logs for Date - /storage/emulated/0/.MATCH/logs/2016-10-28"
"2016-10-29 00:37:01 PDT","I","test2@match_com","UploadManagerService","Processing Logs for Date - /storage/emulated/0/.MATCH/logs/2016-10-29"
"2016-10-29 00:37:01 PDT","I","test2@match_com","UploadManagerService","Processing Surveys"
"2016-10-29 00:37:01 PDT","I","test2@match_com","UploadManagerService","Processing Data files"
"2016-10-29 00:37:01 PDT","I","test2@match_com","UploadManagerService","Processing data for date - /storage/emulated/0/.MATCH/data/2016-10-26"
"2016-10-29 00:37:01 PDT","I","test2@match_com","UploadManagerService","Processing data for hour /storage/emulated/0/.MATCH/data/2016-10-26/19-PDT.zip.uploaded"
"2016-10-29 00:37:01 PDT","I","test2@match_com","UploadManagerService","Processing data for hour /storage/emulated/0/.MATCH/data/2016-10-26/13-PDT.zip.uploaded"
"2016-10-29 00:37:01 PDT","I","test2@match_com","UploadManagerService","Processing data for hour /storage/emulated/0/.MATCH/data/2016-10-26/14-PDT.zip.uploaded"
"2016-10-29 00:37:01 PDT","I","test2@match_com","UploadManagerService","Processing data for hour /storage/emulated/0/.MATCH/data/2016-10-26/15-PDT.zip.uploaded"
"2016-10-29 00:37:01 PDT","I","test2@match_com","UploadManagerService","Processing data for hour /storage/emulated/0/.MATCH/data/2016-10-26/16-PDT.zip.uploaded"
"2016-10-29 00:37:01 PDT","I","test2@match_com","UploadManagerService","Processing data for hour /storage/emulated/0/.MATCH/data/2016-10-26/17-PDT.zip.uploaded"
"2016-10-29 00:37:01 PDT","I","test2@match_com","UploadManagerService","Processing data for hour /storage/emulated/0/.MATCH/data/2016-10-26/21-PDT.zip.uploaded"
"2016-10-29 00:37:01 PDT","I","test2@match_com","UploadManagerService","Processing data for hour /storage/emulated/0/.MATCH/data/2016-10-26/22-PDT.zip.uploaded"
"2016-10-29 00:37:01 PDT","I","test2@match_com","UploadManagerService","Processing data for hour /storage/emulated/0/.MATCH/data/2016-10-26/18-PDT.zip.uploaded"
"2016-10-29 00:37:01 PDT","I","test2@match_com","UploadManagerService","Processing data for hour /storage/emulated/0/.MATCH/data/2016-10-26/20-PDT.zip.uploaded"
"2016-10-29 00:37:01 PDT","I","test2@match_com","UploadManagerService","Processing data for hour /storage/emulated/0/.MATCH/data/2016-10-26/23-PDT.zip.uploaded"
"2016-10-29 00:37:01 PDT","I","test2@match_com","UploadManagerService","Processing data for date - /storage/emulated/0/.MATCH/data/2016-10-27"
"2016-10-29 00:37:01 PDT","I","test2@match_com","UploadManagerService","Processing data for hour /storage/emulated/0/.MATCH/data/2016-10-27/01-PDT.zip.uploaded"
"2016-10-29 00:37:01 PDT","I","test2@match_com","UploadManagerService","Processing data for hour /storage/emulated/0/.MATCH/data/2016-10-27/03-PDT.zip.uploaded"
"2016-10-29 00:37:01 PDT","I","test2@match_com","UploadManagerService","Processing data for hour /storage/emulated/0/.MATCH/data/2016-10-27/04-PDT.zip.uploaded"
"2016-10-29 00:37:01 PDT","I","test2@match_com","UploadManagerService","Processing data for hour /storage/emulated/0/.MATCH/data/2016-10-27/06-PDT.zip.uploaded"
"2016-10-29 00:37:01 PDT","I","test2@match_com","UploadManagerService","Processing data for hour /storage/emulated/0/.MATCH/data/2016-10-27/00-PDT.zip.uploaded"
"2016-10-29 00:37:01 PDT","I","test2@match_com","UploadManagerService","Processing data for hour /storage/emulated/0/.MATCH/data/2016-10-27/02-PDT.zip.uploaded"
"2016-10-29 00:37:01 PDT","I","test2@match_com","UploadManagerService","Processing data for hour /storage/emulated/0/.MATCH/data/2016-10-27/05-PDT.zip.uploaded"
"2016-10-29 00:37:01 PDT","I","test2@match_com","UploadManagerService","Processing data for date - /storage/emulated/0/.MATCH/data/2016-10-28"
"2016-10-29 00:37:01 PDT","I","test2@match_com","UploadManagerService","Processing data for hour /storage/emulated/0/.MATCH/data/2016-10-28/13-PDT.zip"
"2016-10-29 00:37:01 PDT","I","test2@match_com","UploadManagerService","Processing data for hour /storage/emulated/0/.MATCH/data/2016-10-28/14-PDT.zip"
"2016-10-29 00:37:01 PDT","I","test2@match_com","UploadManagerService","Processing data for hour /storage/emulated/0/.MATCH/data/2016-10-28/15-PDT.zip"
"2016-10-29 00:37:01 PDT","I","test2@match_com","UploadManagerService","Processing data for hour /storage/emulated/0/.MATCH/data/2016-10-28/16-PDT.zip"
"2016-10-29 00:37:01 PDT","I","test2@match_com","UploadManagerService","Processing data for hour /storage/emulated/0/.MATCH/data/2016-10-28/17-PDT.zip"
"2016-10-29 00:37:01 PDT","I","test2@match_com","UploadManagerService","Processing data for hour /storage/emulated/0/.MATCH/data/2016-10-28/18-PDT.zip"
"2016-10-29 00:37:01 PDT","I","test2@match_com","UploadManagerService","Processing data for hour /storage/emulated/0/.MATCH/data/2016-10-28/19-PDT.zip"
"2016-10-29 00:37:01 PDT","I","test2@match_com","UploadManagerService","Processing data for hour /storage/emulated/0/.MATCH/data/2016-10-28/20-PDT.zip"
"2016-10-29 00:37:01 PDT","I","test2@match_com","UploadManagerService","Processing data for hour /storage/emulated/0/.MATCH/data/2016-10-28/21-PDT.zip"
"2016-10-29 00:37:01 PDT","I","test2@match_com","UploadManagerService","Processing data for hour /storage/emulated/0/.MATCH/data/2016-10-28/22-PDT.zip"
"2016-10-29 00:37:01 PDT","I","test2@match_com","UploadManagerService","Processing data for hour /storage/emulated/0/.MATCH/data/2016-10-28/23-PDT.zip"
"2016-10-29 00:37:01 PDT","I","test2@match_com","UploadManagerService","Processing data for date - /storage/emulated/0/.MATCH/data/2016-10-29"
"2016-10-29 00:37:01 PDT","I","test2@match_com","UploadManagerService","Processing data for hour /storage/emulated/0/.MATCH/data/2016-10-29/00-PDT"
"2016-10-29 00:37:01 PDT","I","test2@match_com","UploadManagerService","Internet is not connected. Not trying to upload files."
"2016-10-29 00:37:01 PDT","I","test2@match_com","MinuteService","Inside onCreate"
"2016-10-29 00:37:01 PDT","I","test2@match_com","MinuteService","Minute Service Alarm was set by - MinuteService"
"2016-10-29 00:37:01 PDT","I","test2@match_com","MinuteService","Time since previous run - 4"
"2016-10-29 00:37:01 PDT","I","test2@match_com","MinuteService","Previous run within last 50 seconds, ignoring this run"
"2016-10-29 00:37:01 PDT","I","test2@match_com","UploadManagerService","Inside onDestroy"
"2016-10-29 00:37:01 PDT","I","test2@match_com","MinuteService","Inside onDestroy"
"2016-10-29 00:37:02 PDT","I","test2@match_com","BackupMinuteService","Inside onCreate"
"2016-10-29 00:37:02 PDT","I","test2@match_com","Util","Inside setBackupMinuteServiceAlarm"
"2016-10-29 00:37:02 PDT","I","test2@match_com","Util","BackupMinuteService last run at - Sat Oct 29 00:37:02 PDT 2016"
"2016-10-29 00:37:02 PDT","I","test2@match_com","Util","BackupMinuteService next run at - Sat Oct 29 00:38:02 PDT 2016"
"2016-10-29 00:37:02 PDT","I","test2@match_com","MinuteService","Inside onCreate"
"2016-10-29 00:37:02 PDT","I","test2@match_com","MinuteService","Minute Service Alarm was set by - MinuteService"
"2016-10-29 00:37:02 PDT","I","test2@match_com","MinuteService","Time since previous run - 5"
"2016-10-29 00:37:02 PDT","I","test2@match_com","MinuteService","Previous run within last 50 seconds, ignoring this run"
"2016-10-29 00:37:02 PDT","I","test2@match_com","BackupMinuteService","Inside onDestroy"
"2016-10-29 00:37:02 PDT","I","test2@match_com","MinuteService","Inside onDestroy"
"2016-10-29 00:37:02 PDT","I","test2@match_com","AlwaysOnService","Received Intent - android.intent.action.TIME_TICK"
"2016-10-29 00:37:23 PDT","I","test2@match_com","AlwaysOnService","Received Intent - android.intent.action.BATTERY_CHANGED"
"2016-10-29 00:37:57 PDT","I","test2@match_com","MinuteService","Inside onCreate"
"2016-10-29 00:37:57 PDT","I","test2@match_com","MinuteService","Minute Service Alarm was set by - MinuteService"
"2016-10-29 00:37:57 PDT","I","test2@match_com","MinuteService","Time since previous run - 60"
"2016-10-29 00:37:57 PDT","I","test2@match_com","MinuteService","Setting Minute Service Last Run"
"2016-10-29 00:37:57 PDT","I","test2@match_com","MinuteService","Setting Minute Service Alarm"
"2016-10-29 00:37:57 PDT","I","test2@match_com","Util","Inside setMinuteServiceAlarmFromMinuteService"
"2016-10-29 00:37:57 PDT","I","test2@match_com","Util","MinuteService last run at - Sat Oct 29 00:37:57 PDT 2016"
"2016-10-29 00:37:57 PDT","I","test2@match_com","Util","MinuteService next run at - Sat Oct 29 00:38:57 PDT 2016"
"2016-10-29 00:37:57 PDT","I","test2@match_com","MinuteService","Setting Minute Service Backup Alarm"
"2016-10-29 00:37:57 PDT","I","test2@match_com","Util","Inside setBackupMinuteServiceAlarm"
"2016-10-29 00:37:57 PDT","I","test2@match_com","Util","BackupMinuteService last run at - Sat Oct 29 00:37:02 PDT 2016"
"2016-10-29 00:37:57 PDT","I","test2@match_com","Util","BackupMinuteService next run at - Sat Oct 29 00:38:02 PDT 2016"
"2016-10-29 00:37:57 PDT","I","test2@match_com","MinuteService","Initializing MATCHConstants"
"2016-10-29 00:37:57 PDT","I","test2@match_com","MinuteService","Notifying user about minute service run"
"2016-10-29 00:37:57 PDT","I","test2@match_com","MinuteService","Writing status to Firebase Database"
"2016-10-29 00:37:57 PDT","I","test2@match_com","MinuteService","Logging Network Status"
"2016-10-29 00:37:57 PDT","I","test2@match_com","ConnectivityManager","isConnected - false - isWifi - false - isMobileInternet - false"
"2016-10-29 00:37:57 PDT","I","test2@match_com","MinuteService","Logging Battery Status"
"2016-10-29 00:37:57 PDT","I","test2@match_com","BatteryManager","Percentage - 88 - isCharging - true - isUSBCharging - false - isACCharging - true - isWirelessCharging - false"
"2016-10-29 00:37:57 PDT","I","test2@match_com","MinuteService","Logging Memory Status"
"2016-10-29 00:37:57 PDT","I","test2@match_com","MemoryManager","Total Memory,898,Available Memory,411,Threshold Memory,144,IsLowMemory,false"
"2016-10-29 00:37:57 PDT","I","test2@match_com","MinuteService","Logging Storage Status"
"2016-10-29 00:37:57 PDT","I","test2@match_com","StorageManager","Internal Total,2247,Internal Free,589,External Total,4637,External Free,3936"
"2016-10-29 00:37:57 PDT","I","test2@match_com","MinuteService","Logging Power Status"
"2016-10-29 00:37:57 PDT","I","test2@match_com","PowerManager","isDeviceIdleMode - false - isInteractive - false - isPowerSaveMode - false - isSustainedPerformanceModeSupported - false"
"2016-10-29 00:37:57 PDT","I","test2@match_com","MinuteService","Logging Notifications Status"
"2016-10-29 00:37:57 PDT","I","test2@match_com","NotificationManager","AreNotificationsEnabled - true - Importance - Unspecified"
"2016-10-29 00:37:57 PDT","I","test2@match_com","MinuteService","Logging Location"
"2016-10-29 00:37:57 PDT","I","test2@match_com","MinuteService","Fetching latest study data"
"2016-10-29 00:37:57 PDT","I","test2@match_com","MinuteService","Starting UploadManagerService"
"2016-10-29 00:37:57 PDT","I","test2@match_com","MinuteService","Starting SurveyManagerService"
"2016-10-29 00:37:57 PDT","I","test2@match_com","UploadManagerService","Inside onCreate"
"2016-10-29 00:37:57 PDT","I","test2@match_com","UploadManagerService","Processing Logs"
"2016-10-29 00:37:57 PDT","I","test2@match_com","UploadManagerService","Processing Logs for Date - /storage/emulated/0/.MATCH/logs/2016-10-26"
"2016-10-29 00:37:57 PDT","I","test2@match_com","UploadManagerService","Processing Logs for Date - /storage/emulated/0/.MATCH/logs/2016-10-27"
"2016-10-29 00:37:57 PDT","I","test2@match_com","UploadManagerService","Processing Logs for Date - /storage/emulated/0/.MATCH/logs/2016-10-28"
"2016-10-29 00:37:57 PDT","I","test2@match_com","UploadManagerService","Processing Logs for Date - /storage/emulated/0/.MATCH/logs/2016-10-29"
"2016-10-29 00:37:57 PDT","I","test2@match_com","UploadManagerService","Processing Surveys"
"2016-10-29 00:37:57 PDT","I","test2@match_com","UploadManagerService","Processing Data files"
"2016-10-29 00:37:57 PDT","I","test2@match_com","UploadManagerService","Processing data for date - /storage/emulated/0/.MATCH/data/2016-10-26"
"2016-10-29 00:37:57 PDT","I","test2@match_com","UploadManagerService","Processing data for hour /storage/emulated/0/.MATCH/data/2016-10-26/19-PDT.zip.uploaded"
"2016-10-29 00:37:57 PDT","I","test2@match_com","UploadManagerService","Processing data for hour /storage/emulated/0/.MATCH/data/2016-10-26/13-PDT.zip.uploaded"
"2016-10-29 00:37:57 PDT","I","test2@match_com","UploadManagerService","Processing data for hour /storage/emulated/0/.MATCH/data/2016-10-26/14-PDT.zip.uploaded"
"2016-10-29 00:37:57 PDT","I","test2@match_com","UploadManagerService","Processing data for hour /storage/emulated/0/.MATCH/data/2016-10-26/15-PDT.zip.uploaded"
"2016-10-29 00:37:57 PDT","I","test2@match_com","UploadManagerService","Processing data for hour /storage/emulated/0/.MATCH/data/2016-10-26/16-PDT.zip.uploaded"
"2016-10-29 00:37:57 PDT","I","test2@match_com","UploadManagerService","Processing data for hour /storage/emulated/0/.MATCH/data/2016-10-26/17-PDT.zip.uploaded"
"2016-10-29 00:37:57 PDT","I","test2@match_com","UploadManagerService","Processing data for hour /storage/emulated/0/.MATCH/data/2016-10-26/21-PDT.zip.uploaded"
"2016-10-29 00:37:57 PDT","I","test2@match_com","UploadManagerService","Processing data for hour /storage/emulated/0/.MATCH/data/2016-10-26/22-PDT.zip.uploaded"
"2016-10-29 00:37:57 PDT","I","test2@match_com","UploadManagerService","Processing data for hour /storage/emulated/0/.MATCH/data/2016-10-26/18-PDT.zip.uploaded"
"2016-10-29 00:37:57 PDT","I","test2@match_com","UploadManagerService","Processing data for hour /storage/emulated/0/.MATCH/data/2016-10-26/20-PDT.zip.uploaded"
"2016-10-29 00:37:57 PDT","I","test2@match_com","UploadManagerService","Processing data for hour /storage/emulated/0/.MATCH/data/2016-10-26/23-PDT.zip.uploaded"
"2016-10-29 00:37:57 PDT","I","test2@match_com","UploadManagerService","Processing data for date - /storage/emulated/0/.MATCH/data/2016-10-27"
"2016-10-29 00:37:57 PDT","I","test2@match_com","UploadManagerService","Processing data for hour /storage/emulated/0/.MATCH/data/2016-10-27/01-PDT.zip.uploaded"
"2016-10-29 00:37:57 PDT","I","test2@match_com","UploadManagerService","Processing data for hour /storage/emulated/0/.MATCH/data/2016-10-27/03-PDT.zip.uploaded"
"2016-10-29 00:37:57 PDT","I","test2@match_com","UploadManagerService","Processing data for hour /storage/emulated/0/.MATCH/data/2016-10-27/04-PDT.zip.uploaded"
"2016-10-29 00:37:57 PDT","I","test2@match_com","UploadManagerService","Processing data for hour /storage/emulated/0/.MATCH/data/2016-10-27/06-PDT.zip.uploaded"
"2016-10-29 00:37:57 PDT","I","test2@match_com","UploadManagerService","Processing data for hour /storage/emulated/0/.MATCH/data/2016-10-27/00-PDT.zip.uploaded"
"2016-10-29 00:37:57 PDT","I","test2@match_com","UploadManagerService","Processing data for hour /storage/emulated/0/.MATCH/data/2016-10-27/02-PDT.zip.uploaded"
"2016-10-29 00:37:57 PDT","I","test2@match_com","UploadManagerService","Processing data for hour /storage/emulated/0/.MATCH/data/2016-10-27/05-PDT.zip.uploaded"
"2016-10-29 00:37:57 PDT","I","test2@match_com","UploadManagerService","Processing data for date - /storage/emulated/0/.MATCH/data/2016-10-28"
"2016-10-29 00:37:57 PDT","I","test2@match_com","UploadManagerService","Processing data for hour /storage/emulated/0/.MATCH/data/2016-10-28/13-PDT.zip"
"2016-10-29 00:37:57 PDT","I","test2@match_com","UploadManagerService","Processing data for hour /storage/emulated/0/.MATCH/data/2016-10-28/14-PDT.zip"
"2016-10-29 00:37:57 PDT","I","test2@match_com","UploadManagerService","Processing data for hour /storage/emulated/0/.MATCH/data/2016-10-28/15-PDT.zip"
"2016-10-29 00:37:57 PDT","I","test2@match_com","UploadManagerService","Processing data for hour /storage/emulated/0/.MATCH/data/2016-10-28/16-PDT.zip"
"2016-10-29 00:37:57 PDT","I","test2@match_com","UploadManagerService","Processing data for hour /storage/emulated/0/.MATCH/data/2016-10-28/17-PDT.zip"
"2016-10-29 00:37:57 PDT","I","test2@match_com","UploadManagerService","Processing data for hour /storage/emulated/0/.MATCH/data/2016-10-28/18-PDT.zip"
"2016-10-29 00:37:57 PDT","I","test2@match_com","UploadManagerService","Processing data for hour /storage/emulated/0/.MATCH/data/2016-10-28/19-PDT.zip"
"2016-10-29 00:37:57 PDT","I","test2@match_com","UploadManagerService","Processing data for hour /storage/emulated/0/.MATCH/data/2016-10-28/20-PDT.zip"
"2016-10-29 00:37:57 PDT","I","test2@match_com","UploadManagerService","Processing data for hour /storage/emulated/0/.MATCH/data/2016-10-28/21-PDT.zip"
"2016-10-29 00:37:57 PDT","I","test2@match_com","UploadManagerService","Processing data for hour /storage/emulated/0/.MATCH/data/2016-10-28/22-PDT.zip"
"2016-10-29 00:37:57 PDT","I","test2@match_com","UploadManagerService","Processing data for hour /storage/emulated/0/.MATCH/data/2016-10-28/23-PDT.zip"
"2016-10-29 00:37:57 PDT","I","test2@match_com","UploadManagerService","Processing data for date - /storage/emulated/0/.MATCH/data/2016-10-29"
"2016-10-29 00:37:57 PDT","I","test2@match_com","UploadManagerService","Processing data for hour /storage/emulated/0/.MATCH/data/2016-10-29/00-PDT"
"2016-10-29 00:37:57 PDT","I","test2@match_com","UploadManagerService","Internet is not connected. Not trying to upload files."
"2016-10-29 00:37:57 PDT","I","test2@match_com","SurveyManagerService","Inside onCreate"
"2016-10-29 00:37:57 PDT","I","test2@match_com","SurveyManagerService","Current time is - Sat Oct 29 00:37:57 PDT 2016"
"2016-10-29 00:37:57 PDT","I","test2@match_com","SurveyManagerService","Start Date is - Tue Oct 25 19:00:00 PDT 2016"
"2016-10-29 00:37:57 PDT","I","test2@match_com","SurveyManagerService","End Date is - Tue Nov 01 16:00:00 PDT 2016"
"2016-10-29 00:37:57 PDT","I","test2@match_com","SurveyManagerService","Scheduling Survey for - KEY_EMA_0730TO0800_CHILD"
"2016-10-29 00:37:57 PDT","I","test2@match_com","SurveyManagerService","Survey KEY_EMA_0730TO0800_CHILD is already scheduled"
"2016-10-29 00:37:57 PDT","I","test2@match_com","SurveyManagerService","Scheduling Survey for - KEY_EMA_0930TO1000_CHILD"
"2016-10-29 00:37:57 PDT","I","test2@match_com","SurveyManagerService","Survey KEY_EMA_0930TO1000_CHILD is already scheduled"
"2016-10-29 00:37:57 PDT","I","test2@match_com","SurveyManagerService","Scheduling Survey for - KEY_EMA_1130TO1200_CHILD"
"2016-10-29 00:37:57 PDT","I","test2@match_com","SurveyManagerService","Survey KEY_EMA_1130TO1200_CHILD is already scheduled"
"2016-10-29 00:37:57 PDT","I","test2@match_com","SurveyManagerService","Scheduling Survey for - KEY_EMA_1330TO1400_CHILD"
"2016-10-29 00:37:57 PDT","I","test2@match_com","SurveyManagerService","Survey KEY_EMA_1330TO1400_CHILD is already scheduled"
"2016-10-29 00:37:57 PDT","I","test2@match_com","SurveyManagerService","Scheduling Survey for - KEY_EMA_1530TO1600_CHILD"
"2016-10-29 00:37:57 PDT","I","test2@match_com","SurveyManagerService","Survey KEY_EMA_1530TO1600_CHILD is already scheduled"
"2016-10-29 00:37:57 PDT","I","test2@match_com","SurveyManagerService","Scheduling Survey for - KEY_EMA_1730TO1800_CHILD"
"2016-10-29 00:37:57 PDT","I","test2@match_com","SurveyManagerService","Survey KEY_EMA_1730TO1800_CHILD is already scheduled"
"2016-10-29 00:37:57 PDT","I","test2@match_com","SurveyManagerService","Scheduling Survey for - KEY_EMA_1930TO2000_CHILD"
"2016-10-29 00:37:57 PDT","I","test2@match_com","SurveyManagerService","Survey KEY_EMA_1930TO2000_CHILD is already scheduled"
"2016-10-29 00:37:58 PDT","I","test2@match_com","SurveyManagerService","Saliva surveys are already scheduled"
"2016-10-29 00:37:58 PDT","I","test2@match_com","SurveyManagerService","Survey KEY_SALIVA_BEDTIME scheduled for Sat Oct 29 21:46:58 PDT 2016"
"2016-10-29 00:37:58 PDT","I","test2@match_com","SurveyManagerService","Survey Schedule for KEY_EMA_0730TO0800_CHILD is Sat Oct 29 07:47:17 PDT 2016"
"2016-10-29 00:37:58 PDT","I","test2@match_com","SurveyManagerService","Still not time to prompt the survey"
"2016-10-29 00:37:58 PDT","I","test2@match_com","SurveyManagerService","Survey Schedule for KEY_EMA_0930TO1000_CHILD is Sat Oct 29 09:57:24 PDT 2016"
"2016-10-29 00:37:58 PDT","I","test2@match_com","SurveyManagerService","Still not time to prompt the survey"
"2016-10-29 00:37:58 PDT","I","test2@match_com","SurveyManagerService","Survey Schedule for KEY_EMA_1130TO1200_CHILD is Sat Oct 29 11:45:10 PDT 2016"
"2016-10-29 00:37:58 PDT","I","test2@match_com","SurveyManagerService","Still not time to prompt the survey"
"2016-10-29 00:37:58 PDT","I","test2@match_com","SurveyManagerService","Survey Schedule for KEY_EMA_1330TO1400_CHILD is Sat Oct 29 13:44:02 PDT 2016"
"2016-10-29 00:37:58 PDT","I","test2@match_com","SurveyManagerService","Still not time to prompt the survey"
"2016-10-29 00:37:58 PDT","I","test2@match_com","SurveyManagerService","Survey Schedule for KEY_EMA_1530TO1600_CHILD is Sat Oct 29 15:33:41 PDT 2016"
"2016-10-29 00:37:58 PDT","I","test2@match_com","SurveyManagerService","Still not time to prompt the survey"
"2016-10-29 00:37:58 PDT","I","test2@match_com","SurveyManagerService","Survey Schedule for KEY_EMA_1730TO1800_CHILD is Sat Oct 29 17:47:43 PDT 2016"
"2016-10-29 00:37:58 PDT","I","test2@match_com","SurveyManagerService","Still not time to prompt the survey"
"2016-10-29 00:37:58 PDT","I","test2@match_com","SurveyManagerService","Survey Schedule for KEY_EMA_1930TO2000_CHILD is Sat Oct 29 19:36:11 PDT 2016"
"2016-10-29 00:37:58 PDT","I","test2@match_com","SurveyManagerService","Still not time to prompt the survey"
"2016-10-29 00:37:58 PDT","I","test2@match_com","SurveyManagerService","KEY_SALIVA_WAKING is scheduled for Sat Oct 29 06:46:56 PDT 2016"
"2016-10-29 00:37:58 PDT","I","test2@match_com","SurveyManagerService","Prompt KEY_SALIVA_WAKING is in the future - Sat Oct 29 06:46:56 PDT 2016"
"2016-10-29 00:37:58 PDT","I","test2@match_com","SurveyManagerService","KEY_SALIVA_WAKING_PLUS_30 is scheduled for Sat Oct 29 07:16:56 PDT 2016"
"2016-10-29 00:37:58 PDT","I","test2@match_com","SurveyManagerService","Prompt KEY_SALIVA_WAKING_PLUS_30 is in the future - Sat Oct 29 07:16:56 PDT 2016"
"2016-10-29 00:37:58 PDT","I","test2@match_com","SurveyManagerService","KEY_SALIVA_AFTERNOON_4TO430_CHILD is scheduled for Sat Oct 29 16:16:27 PDT 2016"
"2016-10-29 00:37:58 PDT","I","test2@match_com","SurveyManagerService","Prompt KEY_SALIVA_AFTERNOON_4TO430_CHILD is in the future - Sat Oct 29 16:16:27 PDT 2016"
"2016-10-29 00:37:58 PDT","I","test2@match_com","SurveyManagerService","KEY_SALIVA_BEDTIME is scheduled for Sat Oct 29 21:46:58 PDT 2016"
"2016-10-29 00:37:58 PDT","I","test2@match_com","SurveyManagerService","Prompt KEY_SALIVA_BEDTIME is in the future - Sat Oct 29 21:46:58 PDT 2016"
"2016-10-29 00:37:58 PDT","I","test2@match_com","MinuteService","Inside onDestroy"
"2016-10-29 00:37:58 PDT","I","test2@match_com","AlwaysOnService","Received Intent - android.intent.action.BATTERY_CHANGED"
"2016-10-29 00:37:58 PDT","I","test2@match_com","UploadManagerService","Inside onDestroy"
"2016-10-29 00:37:58 PDT","I","test2@match_com","SurveyManagerService","Inside onDestroy"
"2016-10-29 00:37:58 PDT","I","test2@match_com","Zipper","unzipFileWithEncryption"
"2016-10-29 00:37:58 PDT","I","test2@match_com","Zipper","Deleting File - /storage/emulated/0/.MATCH/data/2016-10-29/00-PDT/GPS.csv.zip"
"2016-10-29 00:37:58 PDT","I","test2@match_com","Zipper","zipFileWithEncryption - /storage/emulated/0/.MATCH/data/2016-10-29/00-PDT/GPS.csv"
"2016-10-29 00:37:58 PDT","I","test2@match_com","Zipper","Creating ZipFile - /storage/emulated/0/.MATCH/data/2016-10-29/00-PDT/GPS.csv.zip"
"2016-10-29 00:37:58 PDT","I","test2@match_com","Zipper","Deleting File - /storage/emulated/0/.MATCH/data/2016-10-29/00-PDT/GPS.csv"
"2016-10-29 00:38:01 PDT","I","test2@match_com","UploadManagerService","Inside onCreate"
"2016-10-29 00:38:01 PDT","I","test2@match_com","UploadManagerService","Processing Logs"
"2016-10-29 00:38:01 PDT","I","test2@match_com","UploadManagerService","Processing Logs for Date - /storage/emulated/0/.MATCH/logs/2016-10-26"
"2016-10-29 00:38:01 PDT","I","test2@match_com","UploadManagerService","Processing Logs for Date - /storage/emulated/0/.MATCH/logs/2016-10-27"
"2016-10-29 00:38:01 PDT","I","test2@match_com","UploadManagerService","Processing Logs for Date - /storage/emulated/0/.MATCH/logs/2016-10-28"
"2016-10-29 00:38:01 PDT","I","test2@match_com","UploadManagerService","Processing Logs for Date - /storage/emulated/0/.MATCH/logs/2016-10-29"
"2016-10-29 00:38:01 PDT","I","test2@match_com","UploadManagerService","Processing Surveys"
"2016-10-29 00:38:01 PDT","I","test2@match_com","UploadManagerService","Processing Data files"
"2016-10-29 00:38:01 PDT","I","test2@match_com","UploadManagerService","Processing data for date - /storage/emulated/0/.MATCH/data/2016-10-26"
"2016-10-29 00:38:01 PDT","I","test2@match_com","UploadManagerService","Processing data for hour /storage/emulated/0/.MATCH/data/2016-10-26/19-PDT.zip.uploaded"
"2016-10-29 00:38:01 PDT","I","test2@match_com","UploadManagerService","Processing data for hour /storage/emulated/0/.MATCH/data/2016-10-26/13-PDT.zip.uploaded"
"2016-10-29 00:38:01 PDT","I","test2@match_com","UploadManagerService","Processing data for hour /storage/emulated/0/.MATCH/data/2016-10-26/14-PDT.zip.uploaded"
"2016-10-29 00:38:01 PDT","I","test2@match_com","UploadManagerService","Processing data for hour /storage/emulated/0/.MATCH/data/2016-10-26/15-PDT.zip.uploaded"
"2016-10-29 00:38:01 PDT","I","test2@match_com","UploadManagerService","Processing data for hour /storage/emulated/0/.MATCH/data/2016-10-26/16-PDT.zip.uploaded"
"2016-10-29 00:38:01 PDT","I","test2@match_com","UploadManagerService","Processing data for hour /storage/emulated/0/.MATCH/data/2016-10-26/17-PDT.zip.uploaded"
"2016-10-29 00:38:01 PDT","I","test2@match_com","UploadManagerService","Processing data for hour /storage/emulated/0/.MATCH/data/2016-10-26/21-PDT.zip.uploaded"
"2016-10-29 00:38:01 PDT","I","test2@match_com","UploadManagerService","Processing data for hour /storage/emulated/0/.MATCH/data/2016-10-26/22-PDT.zip.uploaded"
"2016-10-29 00:38:01 PDT","I","test2@match_com","UploadManagerService","Processing data for hour /storage/emulated/0/.MATCH/data/2016-10-26/18-PDT.zip.uploaded"
"2016-10-29 00:38:01 PDT","I","test2@match_com","UploadManagerService","Processing data for hour /storage/emulated/0/.MATCH/data/2016-10-26/20-PDT.zip.uploaded"
"2016-10-29 00:38:01 PDT","I","test2@match_com","UploadManagerService","Processing data for hour /storage/emulated/0/.MATCH/data/2016-10-26/23-PDT.zip.uploaded"
"2016-10-29 00:38:01 PDT","I","test2@match_com","UploadManagerService","Processing data for date - /storage/emulated/0/.MATCH/data/2016-10-27"
"2016-10-29 00:38:01 PDT","I","test2@match_com","UploadManagerService","Processing data for hour /storage/emulated/0/.MATCH/data/2016-10-27/01-PDT.zip.uploaded"
"2016-10-29 00:38:01 PDT","I","test2@match_com","UploadManagerService","Processing data for hour /storage/emulated/0/.MATCH/data/2016-10-27/03-PDT.zip.uploaded"
"2016-10-29 00:38:01 PDT","I","test2@match_com","UploadManagerService","Processing data for hour /storage/emulated/0/.MATCH/data/2016-10-27/04-PDT.zip.uploaded"
"2016-10-29 00:38:01 PDT","I","test2@match_com","UploadManagerService","Processing data for hour /storage/emulated/0/.MATCH/data/2016-10-27/06-PDT.zip.uploaded"
"2016-10-29 00:38:01 PDT","I","test2@match_com","UploadManagerService","Processing data for hour /storage/emulated/0/.MATCH/data/2016-10-27/00-PDT.zip.uploaded"
"2016-10-29 00:38:01 PDT","I","test2@match_com","UploadManagerService","Processing data for hour /storage/emulated/0/.MATCH/data/2016-10-27/02-PDT.zip.uploaded"
"2016-10-29 00:38:01 PDT","I","test2@match_com","UploadManagerService","Processing data for hour /storage/emulated/0/.MATCH/data/2016-10-27/05-PDT.zip.uploaded"
"2016-10-29 00:38:01 PDT","I","test2@match_com","UploadManagerService","Processing data for date - /storage/emulated/0/.MATCH/data/2016-10-28"
"2016-10-29 00:38:01 PDT","I","test2@match_com","UploadManagerService","Processing data for hour /storage/emulated/0/.MATCH/data/2016-10-28/13-PDT.zip"
"2016-10-29 00:38:01 PDT","I","test2@match_com","UploadManagerService","Processing data for hour /storage/emulated/0/.MATCH/data/2016-10-28/14-PDT.zip"
"2016-10-29 00:38:01 PDT","I","test2@match_com","UploadManagerService","Processing data for hour /storage/emulated/0/.MATCH/data/2016-10-28/15-PDT.zip"
"2016-10-29 00:38:01 PDT","I","test2@match_com","UploadManagerService","Processing data for hour /storage/emulated/0/.MATCH/data/2016-10-28/16-PDT.zip"
"2016-10-29 00:38:01 PDT","I","test2@match_com","UploadManagerService","Processing data for hour /storage/emulated/0/.MATCH/data/2016-10-28/17-PDT.zip"
"2016-10-29 00:38:01 PDT","I","test2@match_com","UploadManagerService","Processing data for hour /storage/emulated/0/.MATCH/data/2016-10-28/18-PDT.zip"
"2016-10-29 00:38:01 PDT","I","test2@match_com","UploadManagerService","Processing data for hour /storage/emulated/0/.MATCH/data/2016-10-28/19-PDT.zip"
"2016-10-29 00:38:01 PDT","I","test2@match_com","UploadManagerService","Processing data for hour /storage/emulated/0/.MATCH/data/2016-10-28/20-PDT.zip"
"2016-10-29 00:38:01 PDT","I","test2@match_com","UploadManagerService","Processing data for hour /storage/emulated/0/.MATCH/data/2016-10-28/21-PDT.zip"
"2016-10-29 00:38:01 PDT","I","test2@match_com","UploadManagerService","Processing data for hour /storage/emulated/0/.MATCH/data/2016-10-28/22-PDT.zip"
"2016-10-29 00:38:01 PDT","I","test2@match_com","UploadManagerService","Processing data for hour /storage/emulated/0/.MATCH/data/2016-10-28/23-PDT.zip"
"2016-10-29 00:38:01 PDT","I","test2@match_com","UploadManagerService","Processing data for date - /storage/emulated/0/.MATCH/data/2016-10-29"
"2016-10-29 00:38:01 PDT","I","test2@match_com","UploadManagerService","Processing data for hour /storage/emulated/0/.MATCH/data/2016-10-29/00-PDT"
"2016-10-29 00:38:01 PDT","I","test2@match_com","UploadManagerService","Internet is not connected. Not trying to upload files."
"2016-10-29 00:38:01 PDT","I","test2@match_com","MinuteService","Inside onCreate"
"2016-10-29 00:38:01 PDT","I","test2@match_com","MinuteService","Minute Service Alarm was set by - MinuteService"
"2016-10-29 00:38:01 PDT","I","test2@match_com","MinuteService","Time since previous run - 4"
"2016-10-29 00:38:01 PDT","I","test2@match_com","MinuteService","Previous run within last 50 seconds, ignoring this run"
"2016-10-29 00:38:01 PDT","I","test2@match_com","UploadManagerService","Inside onDestroy"
"2016-10-29 00:38:01 PDT","I","test2@match_com","MinuteService","Inside onDestroy"
"2016-10-29 00:38:02 PDT","I","test2@match_com","BackupMinuteService","Inside onCreate"
"2016-10-29 00:38:02 PDT","I","test2@match_com","Util","Inside setBackupMinuteServiceAlarm"
"2016-10-29 00:38:02 PDT","I","test2@match_com","Util","BackupMinuteService last run at - Sat Oct 29 00:38:02 PDT 2016"
"2016-10-29 00:38:02 PDT","I","test2@match_com","Util","BackupMinuteService next run at - Sat Oct 29 00:39:02 PDT 2016"
"2016-10-29 00:38:02 PDT","I","test2@match_com","MinuteService","Inside onCreate"
"2016-10-29 00:38:02 PDT","I","test2@match_com","MinuteService","Minute Service Alarm was set by - MinuteService"
"2016-10-29 00:38:02 PDT","I","test2@match_com","MinuteService","Time since previous run - 5"
"2016-10-29 00:38:02 PDT","I","test2@match_com","MinuteService","Previous run within last 50 seconds, ignoring this run"
"2016-10-29 00:38:02 PDT","I","test2@match_com","BackupMinuteService","Inside onDestroy"
"2016-10-29 00:38:02 PDT","I","test2@match_com","MinuteService","Inside onDestroy"
"2016-10-29 00:38:02 PDT","I","test2@match_com","AlwaysOnService","Received Intent - android.intent.action.TIME_TICK"
"2016-10-29 00:38:10 PDT","I","test2@match_com","AlwaysOnService","Received Intent - android.intent.action.BATTERY_CHANGED"
"2016-10-29 00:38:23 PDT","I","test2@match_com","AlwaysOnService","Received Intent - android.intent.action.BATTERY_CHANGED"
"2016-10-29 00:38:57 PDT","I","test2@match_com","MinuteService","Inside onCreate"
"2016-10-29 00:38:57 PDT","I","test2@match_com","MinuteService","Minute Service Alarm was set by - MinuteService"
"2016-10-29 00:38:57 PDT","I","test2@match_com","MinuteService","Time since previous run - 60"
"2016-10-29 00:38:57 PDT","I","test2@match_com","MinuteService","Setting Minute Service Last Run"
"2016-10-29 00:38:57 PDT","I","test2@match_com","MinuteService","Setting Minute Service Alarm"
"2016-10-29 00:38:57 PDT","I","test2@match_com","Util","Inside setMinuteServiceAlarmFromMinuteService"
"2016-10-29 00:38:57 PDT","I","test2@match_com","Util","MinuteService last run at - Sat Oct 29 00:38:57 PDT 2016"
"2016-10-29 00:38:57 PDT","I","test2@match_com","Util","MinuteService next run at - Sat Oct 29 00:39:57 PDT 2016"
"2016-10-29 00:38:57 PDT","I","test2@match_com","MinuteService","Setting Minute Service Backup Alarm"
"2016-10-29 00:38:57 PDT","I","test2@match_com","Util","Inside setBackupMinuteServiceAlarm"
"2016-10-29 00:38:57 PDT","I","test2@match_com","Util","BackupMinuteService last run at - Sat Oct 29 00:38:02 PDT 2016"
"2016-10-29 00:38:57 PDT","I","test2@match_com","Util","BackupMinuteService next run at - Sat Oct 29 00:39:02 PDT 2016"
"2016-10-29 00:38:57 PDT","I","test2@match_com","MinuteService","Initializing MATCHConstants"
"2016-10-29 00:38:57 PDT","I","test2@match_com","MinuteService","Notifying user about minute service run"
"2016-10-29 00:38:57 PDT","I","test2@match_com","MinuteService","Writing status to Firebase Database"
"2016-10-29 00:38:57 PDT","I","test2@match_com","MinuteService","Logging Network Status"
"2016-10-29 00:38:57 PDT","I","test2@match_com","ConnectivityManager","isConnected - false - isWifi - false - isMobileInternet - false"
"2016-10-29 00:38:57 PDT","I","test2@match_com","MinuteService","Logging Battery Status"
"2016-10-29 00:38:57 PDT","I","test2@match_com","BatteryManager","Percentage - 89 - isCharging - true - isUSBCharging - false - isACCharging - true - isWirelessCharging - false"
"2016-10-29 00:38:57 PDT","I","test2@match_com","MinuteService","Logging Memory Status"
"2016-10-29 00:38:57 PDT","I","test2@match_com","MemoryManager","Total Memory,898,Available Memory,411,Threshold Memory,144,IsLowMemory,false"
"2016-10-29 00:38:57 PDT","I","test2@match_com","MinuteService","Logging Storage Status"
"2016-10-29 00:38:57 PDT","I","test2@match_com","StorageManager","Internal Total,2247,Internal Free,589,External Total,4637,External Free,3936"
"2016-10-29 00:38:57 PDT","I","test2@match_com","MinuteService","Logging Power Status"
"2016-10-29 00:38:57 PDT","I","test2@match_com","PowerManager","isDeviceIdleMode - false - isInteractive - false - isPowerSaveMode - false - isSustainedPerformanceModeSupported - false"
"2016-10-29 00:38:57 PDT","I","test2@match_com","MinuteService","Logging Notifications Status"
"2016-10-29 00:38:57 PDT","I","test2@match_com","NotificationManager","AreNotificationsEnabled - true - Importance - Unspecified"
"2016-10-29 00:38:57 PDT","I","test2@match_com","MinuteService","Logging Location"
"2016-10-29 00:38:57 PDT","I","test2@match_com","MinuteService","Fetching latest study data"
"2016-10-29 00:38:57 PDT","I","test2@match_com","MinuteService","Starting UploadManagerService"
"2016-10-29 00:38:57 PDT","I","test2@match_com","MinuteService","Starting SurveyManagerService"
"2016-10-29 00:38:57 PDT","I","test2@match_com","UploadManagerService","Inside onCreate"
"2016-10-29 00:38:57 PDT","I","test2@match_com","UploadManagerService","Processing Logs"
"2016-10-29 00:38:57 PDT","I","test2@match_com","UploadManagerService","Processing Logs for Date - /storage/emulated/0/.MATCH/logs/2016-10-26"
"2016-10-29 00:38:57 PDT","I","test2@match_com","UploadManagerService","Processing Logs for Date - /storage/emulated/0/.MATCH/logs/2016-10-27"
"2016-10-29 00:38:57 PDT","I","test2@match_com","UploadManagerService","Processing Logs for Date - /storage/emulated/0/.MATCH/logs/2016-10-28"
"2016-10-29 00:38:57 PDT","I","test2@match_com","UploadManagerService","Processing Logs for Date - /storage/emulated/0/.MATCH/logs/2016-10-29"
"2016-10-29 00:38:57 PDT","I","test2@match_com","UploadManagerService","Processing Surveys"
"2016-10-29 00:38:57 PDT","I","test2@match_com","UploadManagerService","Processing Data files"
"2016-10-29 00:38:57 PDT","I","test2@match_com","UploadManagerService","Processing data for date - /storage/emulated/0/.MATCH/data/2016-10-26"
"2016-10-29 00:38:57 PDT","I","test2@match_com","UploadManagerService","Processing data for hour /storage/emulated/0/.MATCH/data/2016-10-26/19-PDT.zip.uploaded"
"2016-10-29 00:38:57 PDT","I","test2@match_com","UploadManagerService","Processing data for hour /storage/emulated/0/.MATCH/data/2016-10-26/13-PDT.zip.uploaded"
"2016-10-29 00:38:57 PDT","I","test2@match_com","UploadManagerService","Processing data for hour /storage/emulated/0/.MATCH/data/2016-10-26/14-PDT.zip.uploaded"
"2016-10-29 00:38:57 PDT","I","test2@match_com","UploadManagerService","Processing data for hour /storage/emulated/0/.MATCH/data/2016-10-26/15-PDT.zip.uploaded"
"2016-10-29 00:38:57 PDT","I","test2@match_com","UploadManagerService","Processing data for hour /storage/emulated/0/.MATCH/data/2016-10-26/16-PDT.zip.uploaded"
"2016-10-29 00:38:57 PDT","I","test2@match_com","UploadManagerService","Processing data for hour /storage/emulated/0/.MATCH/data/2016-10-26/17-PDT.zip.uploaded"
"2016-10-29 00:38:57 PDT","I","test2@match_com","UploadManagerService","Processing data for hour /storage/emulated/0/.MATCH/data/2016-10-26/21-PDT.zip.uploaded"
"2016-10-29 00:38:57 PDT","I","test2@match_com","UploadManagerService","Processing data for hour /storage/emulated/0/.MATCH/data/2016-10-26/22-PDT.zip.uploaded"
"2016-10-29 00:38:57 PDT","I","test2@match_com","UploadManagerService","Processing data for hour /storage/emulated/0/.MATCH/data/2016-10-26/18-PDT.zip.uploaded"
"2016-10-29 00:38:57 PDT","I","test2@match_com","UploadManagerService","Processing data for hour /storage/emulated/0/.MATCH/data/2016-10-26/20-PDT.zip.uploaded"
"2016-10-29 00:38:57 PDT","I","test2@match_com","UploadManagerService","Processing data for hour /storage/emulated/0/.MATCH/data/2016-10-26/23-PDT.zip.uploaded"
"2016-10-29 00:38:57 PDT","I","test2@match_com","UploadManagerService","Processing data for date - /storage/emulated/0/.MATCH/data/2016-10-27"
"2016-10-29 00:38:57 PDT","I","test2@match_com","UploadManagerService","Processing data for hour /storage/emulated/0/.MATCH/data/2016-10-27/01-PDT.zip.uploaded"
"2016-10-29 00:38:57 PDT","I","test2@match_com","UploadManagerService","Processing data for hour /storage/emulated/0/.MATCH/data/2016-10-27/03-PDT.zip.uploaded"
"2016-10-29 00:38:57 PDT","I","test2@match_com","UploadManagerService","Processing data for hour /storage/emulated/0/.MATCH/data/2016-10-27/04-PDT.zip.uploaded"
"2016-10-29 00:38:57 PDT","I","test2@match_com","UploadManagerService","Processing data for hour /storage/emulated/0/.MATCH/data/2016-10-27/06-PDT.zip.uploaded"
"2016-10-29 00:38:57 PDT","I","test2@match_com","UploadManagerService","Processing data for hour /storage/emulated/0/.MATCH/data/2016-10-27/00-PDT.zip.uploaded"
"2016-10-29 00:38:57 PDT","I","test2@match_com","UploadManagerService","Processing data for hour /storage/emulated/0/.MATCH/data/2016-10-27/02-PDT.zip.uploaded"
"2016-10-29 00:38:57 PDT","I","test2@match_com","UploadManagerService","Processing data for hour /storage/emulated/0/.MATCH/data/2016-10-27/05-PDT.zip.uploaded"
"2016-10-29 00:38:57 PDT","I","test2@match_com","UploadManagerService","Processing data for date - /storage/emulated/0/.MATCH/data/2016-10-28"
"2016-10-29 00:38:57 PDT","I","test2@match_com","UploadManagerService","Processing data for hour /storage/emulated/0/.MATCH/data/2016-10-28/13-PDT.zip"
"2016-10-29 00:38:57 PDT","I","test2@match_com","UploadManagerService","Processing data for hour /storage/emulated/0/.MATCH/data/2016-10-28/14-PDT.zip"
"2016-10-29 00:38:57 PDT","I","test2@match_com","UploadManagerService","Processing data for hour /storage/emulated/0/.MATCH/data/2016-10-28/15-PDT.zip"
"2016-10-29 00:38:57 PDT","I","test2@match_com","UploadManagerService","Processing data for hour /storage/emulated/0/.MATCH/data/2016-10-28/16-PDT.zip"
"2016-10-29 00:38:57 PDT","I","test2@match_com","UploadManagerService","Processing data for hour /storage/emulated/0/.MATCH/data/2016-10-28/17-PDT.zip"
"2016-10-29 00:38:57 PDT","I","test2@match_com","UploadManagerService","Processing data for hour /storage/emulated/0/.MATCH/data/2016-10-28/18-PDT.zip"
"2016-10-29 00:38:57 PDT","I","test2@match_com","UploadManagerService","Processing data for hour /storage/emulated/0/.MATCH/data/2016-10-28/19-PDT.zip"
"2016-10-29 00:38:57 PDT","I","test2@match_com","UploadManagerService","Processing data for hour /storage/emulated/0/.MATCH/data/2016-10-28/20-PDT.zip"
"2016-10-29 00:38:57 PDT","I","test2@match_com","UploadManagerService","Processing data for hour /storage/emulated/0/.MATCH/data/2016-10-28/21-PDT.zip"
"2016-10-29 00:38:57 PDT","I","test2@match_com","UploadManagerService","Processing data for hour /storage/emulated/0/.MATCH/data/2016-10-28/22-PDT.zip"
"2016-10-29 00:38:57 PDT","I","test2@match_com","UploadManagerService","Processing data for hour /storage/emulated/0/.MATCH/data/2016-10-28/23-PDT.zip"
"2016-10-29 00:38:57 PDT","I","test2@match_com","UploadManagerService","Processing data for date - /storage/emulated/0/.MATCH/data/2016-10-29"
"2016-10-29 00:38:57 PDT","I","test2@match_com","UploadManagerService","Processing data for hour /storage/emulated/0/.MATCH/data/2016-10-29/00-PDT"
"2016-10-29 00:38:57 PDT","I","test2@match_com","UploadManagerService","Internet is not connected. Not trying to upload files."
"2016-10-29 00:38:57 PDT","I","test2@match_com","SurveyManagerService","Inside onCreate"
"2016-10-29 00:38:57 PDT","I","test2@match_com","SurveyManagerService","Current time is - Sat Oct 29 00:38:57 PDT 2016"
"2016-10-29 00:38:57 PDT","I","test2@match_com","SurveyManagerService","Start Date is - Tue Oct 25 19:00:00 PDT 2016"
"2016-10-29 00:38:57 PDT","I","test2@match_com","SurveyManagerService","End Date is - Tue Nov 01 16:00:00 PDT 2016"
"2016-10-29 00:38:57 PDT","I","test2@match_com","SurveyManagerService","Scheduling Survey for - KEY_EMA_0730TO0800_CHILD"
"2016-10-29 00:38:57 PDT","I","test2@match_com","SurveyManagerService","Survey KEY_EMA_0730TO0800_CHILD is already scheduled"
"2016-10-29 00:38:57 PDT","I","test2@match_com","SurveyManagerService","Scheduling Survey for - KEY_EMA_0930TO1000_CHILD"
"2016-10-29 00:38:57 PDT","I","test2@match_com","SurveyManagerService","Survey KEY_EMA_0930TO1000_CHILD is already scheduled"
"2016-10-29 00:38:57 PDT","I","test2@match_com","SurveyManagerService","Scheduling Survey for - KEY_EMA_1130TO1200_CHILD"
"2016-10-29 00:38:57 PDT","I","test2@match_com","SurveyManagerService","Survey KEY_EMA_1130TO1200_CHILD is already scheduled"
"2016-10-29 00:38:57 PDT","I","test2@match_com","SurveyManagerService","Scheduling Survey for - KEY_EMA_1330TO1400_CHILD"
"2016-10-29 00:38:57 PDT","I","test2@match_com","SurveyManagerService","Survey KEY_EMA_1330TO1400_CHILD is already scheduled"
"2016-10-29 00:38:57 PDT","I","test2@match_com","SurveyManagerService","Scheduling Survey for - KEY_EMA_1530TO1600_CHILD"
"2016-10-29 00:38:57 PDT","I","test2@match_com","SurveyManagerService","Survey KEY_EMA_1530TO1600_CHILD is already scheduled"
"2016-10-29 00:38:57 PDT","I","test2@match_com","SurveyManagerService","Scheduling Survey for - KEY_EMA_1730TO1800_CHILD"
"2016-10-29 00:38:57 PDT","I","test2@match_com","SurveyManagerService","Survey KEY_EMA_1730TO1800_CHILD is already scheduled"
"2016-10-29 00:38:57 PDT","I","test2@match_com","SurveyManagerService","Scheduling Survey for - KEY_EMA_1930TO2000_CHILD"
"2016-10-29 00:38:58 PDT","I","test2@match_com","SurveyManagerService","Survey KEY_EMA_1930TO2000_CHILD is already scheduled"
"2016-10-29 00:38:58 PDT","I","test2@match_com","SurveyManagerService","Saliva surveys are already scheduled"
"2016-10-29 00:38:58 PDT","I","test2@match_com","SurveyManagerService","Survey KEY_SALIVA_BEDTIME scheduled for Sat Oct 29 21:46:58 PDT 2016"
"2016-10-29 00:38:58 PDT","I","test2@match_com","SurveyManagerService","Survey Schedule for KEY_EMA_0730TO0800_CHILD is Sat Oct 29 07:47:17 PDT 2016"
"2016-10-29 00:38:58 PDT","I","test2@match_com","SurveyManagerService","Still not time to prompt the survey"
"2016-10-29 00:38:58 PDT","I","test2@match_com","SurveyManagerService","Survey Schedule for KEY_EMA_0930TO1000_CHILD is Sat Oct 29 09:57:24 PDT 2016"
"2016-10-29 00:38:58 PDT","I","test2@match_com","SurveyManagerService","Still not time to prompt the survey"
"2016-10-29 00:38:58 PDT","I","test2@match_com","SurveyManagerService","Survey Schedule for KEY_EMA_1130TO1200_CHILD is Sat Oct 29 11:45:10 PDT 2016"
"2016-10-29 00:38:58 PDT","I","test2@match_com","SurveyManagerService","Still not time to prompt the survey"
"2016-10-29 00:38:58 PDT","I","test2@match_com","SurveyManagerService","Survey Schedule for KEY_EMA_1330TO1400_CHILD is Sat Oct 29 13:44:02 PDT 2016"
"2016-10-29 00:38:58 PDT","I","test2@match_com","SurveyManagerService","Still not time to prompt the survey"
"2016-10-29 00:38:58 PDT","I","test2@match_com","SurveyManagerService","Survey Schedule for KEY_EMA_1530TO1600_CHILD is Sat Oct 29 15:33:41 PDT 2016"
"2016-10-29 00:38:58 PDT","I","test2@match_com","SurveyManagerService","Still not time to prompt the survey"
"2016-10-29 00:38:58 PDT","I","test2@match_com","SurveyManagerService","Survey Schedule for KEY_EMA_1730TO1800_CHILD is Sat Oct 29 17:47:43 PDT 2016"
"2016-10-29 00:38:58 PDT","I","test2@match_com","SurveyManagerService","Still not time to prompt the survey"
"2016-10-29 00:38:58 PDT","I","test2@match_com","SurveyManagerService","Survey Schedule for KEY_EMA_1930TO2000_CHILD is Sat Oct 29 19:36:11 PDT 2016"
"2016-10-29 00:38:58 PDT","I","test2@match_com","SurveyManagerService","Still not time to prompt the survey"
"2016-10-29 00:38:58 PDT","I","test2@match_com","SurveyManagerService","KEY_SALIVA_WAKING is scheduled for Sat Oct 29 06:46:56 PDT 2016"
"2016-10-29 00:38:58 PDT","I","test2@match_com","SurveyManagerService","Prompt KEY_SALIVA_WAKING is in the future - Sat Oct 29 06:46:56 PDT 2016"
"2016-10-29 00:38:58 PDT","I","test2@match_com","SurveyManagerService","KEY_SALIVA_WAKING_PLUS_30 is scheduled for Sat Oct 29 07:16:56 PDT 2016"
"2016-10-29 00:38:58 PDT","I","test2@match_com","SurveyManagerService","Prompt KEY_SALIVA_WAKING_PLUS_30 is in the future - Sat Oct 29 07:16:56 PDT 2016"
"2016-10-29 00:38:58 PDT","I","test2@match_com","SurveyManagerService","KEY_SALIVA_AFTERNOON_4TO430_CHILD is scheduled for Sat Oct 29 16:16:27 PDT 2016"
"2016-10-29 00:38:58 PDT","I","test2@match_com","SurveyManagerService","Prompt KEY_SALIVA_AFTERNOON_4TO430_CHILD is in the future - Sat Oct 29 16:16:27 PDT 2016"
"2016-10-29 00:38:58 PDT","I","test2@match_com","SurveyManagerService","KEY_SALIVA_BEDTIME is scheduled for Sat Oct 29 21:46:58 PDT 2016"
"2016-10-29 00:38:58 PDT","I","test2@match_com","SurveyManagerService","Prompt KEY_SALIVA_BEDTIME is in the future - Sat Oct 29 21:46:58 PDT 2016"
"2016-10-29 00:38:58 PDT","I","test2@match_com","MinuteService","Inside onDestroy"
"2016-10-29 00:38:58 PDT","I","test2@match_com","UploadManagerService","Inside onDestroy"
"2016-10-29 00:38:58 PDT","I","test2@match_com","SurveyManagerService","Inside onDestroy"
"2016-10-29 00:38:58 PDT","I","test2@match_com","Zipper","unzipFileWithEncryption"
"2016-10-29 00:38:58 PDT","I","test2@match_com","Zipper","Deleting File - /storage/emulated/0/.MATCH/data/2016-10-29/00-PDT/GPS.csv.zip"
"2016-10-29 00:38:58 PDT","I","test2@match_com","Zipper","zipFileWithEncryption - /storage/emulated/0/.MATCH/data/2016-10-29/00-PDT/GPS.csv"
"2016-10-29 00:38:58 PDT","I","test2@match_com","Zipper","Creating ZipFile - /storage/emulated/0/.MATCH/data/2016-10-29/00-PDT/GPS.csv.zip"
"2016-10-29 00:38:58 PDT","I","test2@match_com","Zipper","Deleting File - /storage/emulated/0/.MATCH/data/2016-10-29/00-PDT/GPS.csv"
"2016-10-29 00:39:01 PDT","I","test2@match_com","UploadManagerService","Inside onCreate"
"2016-10-29 00:39:01 PDT","I","test2@match_com","UploadManagerService","Processing Logs"
"2016-10-29 00:39:01 PDT","I","test2@match_com","UploadManagerService","Processing Logs for Date - /storage/emulated/0/.MATCH/logs/2016-10-26"
"2016-10-29 00:39:01 PDT","I","test2@match_com","UploadManagerService","Processing Logs for Date - /storage/emulated/0/.MATCH/logs/2016-10-27"
"2016-10-29 00:39:01 PDT","I","test2@match_com","UploadManagerService","Processing Logs for Date - /storage/emulated/0/.MATCH/logs/2016-10-28"
"2016-10-29 00:39:01 PDT","I","test2@match_com","UploadManagerService","Processing Logs for Date - /storage/emulated/0/.MATCH/logs/2016-10-29"
"2016-10-29 00:39:01 PDT","I","test2@match_com","UploadManagerService","Processing Surveys"
"2016-10-29 00:39:01 PDT","I","test2@match_com","UploadManagerService","Processing Data files"
"2016-10-29 00:39:01 PDT","I","test2@match_com","UploadManagerService","Processing data for date - /storage/emulated/0/.MATCH/data/2016-10-26"
"2016-10-29 00:39:01 PDT","I","test2@match_com","UploadManagerService","Processing data for hour /storage/emulated/0/.MATCH/data/2016-10-26/19-PDT.zip.uploaded"
"2016-10-29 00:39:01 PDT","I","test2@match_com","UploadManagerService","Processing data for hour /storage/emulated/0/.MATCH/data/2016-10-26/13-PDT.zip.uploaded"
"2016-10-29 00:39:01 PDT","I","test2@match_com","UploadManagerService","Processing data for hour /storage/emulated/0/.MATCH/data/2016-10-26/14-PDT.zip.uploaded"
"2016-10-29 00:39:01 PDT","I","test2@match_com","UploadManagerService","Processing data for hour /storage/emulated/0/.MATCH/data/2016-10-26/15-PDT.zip.uploaded"
"2016-10-29 00:39:01 PDT","I","test2@match_com","UploadManagerService","Processing data for hour /storage/emulated/0/.MATCH/data/2016-10-26/16-PDT.zip.uploaded"
"2016-10-29 00:39:01 PDT","I","test2@match_com","UploadManagerService","Processing data for hour /storage/emulated/0/.MATCH/data/2016-10-26/17-PDT.zip.uploaded"
"2016-10-29 00:39:01 PDT","I","test2@match_com","UploadManagerService","Processing data for hour /storage/emulated/0/.MATCH/data/2016-10-26/21-PDT.zip.uploaded"
"2016-10-29 00:39:01 PDT","I","test2@match_com","UploadManagerService","Processing data for hour /storage/emulated/0/.MATCH/data/2016-10-26/22-PDT.zip.uploaded"
"2016-10-29 00:39:01 PDT","I","test2@match_com","UploadManagerService","Processing data for hour /storage/emulated/0/.MATCH/data/2016-10-26/18-PDT.zip.uploaded"
"2016-10-29 00:39:01 PDT","I","test2@match_com","UploadManagerService","Processing data for hour /storage/emulated/0/.MATCH/data/2016-10-26/20-PDT.zip.uploaded"
"2016-10-29 00:39:01 PDT","I","test2@match_com","UploadManagerService","Processing data for hour /storage/emulated/0/.MATCH/data/2016-10-26/23-PDT.zip.uploaded"
"2016-10-29 00:39:01 PDT","I","test2@match_com","UploadManagerService","Processing data for date - /storage/emulated/0/.MATCH/data/2016-10-27"
"2016-10-29 00:39:01 PDT","I","test2@match_com","UploadManagerService","Processing data for hour /storage/emulated/0/.MATCH/data/2016-10-27/01-PDT.zip.uploaded"
"2016-10-29 00:39:01 PDT","I","test2@match_com","UploadManagerService","Processing data for hour /storage/emulated/0/.MATCH/data/2016-10-27/03-PDT.zip.uploaded"
"2016-10-29 00:39:01 PDT","I","test2@match_com","UploadManagerService","Processing data for hour /storage/emulated/0/.MATCH/data/2016-10-27/04-PDT.zip.uploaded"
"2016-10-29 00:39:01 PDT","I","test2@match_com","UploadManagerService","Processing data for hour /storage/emulated/0/.MATCH/data/2016-10-27/06-PDT.zip.uploaded"
"2016-10-29 00:39:01 PDT","I","test2@match_com","UploadManagerService","Processing data for hour /storage/emulated/0/.MATCH/data/2016-10-27/00-PDT.zip.uploaded"
"2016-10-29 00:39:01 PDT","I","test2@match_com","UploadManagerService","Processing data for hour /storage/emulated/0/.MATCH/data/2016-10-27/02-PDT.zip.uploaded"
"2016-10-29 00:39:01 PDT","I","test2@match_com","UploadManagerService","Processing data for hour /storage/emulated/0/.MATCH/data/2016-10-27/05-PDT.zip.uploaded"
"2016-10-29 00:39:01 PDT","I","test2@match_com","UploadManagerService","Processing data for date - /storage/emulated/0/.MATCH/data/2016-10-28"
"2016-10-29 00:39:01 PDT","I","test2@match_com","UploadManagerService","Processing data for hour /storage/emulated/0/.MATCH/data/2016-10-28/13-PDT.zip"
"2016-10-29 00:39:01 PDT","I","test2@match_com","UploadManagerService","Processing data for hour /storage/emulated/0/.MATCH/data/2016-10-28/14-PDT.zip"
"2016-10-29 00:39:01 PDT","I","test2@match_com","UploadManagerService","Processing data for hour /storage/emulated/0/.MATCH/data/2016-10-28/15-PDT.zip"
"2016-10-29 00:39:01 PDT","I","test2@match_com","UploadManagerService","Processing data for hour /storage/emulated/0/.MATCH/data/2016-10-28/16-PDT.zip"
"2016-10-29 00:39:01 PDT","I","test2@match_com","UploadManagerService","Processing data for hour /storage/emulated/0/.MATCH/data/2016-10-28/17-PDT.zip"
"2016-10-29 00:39:01 PDT","I","test2@match_com","UploadManagerService","Processing data for hour /storage/emulated/0/.MATCH/data/2016-10-28/18-PDT.zip"
"2016-10-29 00:39:01 PDT","I","test2@match_com","UploadManagerService","Processing data for hour /storage/emulated/0/.MATCH/data/2016-10-28/19-PDT.zip"
"2016-10-29 00:39:01 PDT","I","test2@match_com","UploadManagerService","Processing data for hour /storage/emulated/0/.MATCH/data/2016-10-28/20-PDT.zip"
"2016-10-29 00:39:01 PDT","I","test2@match_com","UploadManagerService","Processing data for hour /storage/emulated/0/.MATCH/data/2016-10-28/21-PDT.zip"
"2016-10-29 00:39:01 PDT","I","test2@match_com","UploadManagerService","Processing data for hour /storage/emulated/0/.MATCH/data/2016-10-28/22-PDT.zip"
"2016-10-29 00:39:01 PDT","I","test2@match_com","UploadManagerService","Processing data for hour /storage/emulated/0/.MATCH/data/2016-10-28/23-PDT.zip"
"2016-10-29 00:39:01 PDT","I","test2@match_com","UploadManagerService","Processing data for date - /storage/emulated/0/.MATCH/data/2016-10-29"
"2016-10-29 00:39:01 PDT","I","test2@match_com","UploadManagerService","Processing data for hour /storage/emulated/0/.MATCH/data/2016-10-29/00-PDT"
"2016-10-29 00:39:01 PDT","I","test2@match_com","UploadManagerService","Internet is not connected. Not trying to upload files."
"2016-10-29 00:39:01 PDT","I","test2@match_com","MinuteService","Inside onCreate"
"2016-10-29 00:39:01 PDT","I","test2@match_com","MinuteService","Minute Service Alarm was set by - MinuteService"
"2016-10-29 00:39:01 PDT","I","test2@match_com","MinuteService","Time since previous run - 4"
"2016-10-29 00:39:01 PDT","I","test2@match_com","MinuteService","Previous run within last 50 seconds, ignoring this run"
"2016-10-29 00:39:01 PDT","I","test2@match_com","UploadManagerService","Inside onDestroy"
"2016-10-29 00:39:01 PDT","I","test2@match_com","MinuteService","Inside onDestroy"
"2016-10-29 00:39:02 PDT","I","test2@match_com","BackupMinuteService","Inside onCreate"
"2016-10-29 00:39:02 PDT","I","test2@match_com","Util","Inside setBackupMinuteServiceAlarm"
"2016-10-29 00:39:02 PDT","I","test2@match_com","Util","BackupMinuteService last run at - Sat Oct 29 00:39:02 PDT 2016"
"2016-10-29 00:39:02 PDT","I","test2@match_com","Util","BackupMinuteService next run at - Sat Oct 29 00:40:02 PDT 2016"
"2016-10-29 00:39:02 PDT","I","test2@match_com","MinuteService","Inside onCreate"
"2016-10-29 00:39:02 PDT","I","test2@match_com","MinuteService","Minute Service Alarm was set by - MinuteService"
"2016-10-29 00:39:02 PDT","I","test2@match_com","MinuteService","Time since previous run - 5"
"2016-10-29 00:39:02 PDT","I","test2@match_com","MinuteService","Previous run within last 50 seconds, ignoring this run"
"2016-10-29 00:39:02 PDT","I","test2@match_com","BackupMinuteService","Inside onDestroy"
"2016-10-29 00:39:02 PDT","I","test2@match_com","MinuteService","Inside onDestroy"
"2016-10-29 00:39:02 PDT","I","test2@match_com","AlwaysOnService","Received Intent - android.intent.action.TIME_TICK"
"2016-10-29 00:39:10 PDT","I","test2@match_com","AlwaysOnService","Received Intent - android.intent.action.BATTERY_CHANGED"
"2016-10-29 00:39:23 PDT","I","test2@match_com","AlwaysOnService","Received Intent - android.intent.action.BATTERY_CHANGED"
"2016-10-29 00:39:57 PDT","I","test2@match_com","MinuteService","Inside onCreate"
"2016-10-29 00:39:57 PDT","I","test2@match_com","MinuteService","Minute Service Alarm was set by - MinuteService"
"2016-10-29 00:39:57 PDT","I","test2@match_com","MinuteService","Time since previous run - 60"
"2016-10-29 00:39:57 PDT","I","test2@match_com","MinuteService","Setting Minute Service Last Run"
"2016-10-29 00:39:57 PDT","I","test2@match_com","MinuteService","Setting Minute Service Alarm"
"2016-10-29 00:39:57 PDT","I","test2@match_com","Util","Inside setMinuteServiceAlarmFromMinuteService"
"2016-10-29 00:39:57 PDT","I","test2@match_com","Util","MinuteService last run at - Sat Oct 29 00:39:57 PDT 2016"
"2016-10-29 00:39:57 PDT","I","test2@match_com","Util","MinuteService next run at - Sat Oct 29 00:40:57 PDT 2016"
"2016-10-29 00:39:57 PDT","I","test2@match_com","MinuteService","Setting Minute Service Backup Alarm"
"2016-10-29 00:39:57 PDT","I","test2@match_com","Util","Inside setBackupMinuteServiceAlarm"
"2016-10-29 00:39:57 PDT","I","test2@match_com","Util","BackupMinuteService last run at - Sat Oct 29 00:39:02 PDT 2016"
"2016-10-29 00:39:57 PDT","I","test2@match_com","Util","BackupMinuteService next run at - Sat Oct 29 00:40:02 PDT 2016"
"2016-10-29 00:39:57 PDT","I","test2@match_com","MinuteService","Initializing MATCHConstants"
"2016-10-29 00:39:57 PDT","I","test2@match_com","MinuteService","Notifying user about minute service run"
"2016-10-29 00:39:57 PDT","I","test2@match_com","MinuteService","Writing status to Firebase Database"
"2016-10-29 00:39:57 PDT","I","test2@match_com","MinuteService","Logging Network Status"
"2016-10-29 00:39:57 PDT","I","test2@match_com","ConnectivityManager","isConnected - false - isWifi - false - isMobileInternet - false"
"2016-10-29 00:39:57 PDT","I","test2@match_com","MinuteService","Logging Battery Status"
"2016-10-29 00:39:57 PDT","I","test2@match_com","BatteryManager","Percentage - 89 - isCharging - true - isUSBCharging - false - isACCharging - true - isWirelessCharging - false"
"2016-10-29 00:39:57 PDT","I","test2@match_com","MinuteService","Logging Memory Status"
"2016-10-29 00:39:57 PDT","I","test2@match_com","MemoryManager","Total Memory,898,Available Memory,411,Threshold Memory,144,IsLowMemory,false"
"2016-10-29 00:39:57 PDT","I","test2@match_com","MinuteService","Logging Storage Status"
"2016-10-29 00:39:57 PDT","I","test2@match_com","StorageManager","Internal Total,2247,Internal Free,589,External Total,4637,External Free,3936"
"2016-10-29 00:39:57 PDT","I","test2@match_com","MinuteService","Logging Power Status"
"2016-10-29 00:39:57 PDT","I","test2@match_com","PowerManager","isDeviceIdleMode - false - isInteractive - false - isPowerSaveMode - false - isSustainedPerformanceModeSupported - false"
"2016-10-29 00:39:57 PDT","I","test2@match_com","MinuteService","Logging Notifications Status"
"2016-10-29 00:39:57 PDT","I","test2@match_com","NotificationManager","AreNotificationsEnabled - true - Importance - Unspecified"
"2016-10-29 00:39:57 PDT","I","test2@match_com","MinuteService","Logging Location"
"2016-10-29 00:39:57 PDT","I","test2@match_com","MinuteService","Fetching latest study data"
"2016-10-29 00:39:57 PDT","I","test2@match_com","MinuteService","Starting UploadManagerService"
"2016-10-29 00:39:57 PDT","I","test2@match_com","MinuteService","Starting SurveyManagerService"
"2016-10-29 00:39:57 PDT","I","test2@match_com","UploadManagerService","Inside onCreate"
"2016-10-29 00:39:57 PDT","I","test2@match_com","UploadManagerService","Processing Logs"
"2016-10-29 00:39:57 PDT","I","test2@match_com","UploadManagerService","Processing Logs for Date - /storage/emulated/0/.MATCH/logs/2016-10-26"
"2016-10-29 00:39:57 PDT","I","test2@match_com","UploadManagerService","Processing Logs for Date - /storage/emulated/0/.MATCH/logs/2016-10-27"
"2016-10-29 00:39:57 PDT","I","test2@match_com","UploadManagerService","Processing Logs for Date - /storage/emulated/0/.MATCH/logs/2016-10-28"
"2016-10-29 00:39:57 PDT","I","test2@match_com","UploadManagerService","Processing Logs for Date - /storage/emulated/0/.MATCH/logs/2016-10-29"
"2016-10-29 00:39:57 PDT","I","test2@match_com","UploadManagerService","Processing Surveys"
"2016-10-29 00:39:57 PDT","I","test2@match_com","UploadManagerService","Processing Data files"
"2016-10-29 00:39:57 PDT","I","test2@match_com","UploadManagerService","Processing data for date - /storage/emulated/0/.MATCH/data/2016-10-26"
"2016-10-29 00:39:57 PDT","I","test2@match_com","UploadManagerService","Processing data for hour /storage/emulated/0/.MATCH/data/2016-10-26/19-PDT.zip.uploaded"
"2016-10-29 00:39:57 PDT","I","test2@match_com","UploadManagerService","Processing data for hour /storage/emulated/0/.MATCH/data/2016-10-26/13-PDT.zip.uploaded"
"2016-10-29 00:39:57 PDT","I","test2@match_com","UploadManagerService","Processing data for hour /storage/emulated/0/.MATCH/data/2016-10-26/14-PDT.zip.uploaded"
"2016-10-29 00:39:57 PDT","I","test2@match_com","UploadManagerService","Processing data for hour /storage/emulated/0/.MATCH/data/2016-10-26/15-PDT.zip.uploaded"
"2016-10-29 00:39:57 PDT","I","test2@match_com","UploadManagerService","Processing data for hour /storage/emulated/0/.MATCH/data/2016-10-26/16-PDT.zip.uploaded"
"2016-10-29 00:39:57 PDT","I","test2@match_com","UploadManagerService","Processing data for hour /storage/emulated/0/.MATCH/data/2016-10-26/17-PDT.zip.uploaded"
"2016-10-29 00:39:57 PDT","I","test2@match_com","UploadManagerService","Processing data for hour /storage/emulated/0/.MATCH/data/2016-10-26/21-PDT.zip.uploaded"
"2016-10-29 00:39:57 PDT","I","test2@match_com","UploadManagerService","Processing data for hour /storage/emulated/0/.MATCH/data/2016-10-26/22-PDT.zip.uploaded"
"2016-10-29 00:39:57 PDT","I","test2@match_com","UploadManagerService","Processing data for hour /storage/emulated/0/.MATCH/data/2016-10-26/18-PDT.zip.uploaded"
"2016-10-29 00:39:57 PDT","I","test2@match_com","UploadManagerService","Processing data for hour /storage/emulated/0/.MATCH/data/2016-10-26/20-PDT.zip.uploaded"
"2016-10-29 00:39:57 PDT","I","test2@match_com","UploadManagerService","Processing data for hour /storage/emulated/0/.MATCH/data/2016-10-26/23-PDT.zip.uploaded"
"2016-10-29 00:39:57 PDT","I","test2@match_com","UploadManagerService","Processing data for date - /storage/emulated/0/.MATCH/data/2016-10-27"
"2016-10-29 00:39:57 PDT","I","test2@match_com","UploadManagerService","Processing data for hour /storage/emulated/0/.MATCH/data/2016-10-27/01-PDT.zip.uploaded"
"2016-10-29 00:39:57 PDT","I","test2@match_com","UploadManagerService","Processing data for hour /storage/emulated/0/.MATCH/data/2016-10-27/03-PDT.zip.uploaded"
"2016-10-29 00:39:57 PDT","I","test2@match_com","UploadManagerService","Processing data for hour /storage/emulated/0/.MATCH/data/2016-10-27/04-PDT.zip.uploaded"
"2016-10-29 00:39:57 PDT","I","test2@match_com","UploadManagerService","Processing data for hour /storage/emulated/0/.MATCH/data/2016-10-27/06-PDT.zip.uploaded"
"2016-10-29 00:39:57 PDT","I","test2@match_com","UploadManagerService","Processing data for hour /storage/emulated/0/.MATCH/data/2016-10-27/00-PDT.zip.uploaded"
"2016-10-29 00:39:57 PDT","I","test2@match_com","UploadManagerService","Processing data for hour /storage/emulated/0/.MATCH/data/2016-10-27/02-PDT.zip.uploaded"
"2016-10-29 00:39:57 PDT","I","test2@match_com","UploadManagerService","Processing data for hour /storage/emulated/0/.MATCH/data/2016-10-27/05-PDT.zip.uploaded"
"2016-10-29 00:39:57 PDT","I","test2@match_com","UploadManagerService","Processing data for date - /storage/emulated/0/.MATCH/data/2016-10-28"
"2016-10-29 00:39:57 PDT","I","test2@match_com","UploadManagerService","Processing data for hour /storage/emulated/0/.MATCH/data/2016-10-28/13-PDT.zip"
"2016-10-29 00:39:57 PDT","I","test2@match_com","UploadManagerService","Processing data for hour /storage/emulated/0/.MATCH/data/2016-10-28/14-PDT.zip"
"2016-10-29 00:39:57 PDT","I","test2@match_com","UploadManagerService","Processing data for hour /storage/emulated/0/.MATCH/data/2016-10-28/15-PDT.zip"
"2016-10-29 00:39:57 PDT","I","test2@match_com","UploadManagerService","Processing data for hour /storage/emulated/0/.MATCH/data/2016-10-28/16-PDT.zip"
"2016-10-29 00:39:57 PDT","I","test2@match_com","UploadManagerService","Processing data for hour /storage/emulated/0/.MATCH/data/2016-10-28/17-PDT.zip"
"2016-10-29 00:39:57 PDT","I","test2@match_com","UploadManagerService","Processing data for hour /storage/emulated/0/.MATCH/data/2016-10-28/18-PDT.zip"
"2016-10-29 00:39:57 PDT","I","test2@match_com","UploadManagerService","Processing data for hour /storage/emulated/0/.MATCH/data/2016-10-28/19-PDT.zip"
"2016-10-29 00:39:57 PDT","I","test2@match_com","UploadManagerService","Processing data for hour /storage/emulated/0/.MATCH/data/2016-10-28/20-PDT.zip"
"2016-10-29 00:39:57 PDT","I","test2@match_com","UploadManagerService","Processing data for hour /storage/emulated/0/.MATCH/data/2016-10-28/21-PDT.zip"
"2016-10-29 00:39:57 PDT","I","test2@match_com","UploadManagerService","Processing data for hour /storage/emulated/0/.MATCH/data/2016-10-28/22-PDT.zip"
"2016-10-29 00:39:57 PDT","I","test2@match_com","UploadManagerService","Processing data for hour /storage/emulated/0/.MATCH/data/2016-10-28/23-PDT.zip"
"2016-10-29 00:39:57 PDT","I","test2@match_com","UploadManagerService","Processing data for date - /storage/emulated/0/.MATCH/data/2016-10-29"
"2016-10-29 00:39:57 PDT","I","test2@match_com","UploadManagerService","Processing data for hour /storage/emulated/0/.MATCH/data/2016-10-29/00-PDT"
"2016-10-29 00:39:57 PDT","I","test2@match_com","UploadManagerService","Internet is not connected. Not trying to upload files."
"2016-10-29 00:39:57 PDT","I","test2@match_com","SurveyManagerService","Inside onCreate"
"2016-10-29 00:39:57 PDT","I","test2@match_com","SurveyManagerService","Current time is - Sat Oct 29 00:39:57 PDT 2016"
"2016-10-29 00:39:57 PDT","I","test2@match_com","SurveyManagerService","Start Date is - Tue Oct 25 19:00:00 PDT 2016"
"2016-10-29 00:39:57 PDT","I","test2@match_com","SurveyManagerService","End Date is - Tue Nov 01 16:00:00 PDT 2016"
"2016-10-29 00:39:57 PDT","I","test2@match_com","SurveyManagerService","Scheduling Survey for - KEY_EMA_0730TO0800_CHILD"
"2016-10-29 00:39:57 PDT","I","test2@match_com","SurveyManagerService","Survey KEY_EMA_0730TO0800_CHILD is already scheduled"
"2016-10-29 00:39:57 PDT","I","test2@match_com","SurveyManagerService","Scheduling Survey for - KEY_EMA_0930TO1000_CHILD"
"2016-10-29 00:39:57 PDT","I","test2@match_com","SurveyManagerService","Survey KEY_EMA_0930TO1000_CHILD is already scheduled"
"2016-10-29 00:39:57 PDT","I","test2@match_com","SurveyManagerService","Scheduling Survey for - KEY_EMA_1130TO1200_CHILD"
"2016-10-29 00:39:57 PDT","I","test2@match_com","SurveyManagerService","Survey KEY_EMA_1130TO1200_CHILD is already scheduled"
"2016-10-29 00:39:57 PDT","I","test2@match_com","SurveyManagerService","Scheduling Survey for - KEY_EMA_1330TO1400_CHILD"
"2016-10-29 00:39:57 PDT","I","test2@match_com","SurveyManagerService","Survey KEY_EMA_1330TO1400_CHILD is already scheduled"
"2016-10-29 00:39:57 PDT","I","test2@match_com","SurveyManagerService","Scheduling Survey for - KEY_EMA_1530TO1600_CHILD"
"2016-10-29 00:39:57 PDT","I","test2@match_com","SurveyManagerService","Survey KEY_EMA_1530TO1600_CHILD is already scheduled"
"2016-10-29 00:39:57 PDT","I","test2@match_com","SurveyManagerService","Scheduling Survey for - KEY_EMA_1730TO1800_CHILD"
"2016-10-29 00:39:58 PDT","I","test2@match_com","SurveyManagerService","Survey KEY_EMA_1730TO1800_CHILD is already scheduled"
"2016-10-29 00:39:58 PDT","I","test2@match_com","SurveyManagerService","Scheduling Survey for - KEY_EMA_1930TO2000_CHILD"
"2016-10-29 00:39:58 PDT","I","test2@match_com","SurveyManagerService","Survey KEY_EMA_1930TO2000_CHILD is already scheduled"
"2016-10-29 00:39:58 PDT","I","test2@match_com","SurveyManagerService","Saliva surveys are already scheduled"
"2016-10-29 00:39:58 PDT","I","test2@match_com","SurveyManagerService","Survey KEY_SALIVA_BEDTIME scheduled for Sat Oct 29 21:46:58 PDT 2016"
"2016-10-29 00:39:58 PDT","I","test2@match_com","SurveyManagerService","Survey Schedule for KEY_EMA_0730TO0800_CHILD is Sat Oct 29 07:47:17 PDT 2016"
"2016-10-29 00:39:58 PDT","I","test2@match_com","SurveyManagerService","Still not time to prompt the survey"
"2016-10-29 00:39:58 PDT","I","test2@match_com","SurveyManagerService","Survey Schedule for KEY_EMA_0930TO1000_CHILD is Sat Oct 29 09:57:24 PDT 2016"
"2016-10-29 00:39:58 PDT","I","test2@match_com","SurveyManagerService","Still not time to prompt the survey"
"2016-10-29 00:39:58 PDT","I","test2@match_com","SurveyManagerService","Survey Schedule for KEY_EMA_1130TO1200_CHILD is Sat Oct 29 11:45:10 PDT 2016"
"2016-10-29 00:39:58 PDT","I","test2@match_com","SurveyManagerService","Still not time to prompt the survey"
"2016-10-29 00:39:58 PDT","I","test2@match_com","SurveyManagerService","Survey Schedule for KEY_EMA_1330TO1400_CHILD is Sat Oct 29 13:44:02 PDT 2016"
"2016-10-29 00:39:58 PDT","I","test2@match_com","SurveyManagerService","Still not time to prompt the survey"
"2016-10-29 00:39:58 PDT","I","test2@match_com","SurveyManagerService","Survey Schedule for KEY_EMA_1530TO1600_CHILD is Sat Oct 29 15:33:41 PDT 2016"
"2016-10-29 00:39:58 PDT","I","test2@match_com","SurveyManagerService","Still not time to prompt the survey"
"2016-10-29 00:39:58 PDT","I","test2@match_com","SurveyManagerService","Survey Schedule for KEY_EMA_1730TO1800_CHILD is Sat Oct 29 17:47:43 PDT 2016"
"2016-10-29 00:39:58 PDT","I","test2@match_com","SurveyManagerService","Still not time to prompt the survey"
"2016-10-29 00:39:58 PDT","I","test2@match_com","SurveyManagerService","Survey Schedule for KEY_EMA_1930TO2000_CHILD is Sat Oct 29 19:36:11 PDT 2016"
"2016-10-29 00:39:58 PDT","I","test2@match_com","SurveyManagerService","Still not time to prompt the survey"
"2016-10-29 00:39:58 PDT","I","test2@match_com","SurveyManagerService","KEY_SALIVA_WAKING is scheduled for Sat Oct 29 06:46:56 PDT 2016"
"2016-10-29 00:39:58 PDT","I","test2@match_com","SurveyManagerService","Prompt KEY_SALIVA_WAKING is in the future - Sat Oct 29 06:46:56 PDT 2016"
"2016-10-29 00:39:58 PDT","I","test2@match_com","SurveyManagerService","KEY_SALIVA_WAKING_PLUS_30 is scheduled for Sat Oct 29 07:16:56 PDT 2016"
"2016-10-29 00:39:58 PDT","I","test2@match_com","SurveyManagerService","Prompt KEY_SALIVA_WAKING_PLUS_30 is in the future - Sat Oct 29 07:16:56 PDT 2016"
"2016-10-29 00:39:58 PDT","I","test2@match_com","SurveyManagerService","KEY_SALIVA_AFTERNOON_4TO430_CHILD is scheduled for Sat Oct 29 16:16:27 PDT 2016"
"2016-10-29 00:39:58 PDT","I","test2@match_com","SurveyManagerService","Prompt KEY_SALIVA_AFTERNOON_4TO430_CHILD is in the future - Sat Oct 29 16:16:27 PDT 2016"
"2016-10-29 00:39:58 PDT","I","test2@match_com","SurveyManagerService","KEY_SALIVA_BEDTIME is scheduled for Sat Oct 29 21:46:58 PDT 2016"
"2016-10-29 00:39:58 PDT","I","test2@match_com","SurveyManagerService","Prompt KEY_SALIVA_BEDTIME is in the future - Sat Oct 29 21:46:58 PDT 2016"
"2016-10-29 00:39:58 PDT","I","test2@match_com","MinuteService","Inside onDestroy"
"2016-10-29 00:39:58 PDT","I","test2@match_com","UploadManagerService","Inside onDestroy"
"2016-10-29 00:39:58 PDT","I","test2@match_com","SurveyManagerService","Inside onDestroy"
"2016-10-29 00:39:58 PDT","I","test2@match_com","Zipper","unzipFileWithEncryption"
"2016-10-29 00:39:58 PDT","I","test2@match_com","Zipper","Deleting File - /storage/emulated/0/.MATCH/data/2016-10-29/00-PDT/GPS.csv.zip"
"2016-10-29 00:39:58 PDT","I","test2@match_com","Zipper","zipFileWithEncryption - /storage/emulated/0/.MATCH/data/2016-10-29/00-PDT/GPS.csv"
"2016-10-29 00:39:58 PDT","I","test2@match_com","Zipper","Creating ZipFile - /storage/emulated/0/.MATCH/data/2016-10-29/00-PDT/GPS.csv.zip"
"2016-10-29 00:39:58 PDT","I","test2@match_com","Zipper","Deleting File - /storage/emulated/0/.MATCH/data/2016-10-29/00-PDT/GPS.csv"
"2016-10-29 00:40:01 PDT","I","test2@match_com","UploadManagerService","Inside onCreate"
"2016-10-29 00:40:01 PDT","I","test2@match_com","UploadManagerService","Processing Logs"
"2016-10-29 00:40:01 PDT","I","test2@match_com","UploadManagerService","Processing Logs for Date - /storage/emulated/0/.MATCH/logs/2016-10-26"
"2016-10-29 00:40:01 PDT","I","test2@match_com","UploadManagerService","Processing Logs for Date - /storage/emulated/0/.MATCH/logs/2016-10-27"
"2016-10-29 00:40:01 PDT","I","test2@match_com","UploadManagerService","Processing Logs for Date - /storage/emulated/0/.MATCH/logs/2016-10-28"
"2016-10-29 00:40:01 PDT","I","test2@match_com","UploadManagerService","Processing Logs for Date - /storage/emulated/0/.MATCH/logs/2016-10-29"
"2016-10-29 00:40:01 PDT","I","test2@match_com","UploadManagerService","Processing Surveys"
"2016-10-29 00:40:01 PDT","I","test2@match_com","UploadManagerService","Processing Data files"
"2016-10-29 00:40:01 PDT","I","test2@match_com","UploadManagerService","Processing data for date - /storage/emulated/0/.MATCH/data/2016-10-26"
"2016-10-29 00:40:01 PDT","I","test2@match_com","UploadManagerService","Processing data for hour /storage/emulated/0/.MATCH/data/2016-10-26/19-PDT.zip.uploaded"
"2016-10-29 00:40:01 PDT","I","test2@match_com","UploadManagerService","Processing data for hour /storage/emulated/0/.MATCH/data/2016-10-26/13-PDT.zip.uploaded"
"2016-10-29 00:40:01 PDT","I","test2@match_com","UploadManagerService","Processing data for hour /storage/emulated/0/.MATCH/data/2016-10-26/14-PDT.zip.uploaded"
"2016-10-29 00:40:01 PDT","I","test2@match_com","UploadManagerService","Processing data for hour /storage/emulated/0/.MATCH/data/2016-10-26/15-PDT.zip.uploaded"
"2016-10-29 00:40:01 PDT","I","test2@match_com","UploadManagerService","Processing data for hour /storage/emulated/0/.MATCH/data/2016-10-26/16-PDT.zip.uploaded"
"2016-10-29 00:40:01 PDT","I","test2@match_com","UploadManagerService","Processing data for hour /storage/emulated/0/.MATCH/data/2016-10-26/17-PDT.zip.uploaded"
"2016-10-29 00:40:01 PDT","I","test2@match_com","UploadManagerService","Processing data for hour /storage/emulated/0/.MATCH/data/2016-10-26/21-PDT.zip.uploaded"
"2016-10-29 00:40:01 PDT","I","test2@match_com","UploadManagerService","Processing data for hour /storage/emulated/0/.MATCH/data/2016-10-26/22-PDT.zip.uploaded"
"2016-10-29 00:40:01 PDT","I","test2@match_com","UploadManagerService","Processing data for hour /storage/emulated/0/.MATCH/data/2016-10-26/18-PDT.zip.uploaded"
"2016-10-29 00:40:01 PDT","I","test2@match_com","UploadManagerService","Processing data for hour /storage/emulated/0/.MATCH/data/2016-10-26/20-PDT.zip.uploaded"
"2016-10-29 00:40:01 PDT","I","test2@match_com","UploadManagerService","Processing data for hour /storage/emulated/0/.MATCH/data/2016-10-26/23-PDT.zip.uploaded"
"2016-10-29 00:40:01 PDT","I","test2@match_com","UploadManagerService","Processing data for date - /storage/emulated/0/.MATCH/data/2016-10-27"
"2016-10-29 00:40:01 PDT","I","test2@match_com","UploadManagerService","Processing data for hour /storage/emulated/0/.MATCH/data/2016-10-27/01-PDT.zip.uploaded"
"2016-10-29 00:40:01 PDT","I","test2@match_com","UploadManagerService","Processing data for hour /storage/emulated/0/.MATCH/data/2016-10-27/03-PDT.zip.uploaded"
"2016-10-29 00:40:01 PDT","I","test2@match_com","UploadManagerService","Processing data for hour /storage/emulated/0/.MATCH/data/2016-10-27/04-PDT.zip.uploaded"
"2016-10-29 00:40:01 PDT","I","test2@match_com","UploadManagerService","Processing data for hour /storage/emulated/0/.MATCH/data/2016-10-27/06-PDT.zip.uploaded"
"2016-10-29 00:40:01 PDT","I","test2@match_com","UploadManagerService","Processing data for hour /storage/emulated/0/.MATCH/data/2016-10-27/00-PDT.zip.uploaded"
"2016-10-29 00:40:01 PDT","I","test2@match_com","UploadManagerService","Processing data for hour /storage/emulated/0/.MATCH/data/2016-10-27/02-PDT.zip.uploaded"
"2016-10-29 00:40:01 PDT","I","test2@match_com","UploadManagerService","Processing data for hour /storage/emulated/0/.MATCH/data/2016-10-27/05-PDT.zip.uploaded"
"2016-10-29 00:40:01 PDT","I","test2@match_com","UploadManagerService","Processing data for date - /storage/emulated/0/.MATCH/data/2016-10-28"
"2016-10-29 00:40:01 PDT","I","test2@match_com","UploadManagerService","Processing data for hour /storage/emulated/0/.MATCH/data/2016-10-28/13-PDT.zip"
"2016-10-29 00:40:01 PDT","I","test2@match_com","UploadManagerService","Processing data for hour /storage/emulated/0/.MATCH/data/2016-10-28/14-PDT.zip"
"2016-10-29 00:40:01 PDT","I","test2@match_com","UploadManagerService","Processing data for hour /storage/emulated/0/.MATCH/data/2016-10-28/15-PDT.zip"
"2016-10-29 00:40:01 PDT","I","test2@match_com","UploadManagerService","Processing data for hour /storage/emulated/0/.MATCH/data/2016-10-28/16-PDT.zip"
"2016-10-29 00:40:01 PDT","I","test2@match_com","UploadManagerService","Processing data for hour /storage/emulated/0/.MATCH/data/2016-10-28/17-PDT.zip"
"2016-10-29 00:40:01 PDT","I","test2@match_com","UploadManagerService","Processing data for hour /storage/emulated/0/.MATCH/data/2016-10-28/18-PDT.zip"
"2016-10-29 00:40:01 PDT","I","test2@match_com","UploadManagerService","Processing data for hour /storage/emulated/0/.MATCH/data/2016-10-28/19-PDT.zip"
"2016-10-29 00:40:01 PDT","I","test2@match_com","UploadManagerService","Processing data for hour /storage/emulated/0/.MATCH/data/2016-10-28/20-PDT.zip"
"2016-10-29 00:40:01 PDT","I","test2@match_com","UploadManagerService","Processing data for hour /storage/emulated/0/.MATCH/data/2016-10-28/21-PDT.zip"
"2016-10-29 00:40:01 PDT","I","test2@match_com","UploadManagerService","Processing data for hour /storage/emulated/0/.MATCH/data/2016-10-28/22-PDT.zip"
"2016-10-29 00:40:01 PDT","I","test2@match_com","UploadManagerService","Processing data for hour /storage/emulated/0/.MATCH/data/2016-10-28/23-PDT.zip"
"2016-10-29 00:40:01 PDT","I","test2@match_com","UploadManagerService","Processing data for date - /storage/emulated/0/.MATCH/data/2016-10-29"
"2016-10-29 00:40:01 PDT","I","test2@match_com","UploadManagerService","Processing data for hour /storage/emulated/0/.MATCH/data/2016-10-29/00-PDT"
"2016-10-29 00:40:01 PDT","I","test2@match_com","UploadManagerService","Internet is not connected. Not trying to upload files."
"2016-10-29 00:40:01 PDT","I","test2@match_com","MinuteService","Inside onCreate"
"2016-10-29 00:40:01 PDT","I","test2@match_com","MinuteService","Minute Service Alarm was set by - MinuteService"
"2016-10-29 00:40:01 PDT","I","test2@match_com","MinuteService","Time since previous run - 4"
"2016-10-29 00:40:01 PDT","I","test2@match_com","MinuteService","Previous run within last 50 seconds, ignoring this run"
"2016-10-29 00:40:01 PDT","I","test2@match_com","UploadManagerService","Inside onDestroy"
"2016-10-29 00:40:01 PDT","I","test2@match_com","MinuteService","Inside onDestroy"
"2016-10-29 00:40:02 PDT","I","test2@match_com","BackupMinuteService","Inside onCreate"
"2016-10-29 00:40:02 PDT","I","test2@match_com","Util","Inside setBackupMinuteServiceAlarm"
"2016-10-29 00:40:02 PDT","I","test2@match_com","Util","BackupMinuteService last run at - Sat Oct 29 00:40:02 PDT 2016"
"2016-10-29 00:40:02 PDT","I","test2@match_com","Util","BackupMinuteService next run at - Sat Oct 29 00:41:02 PDT 2016"
"2016-10-29 00:40:02 PDT","I","test2@match_com","MinuteService","Inside onCreate"
"2016-10-29 00:40:02 PDT","I","test2@match_com","MinuteService","Minute Service Alarm was set by - MinuteService"
"2016-10-29 00:40:02 PDT","I","test2@match_com","MinuteService","Time since previous run - 5"
"2016-10-29 00:40:02 PDT","I","test2@match_com","MinuteService","Previous run within last 50 seconds, ignoring this run"
"2016-10-29 00:40:02 PDT","I","test2@match_com","BackupMinuteService","Inside onDestroy"
"2016-10-29 00:40:02 PDT","I","test2@match_com","MinuteService","Inside onDestroy"
"2016-10-29 00:40:02 PDT","I","test2@match_com","AlwaysOnService","Received Intent - android.intent.action.TIME_TICK"
"2016-10-29 00:40:10 PDT","I","test2@match_com","AlwaysOnService","Received Intent - android.intent.action.BATTERY_CHANGED"
"2016-10-29 00:40:57 PDT","I","test2@match_com","MinuteService","Inside onCreate"
"2016-10-29 00:40:57 PDT","I","test2@match_com","MinuteService","Minute Service Alarm was set by - MinuteService"
"2016-10-29 00:40:57 PDT","I","test2@match_com","MinuteService","Time since previous run - 60"
"2016-10-29 00:40:57 PDT","I","test2@match_com","MinuteService","Setting Minute Service Last Run"
"2016-10-29 00:40:57 PDT","I","test2@match_com","MinuteService","Setting Minute Service Alarm"
"2016-10-29 00:40:57 PDT","I","test2@match_com","Util","Inside setMinuteServiceAlarmFromMinuteService"
"2016-10-29 00:40:57 PDT","I","test2@match_com","Util","MinuteService last run at - Sat Oct 29 00:40:57 PDT 2016"
"2016-10-29 00:40:57 PDT","I","test2@match_com","Util","MinuteService next run at - Sat Oct 29 00:41:57 PDT 2016"
"2016-10-29 00:40:57 PDT","I","test2@match_com","MinuteService","Setting Minute Service Backup Alarm"
"2016-10-29 00:40:57 PDT","I","test2@match_com","Util","Inside setBackupMinuteServiceAlarm"
"2016-10-29 00:40:57 PDT","I","test2@match_com","Util","BackupMinuteService last run at - Sat Oct 29 00:40:02 PDT 2016"
"2016-10-29 00:40:57 PDT","I","test2@match_com","Util","BackupMinuteService next run at - Sat Oct 29 00:41:02 PDT 2016"
"2016-10-29 00:40:57 PDT","I","test2@match_com","MinuteService","Initializing MATCHConstants"
"2016-10-29 00:40:57 PDT","I","test2@match_com","MinuteService","Notifying user about minute service run"
"2016-10-29 00:40:57 PDT","I","test2@match_com","MinuteService","Writing status to Firebase Database"
"2016-10-29 00:40:57 PDT","I","test2@match_com","MinuteService","Logging Network Status"
"2016-10-29 00:40:57 PDT","I","test2@match_com","ConnectivityManager","isConnected - false - isWifi - false - isMobileInternet - false"
"2016-10-29 00:40:57 PDT","I","test2@match_com","MinuteService","Logging Battery Status"
"2016-10-29 00:40:57 PDT","I","test2@match_com","BatteryManager","Percentage - 89 - isCharging - true - isUSBCharging - false - isACCharging - true - isWirelessCharging - false"
"2016-10-29 00:40:57 PDT","I","test2@match_com","MinuteService","Logging Memory Status"
"2016-10-29 00:40:57 PDT","I","test2@match_com","MemoryManager","Total Memory,898,Available Memory,408,Threshold Memory,144,IsLowMemory,false"
"2016-10-29 00:40:57 PDT","I","test2@match_com","MinuteService","Logging Storage Status"
"2016-10-29 00:40:57 PDT","I","test2@match_com","StorageManager","Internal Total,2247,Internal Free,589,External Total,4637,External Free,3936"
"2016-10-29 00:40:57 PDT","I","test2@match_com","MinuteService","Logging Power Status"
"2016-10-29 00:40:57 PDT","I","test2@match_com","PowerManager","isDeviceIdleMode - false - isInteractive - false - isPowerSaveMode - false - isSustainedPerformanceModeSupported - false"
"2016-10-29 00:40:57 PDT","I","test2@match_com","MinuteService","Logging Notifications Status"
"2016-10-29 00:40:57 PDT","I","test2@match_com","NotificationManager","AreNotificationsEnabled - true - Importance - Unspecified"
"2016-10-29 00:40:57 PDT","I","test2@match_com","MinuteService","Logging Location"
"2016-10-29 00:40:57 PDT","I","test2@match_com","MinuteService","Fetching latest study data"
"2016-10-29 00:40:57 PDT","I","test2@match_com","MinuteService","Starting UploadManagerService"
"2016-10-29 00:40:57 PDT","I","test2@match_com","MinuteService","Starting SurveyManagerService"
"2016-10-29 00:40:57 PDT","I","test2@match_com","UploadManagerService","Inside onCreate"
"2016-10-29 00:40:57 PDT","I","test2@match_com","UploadManagerService","Processing Logs"
"2016-10-29 00:40:57 PDT","I","test2@match_com","UploadManagerService","Processing Logs for Date - /storage/emulated/0/.MATCH/logs/2016-10-26"
"2016-10-29 00:40:57 PDT","I","test2@match_com","UploadManagerService","Processing Logs for Date - /storage/emulated/0/.MATCH/logs/2016-10-27"
"2016-10-29 00:40:57 PDT","I","test2@match_com","UploadManagerService","Processing Logs for Date - /storage/emulated/0/.MATCH/logs/2016-10-28"
"2016-10-29 00:40:57 PDT","I","test2@match_com","UploadManagerService","Processing Logs for Date - /storage/emulated/0/.MATCH/logs/2016-10-29"
"2016-10-29 00:40:57 PDT","I","test2@match_com","UploadManagerService","Processing Surveys"
"2016-10-29 00:40:57 PDT","I","test2@match_com","UploadManagerService","Processing Data files"
"2016-10-29 00:40:57 PDT","I","test2@match_com","UploadManagerService","Processing data for date - /storage/emulated/0/.MATCH/data/2016-10-26"
"2016-10-29 00:40:57 PDT","I","test2@match_com","UploadManagerService","Processing data for hour /storage/emulated/0/.MATCH/data/2016-10-26/19-PDT.zip.uploaded"
"2016-10-29 00:40:57 PDT","I","test2@match_com","UploadManagerService","Processing data for hour /storage/emulated/0/.MATCH/data/2016-10-26/13-PDT.zip.uploaded"
"2016-10-29 00:40:57 PDT","I","test2@match_com","UploadManagerService","Processing data for hour /storage/emulated/0/.MATCH/data/2016-10-26/14-PDT.zip.uploaded"
"2016-10-29 00:40:57 PDT","I","test2@match_com","UploadManagerService","Processing data for hour /storage/emulated/0/.MATCH/data/2016-10-26/15-PDT.zip.uploaded"
"2016-10-29 00:40:57 PDT","I","test2@match_com","UploadManagerService","Processing data for hour /storage/emulated/0/.MATCH/data/2016-10-26/16-PDT.zip.uploaded"
"2016-10-29 00:40:57 PDT","I","test2@match_com","UploadManagerService","Processing data for hour /storage/emulated/0/.MATCH/data/2016-10-26/17-PDT.zip.uploaded"
"2016-10-29 00:40:57 PDT","I","test2@match_com","UploadManagerService","Processing data for hour /storage/emulated/0/.MATCH/data/2016-10-26/21-PDT.zip.uploaded"
"2016-10-29 00:40:57 PDT","I","test2@match_com","UploadManagerService","Processing data for hour /storage/emulated/0/.MATCH/data/2016-10-26/22-PDT.zip.uploaded"
"2016-10-29 00:40:57 PDT","I","test2@match_com","UploadManagerService","Processing data for hour /storage/emulated/0/.MATCH/data/2016-10-26/18-PDT.zip.uploaded"
"2016-10-29 00:40:57 PDT","I","test2@match_com","UploadManagerService","Processing data for hour /storage/emulated/0/.MATCH/data/2016-10-26/20-PDT.zip.uploaded"
"2016-10-29 00:40:57 PDT","I","test2@match_com","UploadManagerService","Processing data for hour /storage/emulated/0/.MATCH/data/2016-10-26/23-PDT.zip.uploaded"
"2016-10-29 00:40:57 PDT","I","test2@match_com","UploadManagerService","Processing data for date - /storage/emulated/0/.MATCH/data/2016-10-27"
"2016-10-29 00:40:57 PDT","I","test2@match_com","UploadManagerService","Processing data for hour /storage/emulated/0/.MATCH/data/2016-10-27/01-PDT.zip.uploaded"
"2016-10-29 00:40:57 PDT","I","test2@match_com","UploadManagerService","Processing data for hour /storage/emulated/0/.MATCH/data/2016-10-27/03-PDT.zip.uploaded"
"2016-10-29 00:40:57 PDT","I","test2@match_com","UploadManagerService","Processing data for hour /storage/emulated/0/.MATCH/data/2016-10-27/04-PDT.zip.uploaded"
"2016-10-29 00:40:57 PDT","I","test2@match_com","UploadManagerService","Processing data for hour /storage/emulated/0/.MATCH/data/2016-10-27/06-PDT.zip.uploaded"
"2016-10-29 00:40:57 PDT","I","test2@match_com","UploadManagerService","Processing data for hour /storage/emulated/0/.MATCH/data/2016-10-27/00-PDT.zip.uploaded"
"2016-10-29 00:40:57 PDT","I","test2@match_com","UploadManagerService","Processing data for hour /storage/emulated/0/.MATCH/data/2016-10-27/02-PDT.zip.uploaded"
"2016-10-29 00:40:57 PDT","I","test2@match_com","UploadManagerService","Processing data for hour /storage/emulated/0/.MATCH/data/2016-10-27/05-PDT.zip.uploaded"
"2016-10-29 00:40:57 PDT","I","test2@match_com","UploadManagerService","Processing data for date - /storage/emulated/0/.MATCH/data/2016-10-28"
"2016-10-29 00:40:57 PDT","I","test2@match_com","UploadManagerService","Processing data for hour /storage/emulated/0/.MATCH/data/2016-10-28/13-PDT.zip"
"2016-10-29 00:40:57 PDT","I","test2@match_com","UploadManagerService","Processing data for hour /storage/emulated/0/.MATCH/data/2016-10-28/14-PDT.zip"
"2016-10-29 00:40:57 PDT","I","test2@match_com","UploadManagerService","Processing data for hour /storage/emulated/0/.MATCH/data/2016-10-28/15-PDT.zip"
"2016-10-29 00:40:57 PDT","I","test2@match_com","UploadManagerService","Processing data for hour /storage/emulated/0/.MATCH/data/2016-10-28/16-PDT.zip"
"2016-10-29 00:40:57 PDT","I","test2@match_com","UploadManagerService","Processing data for hour /storage/emulated/0/.MATCH/data/2016-10-28/17-PDT.zip"
"2016-10-29 00:40:57 PDT","I","test2@match_com","UploadManagerService","Processing data for hour /storage/emulated/0/.MATCH/data/2016-10-28/18-PDT.zip"
"2016-10-29 00:40:57 PDT","I","test2@match_com","UploadManagerService","Processing data for hour /storage/emulated/0/.MATCH/data/2016-10-28/19-PDT.zip"
"2016-10-29 00:40:57 PDT","I","test2@match_com","UploadManagerService","Processing data for hour /storage/emulated/0/.MATCH/data/2016-10-28/20-PDT.zip"
"2016-10-29 00:40:57 PDT","I","test2@match_com","UploadManagerService","Processing data for hour /storage/emulated/0/.MATCH/data/2016-10-28/21-PDT.zip"
"2016-10-29 00:40:57 PDT","I","test2@match_com","UploadManagerService","Processing data for hour /storage/emulated/0/.MATCH/data/2016-10-28/22-PDT.zip"
"2016-10-29 00:40:57 PDT","I","test2@match_com","UploadManagerService","Processing data for hour /storage/emulated/0/.MATCH/data/2016-10-28/23-PDT.zip"
"2016-10-29 00:40:57 PDT","I","test2@match_com","UploadManagerService","Processing data for date - /storage/emulated/0/.MATCH/data/2016-10-29"
"2016-10-29 00:40:57 PDT","I","test2@match_com","UploadManagerService","Processing data for hour /storage/emulated/0/.MATCH/data/2016-10-29/00-PDT"
"2016-10-29 00:40:57 PDT","I","test2@match_com","UploadManagerService","Internet is not connected. Not trying to upload files."
"2016-10-29 00:40:57 PDT","I","test2@match_com","SurveyManagerService","Inside onCreate"
"2016-10-29 00:40:57 PDT","I","test2@match_com","SurveyManagerService","Current time is - Sat Oct 29 00:40:57 PDT 2016"
"2016-10-29 00:40:57 PDT","I","test2@match_com","SurveyManagerService","Start Date is - Tue Oct 25 19:00:00 PDT 2016"
"2016-10-29 00:40:57 PDT","I","test2@match_com","SurveyManagerService","End Date is - Tue Nov 01 16:00:00 PDT 2016"
"2016-10-29 00:40:58 PDT","I","test2@match_com","SurveyManagerService","Scheduling Survey for - KEY_EMA_0730TO0800_CHILD"
"2016-10-29 00:40:58 PDT","I","test2@match_com","SurveyManagerService","Survey KEY_EMA_0730TO0800_CHILD is already scheduled"
"2016-10-29 00:40:58 PDT","I","test2@match_com","SurveyManagerService","Scheduling Survey for - KEY_EMA_0930TO1000_CHILD"
"2016-10-29 00:40:58 PDT","I","test2@match_com","SurveyManagerService","Survey KEY_EMA_0930TO1000_CHILD is already scheduled"
"2016-10-29 00:40:58 PDT","I","test2@match_com","SurveyManagerService","Scheduling Survey for - KEY_EMA_1130TO1200_CHILD"
"2016-10-29 00:40:58 PDT","I","test2@match_com","SurveyManagerService","Survey KEY_EMA_1130TO1200_CHILD is already scheduled"
"2016-10-29 00:40:58 PDT","I","test2@match_com","SurveyManagerService","Scheduling Survey for - KEY_EMA_1330TO1400_CHILD"
"2016-10-29 00:40:58 PDT","I","test2@match_com","SurveyManagerService","Survey KEY_EMA_1330TO1400_CHILD is already scheduled"
"2016-10-29 00:40:58 PDT","I","test2@match_com","SurveyManagerService","Scheduling Survey for - KEY_EMA_1530TO1600_CHILD"
"2016-10-29 00:40:58 PDT","I","test2@match_com","SurveyManagerService","Survey KEY_EMA_1530TO1600_CHILD is already scheduled"
"2016-10-29 00:40:58 PDT","I","test2@match_com","SurveyManagerService","Scheduling Survey for - KEY_EMA_1730TO1800_CHILD"
"2016-10-29 00:40:58 PDT","I","test2@match_com","SurveyManagerService","Survey KEY_EMA_1730TO1800_CHILD is already scheduled"
"2016-10-29 00:40:58 PDT","I","test2@match_com","SurveyManagerService","Scheduling Survey for - KEY_EMA_1930TO2000_CHILD"
"2016-10-29 00:40:58 PDT","I","test2@match_com","SurveyManagerService","Survey KEY_EMA_1930TO2000_CHILD is already scheduled"
"2016-10-29 00:40:58 PDT","I","test2@match_com","SurveyManagerService","Saliva surveys are already scheduled"
"2016-10-29 00:40:58 PDT","I","test2@match_com","SurveyManagerService","Survey KEY_SALIVA_BEDTIME scheduled for Sat Oct 29 21:46:58 PDT 2016"
"2016-10-29 00:40:58 PDT","I","test2@match_com","SurveyManagerService","Survey Schedule for KEY_EMA_0730TO0800_CHILD is Sat Oct 29 07:47:17 PDT 2016"
"2016-10-29 00:40:58 PDT","I","test2@match_com","SurveyManagerService","Still not time to prompt the survey"
"2016-10-29 00:40:58 PDT","I","test2@match_com","SurveyManagerService","Survey Schedule for KEY_EMA_0930TO1000_CHILD is Sat Oct 29 09:57:24 PDT 2016"
"2016-10-29 00:40:58 PDT","I","test2@match_com","SurveyManagerService","Still not time to prompt the survey"
"2016-10-29 00:40:58 PDT","I","test2@match_com","SurveyManagerService","Survey Schedule for KEY_EMA_1130TO1200_CHILD is Sat Oct 29 11:45:10 PDT 2016"
"2016-10-29 00:40:58 PDT","I","test2@match_com","SurveyManagerService","Still not time to prompt the survey"
"2016-10-29 00:40:58 PDT","I","test2@match_com","SurveyManagerService","Survey Schedule for KEY_EMA_1330TO1400_CHILD is Sat Oct 29 13:44:02 PDT 2016"
"2016-10-29 00:40:58 PDT","I","test2@match_com","SurveyManagerService","Still not time to prompt the survey"
"2016-10-29 00:40:58 PDT","I","test2@match_com","SurveyManagerService","Survey Schedule for KEY_EMA_1530TO1600_CHILD is Sat Oct 29 15:33:41 PDT 2016"
"2016-10-29 00:40:58 PDT","I","test2@match_com","SurveyManagerService","Still not time to prompt the survey"
"2016-10-29 00:40:58 PDT","I","test2@match_com","SurveyManagerService","Survey Schedule for KEY_EMA_1730TO1800_CHILD is Sat Oct 29 17:47:43 PDT 2016"
"2016-10-29 00:40:58 PDT","I","test2@match_com","SurveyManagerService","Still not time to prompt the survey"
"2016-10-29 00:40:58 PDT","I","test2@match_com","SurveyManagerService","Survey Schedule for KEY_EMA_1930TO2000_CHILD is Sat Oct 29 19:36:11 PDT 2016"
"2016-10-29 00:40:58 PDT","I","test2@match_com","SurveyManagerService","Still not time to prompt the survey"
"2016-10-29 00:40:58 PDT","I","test2@match_com","SurveyManagerService","KEY_SALIVA_WAKING is scheduled for Sat Oct 29 06:46:56 PDT 2016"
"2016-10-29 00:40:58 PDT","I","test2@match_com","SurveyManagerService","Prompt KEY_SALIVA_WAKING is in the future - Sat Oct 29 06:46:56 PDT 2016"
"2016-10-29 00:40:58 PDT","I","test2@match_com","SurveyManagerService","KEY_SALIVA_WAKING_PLUS_30 is scheduled for Sat Oct 29 07:16:56 PDT 2016"
"2016-10-29 00:40:58 PDT","I","test2@match_com","SurveyManagerService","Prompt KEY_SALIVA_WAKING_PLUS_30 is in the future - Sat Oct 29 07:16:56 PDT 2016"
"2016-10-29 00:40:58 PDT","I","test2@match_com","SurveyManagerService","KEY_SALIVA_AFTERNOON_4TO430_CHILD is scheduled for Sat Oct 29 16:16:27 PDT 2016"
"2016-10-29 00:40:58 PDT","I","test2@match_com","SurveyManagerService","Prompt KEY_SALIVA_AFTERNOON_4TO430_CHILD is in the future - Sat Oct 29 16:16:27 PDT 2016"
"2016-10-29 00:40:58 PDT","I","test2@match_com","SurveyManagerService","KEY_SALIVA_BEDTIME is scheduled for Sat Oct 29 21:46:58 PDT 2016"
"2016-10-29 00:40:58 PDT","I","test2@match_com","SurveyManagerService","Prompt KEY_SALIVA_BEDTIME is in the future - Sat Oct 29 21:46:58 PDT 2016"
"2016-10-29 00:40:58 PDT","I","test2@match_com","MinuteService","Inside onDestroy"
"2016-10-29 00:40:58 PDT","I","test2@match_com","UploadManagerService","Inside onDestroy"
"2016-10-29 00:40:58 PDT","I","test2@match_com","SurveyManagerService","Inside onDestroy"
"2016-10-29 00:40:58 PDT","I","test2@match_com","Zipper","unzipFileWithEncryption"
"2016-10-29 00:40:58 PDT","I","test2@match_com","Zipper","Deleting File - /storage/emulated/0/.MATCH/data/2016-10-29/00-PDT/GPS.csv.zip"
"2016-10-29 00:40:58 PDT","I","test2@match_com","Zipper","zipFileWithEncryption - /storage/emulated/0/.MATCH/data/2016-10-29/00-PDT/GPS.csv"
"2016-10-29 00:40:58 PDT","I","test2@match_com","Zipper","Creating ZipFile - /storage/emulated/0/.MATCH/data/2016-10-29/00-PDT/GPS.csv.zip"
"2016-10-29 00:40:58 PDT","I","test2@match_com","Zipper","Deleting File - /storage/emulated/0/.MATCH/data/2016-10-29/00-PDT/GPS.csv"
"2016-10-29 00:41:01 PDT","I","test2@match_com","UploadManagerService","Inside onCreate"
"2016-10-29 00:41:01 PDT","I","test2@match_com","UploadManagerService","Processing Logs"
"2016-10-29 00:41:01 PDT","I","test2@match_com","UploadManagerService","Processing Logs for Date - /storage/emulated/0/.MATCH/logs/2016-10-26"
"2016-10-29 00:41:01 PDT","I","test2@match_com","UploadManagerService","Processing Logs for Date - /storage/emulated/0/.MATCH/logs/2016-10-27"
"2016-10-29 00:41:01 PDT","I","test2@match_com","UploadManagerService","Processing Logs for Date - /storage/emulated/0/.MATCH/logs/2016-10-28"
"2016-10-29 00:41:01 PDT","I","test2@match_com","UploadManagerService","Processing Logs for Date - /storage/emulated/0/.MATCH/logs/2016-10-29"
"2016-10-29 00:41:01 PDT","I","test2@match_com","UploadManagerService","Processing Surveys"
"2016-10-29 00:41:01 PDT","I","test2@match_com","UploadManagerService","Processing Data files"
"2016-10-29 00:41:01 PDT","I","test2@match_com","UploadManagerService","Processing data for date - /storage/emulated/0/.MATCH/data/2016-10-26"
"2016-10-29 00:41:01 PDT","I","test2@match_com","UploadManagerService","Processing data for hour /storage/emulated/0/.MATCH/data/2016-10-26/19-PDT.zip.uploaded"
"2016-10-29 00:41:01 PDT","I","test2@match_com","UploadManagerService","Processing data for hour /storage/emulated/0/.MATCH/data/2016-10-26/13-PDT.zip.uploaded"
"2016-10-29 00:41:01 PDT","I","test2@match_com","UploadManagerService","Processing data for hour /storage/emulated/0/.MATCH/data/2016-10-26/14-PDT.zip.uploaded"
"2016-10-29 00:41:01 PDT","I","test2@match_com","UploadManagerService","Processing data for hour /storage/emulated/0/.MATCH/data/2016-10-26/15-PDT.zip.uploaded"
"2016-10-29 00:41:01 PDT","I","test2@match_com","UploadManagerService","Processing data for hour /storage/emulated/0/.MATCH/data/2016-10-26/16-PDT.zip.uploaded"
"2016-10-29 00:41:01 PDT","I","test2@match_com","UploadManagerService","Processing data for hour /storage/emulated/0/.MATCH/data/2016-10-26/17-PDT.zip.uploaded"
"2016-10-29 00:41:01 PDT","I","test2@match_com","UploadManagerService","Processing data for hour /storage/emulated/0/.MATCH/data/2016-10-26/21-PDT.zip.uploaded"
"2016-10-29 00:41:01 PDT","I","test2@match_com","UploadManagerService","Processing data for hour /storage/emulated/0/.MATCH/data/2016-10-26/22-PDT.zip.uploaded"
"2016-10-29 00:41:01 PDT","I","test2@match_com","UploadManagerService","Processing data for hour /storage/emulated/0/.MATCH/data/2016-10-26/18-PDT.zip.uploaded"
"2016-10-29 00:41:01 PDT","I","test2@match_com","UploadManagerService","Processing data for hour /storage/emulated/0/.MATCH/data/2016-10-26/20-PDT.zip.uploaded"
"2016-10-29 00:41:01 PDT","I","test2@match_com","UploadManagerService","Processing data for hour /storage/emulated/0/.MATCH/data/2016-10-26/23-PDT.zip.uploaded"
"2016-10-29 00:41:01 PDT","I","test2@match_com","UploadManagerService","Processing data for date - /storage/emulated/0/.MATCH/data/2016-10-27"
"2016-10-29 00:41:01 PDT","I","test2@match_com","UploadManagerService","Processing data for hour /storage/emulated/0/.MATCH/data/2016-10-27/01-PDT.zip.uploaded"
"2016-10-29 00:41:01 PDT","I","test2@match_com","UploadManagerService","Processing data for hour /storage/emulated/0/.MATCH/data/2016-10-27/03-PDT.zip.uploaded"
"2016-10-29 00:41:01 PDT","I","test2@match_com","UploadManagerService","Processing data for hour /storage/emulated/0/.MATCH/data/2016-10-27/04-PDT.zip.uploaded"
"2016-10-29 00:41:01 PDT","I","test2@match_com","UploadManagerService","Processing data for hour /storage/emulated/0/.MATCH/data/2016-10-27/06-PDT.zip.uploaded"
"2016-10-29 00:41:01 PDT","I","test2@match_com","UploadManagerService","Processing data for hour /storage/emulated/0/.MATCH/data/2016-10-27/00-PDT.zip.uploaded"
"2016-10-29 00:41:01 PDT","I","test2@match_com","UploadManagerService","Processing data for hour /storage/emulated/0/.MATCH/data/2016-10-27/02-PDT.zip.uploaded"
"2016-10-29 00:41:01 PDT","I","test2@match_com","UploadManagerService","Processing data for hour /storage/emulated/0/.MATCH/data/2016-10-27/05-PDT.zip.uploaded"
"2016-10-29 00:41:01 PDT","I","test2@match_com","UploadManagerService","Processing data for date - /storage/emulated/0/.MATCH/data/2016-10-28"
"2016-10-29 00:41:01 PDT","I","test2@match_com","UploadManagerService","Processing data for hour /storage/emulated/0/.MATCH/data/2016-10-28/13-PDT.zip"
"2016-10-29 00:41:01 PDT","I","test2@match_com","UploadManagerService","Processing data for hour /storage/emulated/0/.MATCH/data/2016-10-28/14-PDT.zip"
"2016-10-29 00:41:01 PDT","I","test2@match_com","UploadManagerService","Processing data for hour /storage/emulated/0/.MATCH/data/2016-10-28/15-PDT.zip"
"2016-10-29 00:41:01 PDT","I","test2@match_com","UploadManagerService","Processing data for hour /storage/emulated/0/.MATCH/data/2016-10-28/16-PDT.zip"
"2016-10-29 00:41:01 PDT","I","test2@match_com","UploadManagerService","Processing data for hour /storage/emulated/0/.MATCH/data/2016-10-28/17-PDT.zip"
"2016-10-29 00:41:01 PDT","I","test2@match_com","UploadManagerService","Processing data for hour /storage/emulated/0/.MATCH/data/2016-10-28/18-PDT.zip"
"2016-10-29 00:41:01 PDT","I","test2@match_com","UploadManagerService","Processing data for hour /storage/emulated/0/.MATCH/data/2016-10-28/19-PDT.zip"
"2016-10-29 00:41:01 PDT","I","test2@match_com","UploadManagerService","Processing data for hour /storage/emulated/0/.MATCH/data/2016-10-28/20-PDT.zip"
"2016-10-29 00:41:01 PDT","I","test2@match_com","UploadManagerService","Processing data for hour /storage/emulated/0/.MATCH/data/2016-10-28/21-PDT.zip"
"2016-10-29 00:41:01 PDT","I","test2@match_com","UploadManagerService","Processing data for hour /storage/emulated/0/.MATCH/data/2016-10-28/22-PDT.zip"
"2016-10-29 00:41:01 PDT","I","test2@match_com","UploadManagerService","Processing data for hour /storage/emulated/0/.MATCH/data/2016-10-28/23-PDT.zip"
"2016-10-29 00:41:01 PDT","I","test2@match_com","UploadManagerService","Processing data for date - /storage/emulated/0/.MATCH/data/2016-10-29"
"2016-10-29 00:41:01 PDT","I","test2@match_com","UploadManagerService","Processing data for hour /storage/emulated/0/.MATCH/data/2016-10-29/00-PDT"
"2016-10-29 00:41:01 PDT","I","test2@match_com","UploadManagerService","Internet is not connected. Not trying to upload files."
"2016-10-29 00:41:01 PDT","I","test2@match_com","MinuteService","Inside onCreate"
"2016-10-29 00:41:01 PDT","I","test2@match_com","MinuteService","Minute Service Alarm was set by - MinuteService"
"2016-10-29 00:41:01 PDT","I","test2@match_com","MinuteService","Time since previous run - 4"
"2016-10-29 00:41:01 PDT","I","test2@match_com","MinuteService","Previous run within last 50 seconds, ignoring this run"
"2016-10-29 00:41:01 PDT","I","test2@match_com","UploadManagerService","Inside onDestroy"
"2016-10-29 00:41:01 PDT","I","test2@match_com","MinuteService","Inside onDestroy"
"2016-10-29 00:41:02 PDT","I","test2@match_com","BackupMinuteService","Inside onCreate"
"2016-10-29 00:41:02 PDT","I","test2@match_com","Util","Inside setBackupMinuteServiceAlarm"
"2016-10-29 00:41:02 PDT","I","test2@match_com","Util","BackupMinuteService last run at - Sat Oct 29 00:41:02 PDT 2016"
"2016-10-29 00:41:02 PDT","I","test2@match_com","Util","BackupMinuteService next run at - Sat Oct 29 00:42:02 PDT 2016"
"2016-10-29 00:41:02 PDT","I","test2@match_com","MinuteService","Inside onCreate"
"2016-10-29 00:41:02 PDT","I","test2@match_com","MinuteService","Minute Service Alarm was set by - MinuteService"
"2016-10-29 00:41:02 PDT","I","test2@match_com","MinuteService","Time since previous run - 5"
"2016-10-29 00:41:02 PDT","I","test2@match_com","MinuteService","Previous run within last 50 seconds, ignoring this run"
"2016-10-29 00:41:02 PDT","I","test2@match_com","BackupMinuteService","Inside onDestroy"
"2016-10-29 00:41:02 PDT","I","test2@match_com","MinuteService","Inside onDestroy"
"2016-10-29 00:41:02 PDT","I","test2@match_com","AlwaysOnService","Received Intent - android.intent.action.TIME_TICK"
"2016-10-29 00:41:11 PDT","I","test2@match_com","AlwaysOnService","Received Intent - android.intent.action.BATTERY_CHANGED"
"2016-10-29 00:41:22 PDT","I","test2@match_com","AlwaysOnService","Received Intent - android.intent.action.BATTERY_CHANGED"
"2016-10-29 00:41:23 PDT","I","test2@match_com","AlwaysOnService","Received Intent - android.intent.action.BATTERY_CHANGED"
"2016-10-29 00:41:57 PDT","I","test2@match_com","MinuteService","Inside onCreate"
"2016-10-29 00:41:57 PDT","I","test2@match_com","MinuteService","Minute Service Alarm was set by - MinuteService"
"2016-10-29 00:41:57 PDT","I","test2@match_com","MinuteService","Time since previous run - 60"
"2016-10-29 00:41:57 PDT","I","test2@match_com","MinuteService","Setting Minute Service Last Run"
"2016-10-29 00:41:57 PDT","I","test2@match_com","MinuteService","Setting Minute Service Alarm"
"2016-10-29 00:41:57 PDT","I","test2@match_com","Util","Inside setMinuteServiceAlarmFromMinuteService"
"2016-10-29 00:41:57 PDT","I","test2@match_com","Util","MinuteService last run at - Sat Oct 29 00:41:57 PDT 2016"
"2016-10-29 00:41:57 PDT","I","test2@match_com","Util","MinuteService next run at - Sat Oct 29 00:42:57 PDT 2016"
"2016-10-29 00:41:57 PDT","I","test2@match_com","MinuteService","Setting Minute Service Backup Alarm"
"2016-10-29 00:41:57 PDT","I","test2@match_com","Util","Inside setBackupMinuteServiceAlarm"
"2016-10-29 00:41:57 PDT","I","test2@match_com","Util","BackupMinuteService last run at - Sat Oct 29 00:41:02 PDT 2016"
"2016-10-29 00:41:57 PDT","I","test2@match_com","Util","BackupMinuteService next run at - Sat Oct 29 00:42:02 PDT 2016"
"2016-10-29 00:41:57 PDT","I","test2@match_com","MinuteService","Initializing MATCHConstants"
"2016-10-29 00:41:57 PDT","I","test2@match_com","MinuteService","Notifying user about minute service run"
"2016-10-29 00:41:57 PDT","I","test2@match_com","MinuteService","Writing status to Firebase Database"
"2016-10-29 00:41:57 PDT","I","test2@match_com","MinuteService","Logging Network Status"
"2016-10-29 00:41:57 PDT","I","test2@match_com","ConnectivityManager","isConnected - false - isWifi - false - isMobileInternet - false"
"2016-10-29 00:41:57 PDT","I","test2@match_com","MinuteService","Logging Battery Status"
"2016-10-29 00:41:57 PDT","I","test2@match_com","BatteryManager","Percentage - 90 - isCharging - true - isUSBCharging - false - isACCharging - true - isWirelessCharging - false"
"2016-10-29 00:41:57 PDT","I","test2@match_com","MinuteService","Logging Memory Status"
"2016-10-29 00:41:57 PDT","I","test2@match_com","MemoryManager","Total Memory,898,Available Memory,412,Threshold Memory,144,IsLowMemory,false"
"2016-10-29 00:41:57 PDT","I","test2@match_com","MinuteService","Logging Storage Status"
"2016-10-29 00:41:57 PDT","I","test2@match_com","StorageManager","Internal Total,2247,Internal Free,589,External Total,4637,External Free,3935"
"2016-10-29 00:41:57 PDT","I","test2@match_com","MinuteService","Logging Power Status"
"2016-10-29 00:41:57 PDT","I","test2@match_com","PowerManager","isDeviceIdleMode - false - isInteractive - false - isPowerSaveMode - false - isSustainedPerformanceModeSupported - false"
"2016-10-29 00:41:57 PDT","I","test2@match_com","MinuteService","Logging Notifications Status"
"2016-10-29 00:41:57 PDT","I","test2@match_com","NotificationManager","AreNotificationsEnabled - true - Importance - Unspecified"
"2016-10-29 00:41:57 PDT","I","test2@match_com","MinuteService","Logging Location"
"2016-10-29 00:41:57 PDT","I","test2@match_com","MinuteService","Fetching latest study data"
"2016-10-29 00:41:57 PDT","I","test2@match_com","MinuteService","Starting UploadManagerService"
"2016-10-29 00:41:57 PDT","I","test2@match_com","MinuteService","Starting SurveyManagerService"
"2016-10-29 00:41:57 PDT","I","test2@match_com","UploadManagerService","Inside onCreate"
"2016-10-29 00:41:57 PDT","I","test2@match_com","UploadManagerService","Processing Logs"
"2016-10-29 00:41:57 PDT","I","test2@match_com","UploadManagerService","Processing Logs for Date - /storage/emulated/0/.MATCH/logs/2016-10-26"
"2016-10-29 00:41:57 PDT","I","test2@match_com","UploadManagerService","Processing Logs for Date - /storage/emulated/0/.MATCH/logs/2016-10-27"
"2016-10-29 00:41:57 PDT","I","test2@match_com","UploadManagerService","Processing Logs for Date - /storage/emulated/0/.MATCH/logs/2016-10-28"
"2016-10-29 00:41:57 PDT","I","test2@match_com","UploadManagerService","Processing Logs for Date - /storage/emulated/0/.MATCH/logs/2016-10-29"
"2016-10-29 00:41:57 PDT","I","test2@match_com","UploadManagerService","Processing Surveys"
"2016-10-29 00:41:57 PDT","I","test2@match_com","UploadManagerService","Processing Data files"
"2016-10-29 00:41:57 PDT","I","test2@match_com","UploadManagerService","Processing data for date - /storage/emulated/0/.MATCH/data/2016-10-26"
"2016-10-29 00:41:57 PDT","I","test2@match_com","UploadManagerService","Processing data for hour /storage/emulated/0/.MATCH/data/2016-10-26/19-PDT.zip.uploaded"
"2016-10-29 00:41:57 PDT","I","test2@match_com","UploadManagerService","Processing data for hour /storage/emulated/0/.MATCH/data/2016-10-26/13-PDT.zip.uploaded"
"2016-10-29 00:41:57 PDT","I","test2@match_com","UploadManagerService","Processing data for hour /storage/emulated/0/.MATCH/data/2016-10-26/14-PDT.zip.uploaded"
"2016-10-29 00:41:57 PDT","I","test2@match_com","UploadManagerService","Processing data for hour /storage/emulated/0/.MATCH/data/2016-10-26/15-PDT.zip.uploaded"
"2016-10-29 00:41:57 PDT","I","test2@match_com","UploadManagerService","Processing data for hour /storage/emulated/0/.MATCH/data/2016-10-26/16-PDT.zip.uploaded"
"2016-10-29 00:41:57 PDT","I","test2@match_com","UploadManagerService","Processing data for hour /storage/emulated/0/.MATCH/data/2016-10-26/17-PDT.zip.uploaded"
"2016-10-29 00:41:57 PDT","I","test2@match_com","UploadManagerService","Processing data for hour /storage/emulated/0/.MATCH/data/2016-10-26/21-PDT.zip.uploaded"
"2016-10-29 00:41:57 PDT","I","test2@match_com","UploadManagerService","Processing data for hour /storage/emulated/0/.MATCH/data/2016-10-26/22-PDT.zip.uploaded"
"2016-10-29 00:41:57 PDT","I","test2@match_com","UploadManagerService","Processing data for hour /storage/emulated/0/.MATCH/data/2016-10-26/18-PDT.zip.uploaded"
"2016-10-29 00:41:57 PDT","I","test2@match_com","UploadManagerService","Processing data for hour /storage/emulated/0/.MATCH/data/2016-10-26/20-PDT.zip.uploaded"
"2016-10-29 00:41:57 PDT","I","test2@match_com","UploadManagerService","Processing data for hour /storage/emulated/0/.MATCH/data/2016-10-26/23-PDT.zip.uploaded"
"2016-10-29 00:41:57 PDT","I","test2@match_com","UploadManagerService","Processing data for date - /storage/emulated/0/.MATCH/data/2016-10-27"
"2016-10-29 00:41:57 PDT","I","test2@match_com","UploadManagerService","Processing data for hour /storage/emulated/0/.MATCH/data/2016-10-27/01-PDT.zip.uploaded"
"2016-10-29 00:41:57 PDT","I","test2@match_com","UploadManagerService","Processing data for hour /storage/emulated/0/.MATCH/data/2016-10-27/03-PDT.zip.uploaded"
"2016-10-29 00:41:58 PDT","I","test2@match_com","UploadManagerService","Processing data for hour /storage/emulated/0/.MATCH/data/2016-10-27/04-PDT.zip.uploaded"
"2016-10-29 00:41:58 PDT","I","test2@match_com","UploadManagerService","Processing data for hour /storage/emulated/0/.MATCH/data/2016-10-27/06-PDT.zip.uploaded"
"2016-10-29 00:41:58 PDT","I","test2@match_com","UploadManagerService","Processing data for hour /storage/emulated/0/.MATCH/data/2016-10-27/00-PDT.zip.uploaded"
"2016-10-29 00:41:58 PDT","I","test2@match_com","UploadManagerService","Processing data for hour /storage/emulated/0/.MATCH/data/2016-10-27/02-PDT.zip.uploaded"
"2016-10-29 00:41:58 PDT","I","test2@match_com","UploadManagerService","Processing data for hour /storage/emulated/0/.MATCH/data/2016-10-27/05-PDT.zip.uploaded"
"2016-10-29 00:41:58 PDT","I","test2@match_com","UploadManagerService","Processing data for date - /storage/emulated/0/.MATCH/data/2016-10-28"
"2016-10-29 00:41:58 PDT","I","test2@match_com","UploadManagerService","Processing data for hour /storage/emulated/0/.MATCH/data/2016-10-28/13-PDT.zip"
"2016-10-29 00:41:58 PDT","I","test2@match_com","UploadManagerService","Processing data for hour /storage/emulated/0/.MATCH/data/2016-10-28/14-PDT.zip"
"2016-10-29 00:41:58 PDT","I","test2@match_com","UploadManagerService","Processing data for hour /storage/emulated/0/.MATCH/data/2016-10-28/15-PDT.zip"
"2016-10-29 00:41:58 PDT","I","test2@match_com","UploadManagerService","Processing data for hour /storage/emulated/0/.MATCH/data/2016-10-28/16-PDT.zip"
"2016-10-29 00:41:58 PDT","I","test2@match_com","UploadManagerService","Processing data for hour /storage/emulated/0/.MATCH/data/2016-10-28/17-PDT.zip"
"2016-10-29 00:41:58 PDT","I","test2@match_com","UploadManagerService","Processing data for hour /storage/emulated/0/.MATCH/data/2016-10-28/18-PDT.zip"
"2016-10-29 00:41:58 PDT","I","test2@match_com","UploadManagerService","Processing data for hour /storage/emulated/0/.MATCH/data/2016-10-28/19-PDT.zip"
"2016-10-29 00:41:58 PDT","I","test2@match_com","UploadManagerService","Processing data for hour /storage/emulated/0/.MATCH/data/2016-10-28/20-PDT.zip"
"2016-10-29 00:41:58 PDT","I","test2@match_com","UploadManagerService","Processing data for hour /storage/emulated/0/.MATCH/data/2016-10-28/21-PDT.zip"
"2016-10-29 00:41:58 PDT","I","test2@match_com","UploadManagerService","Processing data for hour /storage/emulated/0/.MATCH/data/2016-10-28/22-PDT.zip"
"2016-10-29 00:41:58 PDT","I","test2@match_com","UploadManagerService","Processing data for hour /storage/emulated/0/.MATCH/data/2016-10-28/23-PDT.zip"
"2016-10-29 00:41:58 PDT","I","test2@match_com","UploadManagerService","Processing data for date - /storage/emulated/0/.MATCH/data/2016-10-29"
"2016-10-29 00:41:58 PDT","I","test2@match_com","UploadManagerService","Processing data for hour /storage/emulated/0/.MATCH/data/2016-10-29/00-PDT"
"2016-10-29 00:41:58 PDT","I","test2@match_com","UploadManagerService","Internet is not connected. Not trying to upload files."
"2016-10-29 00:41:58 PDT","I","test2@match_com","SurveyManagerService","Inside onCreate"
"2016-10-29 00:41:58 PDT","I","test2@match_com","SurveyManagerService","Current time is - Sat Oct 29 00:41:58 PDT 2016"
"2016-10-29 00:41:58 PDT","I","test2@match_com","SurveyManagerService","Start Date is - Tue Oct 25 19:00:00 PDT 2016"
"2016-10-29 00:41:58 PDT","I","test2@match_com","SurveyManagerService","End Date is - Tue Nov 01 16:00:00 PDT 2016"
"2016-10-29 00:41:58 PDT","I","test2@match_com","SurveyManagerService","Scheduling Survey for - KEY_EMA_0730TO0800_CHILD"
"2016-10-29 00:41:58 PDT","I","test2@match_com","SurveyManagerService","Survey KEY_EMA_0730TO0800_CHILD is already scheduled"
"2016-10-29 00:41:58 PDT","I","test2@match_com","SurveyManagerService","Scheduling Survey for - KEY_EMA_0930TO1000_CHILD"
"2016-10-29 00:41:58 PDT","I","test2@match_com","SurveyManagerService","Survey KEY_EMA_0930TO1000_CHILD is already scheduled"
"2016-10-29 00:41:58 PDT","I","test2@match_com","SurveyManagerService","Scheduling Survey for - KEY_EMA_1130TO1200_CHILD"
"2016-10-29 00:41:58 PDT","I","test2@match_com","SurveyManagerService","Survey KEY_EMA_1130TO1200_CHILD is already scheduled"
"2016-10-29 00:41:58 PDT","I","test2@match_com","SurveyManagerService","Scheduling Survey for - KEY_EMA_1330TO1400_CHILD"
"2016-10-29 00:41:58 PDT","I","test2@match_com","SurveyManagerService","Survey KEY_EMA_1330TO1400_CHILD is already scheduled"
"2016-10-29 00:41:58 PDT","I","test2@match_com","SurveyManagerService","Scheduling Survey for - KEY_EMA_1530TO1600_CHILD"
"2016-10-29 00:41:58 PDT","I","test2@match_com","SurveyManagerService","Survey KEY_EMA_1530TO1600_CHILD is already scheduled"
"2016-10-29 00:41:58 PDT","I","test2@match_com","SurveyManagerService","Scheduling Survey for - KEY_EMA_1730TO1800_CHILD"
"2016-10-29 00:41:58 PDT","I","test2@match_com","SurveyManagerService","Survey KEY_EMA_1730TO1800_CHILD is already scheduled"
"2016-10-29 00:41:58 PDT","I","test2@match_com","SurveyManagerService","Scheduling Survey for - KEY_EMA_1930TO2000_CHILD"
"2016-10-29 00:41:58 PDT","I","test2@match_com","SurveyManagerService","Survey KEY_EMA_1930TO2000_CHILD is already scheduled"
"2016-10-29 00:41:58 PDT","I","test2@match_com","SurveyManagerService","Saliva surveys are already scheduled"
"2016-10-29 00:41:58 PDT","I","test2@match_com","SurveyManagerService","Survey KEY_SALIVA_BEDTIME scheduled for Sat Oct 29 21:46:58 PDT 2016"
"2016-10-29 00:41:58 PDT","I","test2@match_com","SurveyManagerService","Survey Schedule for KEY_EMA_0730TO0800_CHILD is Sat Oct 29 07:47:17 PDT 2016"
"2016-10-29 00:41:58 PDT","I","test2@match_com","SurveyManagerService","Still not time to prompt the survey"
"2016-10-29 00:41:58 PDT","I","test2@match_com","SurveyManagerService","Survey Schedule for KEY_EMA_0930TO1000_CHILD is Sat Oct 29 09:57:24 PDT 2016"
"2016-10-29 00:41:58 PDT","I","test2@match_com","SurveyManagerService","Still not time to prompt the survey"
"2016-10-29 00:41:58 PDT","I","test2@match_com","SurveyManagerService","Survey Schedule for KEY_EMA_1130TO1200_CHILD is Sat Oct 29 11:45:10 PDT 2016"
"2016-10-29 00:41:58 PDT","I","test2@match_com","SurveyManagerService","Still not time to prompt the survey"
"2016-10-29 00:41:58 PDT","I","test2@match_com","SurveyManagerService","Survey Schedule for KEY_EMA_1330TO1400_CHILD is Sat Oct 29 13:44:02 PDT 2016"
"2016-10-29 00:41:58 PDT","I","test2@match_com","SurveyManagerService","Still not time to prompt the survey"
"2016-10-29 00:41:58 PDT","I","test2@match_com","SurveyManagerService","Survey Schedule for KEY_EMA_1530TO1600_CHILD is Sat Oct 29 15:33:41 PDT 2016"
"2016-10-29 00:41:58 PDT","I","test2@match_com","SurveyManagerService","Still not time to prompt the survey"
"2016-10-29 00:41:58 PDT","I","test2@match_com","SurveyManagerService","Survey Schedule for KEY_EMA_1730TO1800_CHILD is Sat Oct 29 17:47:43 PDT 2016"
"2016-10-29 00:41:58 PDT","I","test2@match_com","SurveyManagerService","Still not time to prompt the survey"
"2016-10-29 00:41:58 PDT","I","test2@match_com","SurveyManagerService","Survey Schedule for KEY_EMA_1930TO2000_CHILD is Sat Oct 29 19:36:11 PDT 2016"
"2016-10-29 00:41:58 PDT","I","test2@match_com","SurveyManagerService","Still not time to prompt the survey"
"2016-10-29 00:41:58 PDT","I","test2@match_com","SurveyManagerService","KEY_SALIVA_WAKING is scheduled for Sat Oct 29 06:46:56 PDT 2016"
"2016-10-29 00:41:58 PDT","I","test2@match_com","SurveyManagerService","Prompt KEY_SALIVA_WAKING is in the future - Sat Oct 29 06:46:56 PDT 2016"
"2016-10-29 00:41:58 PDT","I","test2@match_com","SurveyManagerService","KEY_SALIVA_WAKING_PLUS_30 is scheduled for Sat Oct 29 07:16:56 PDT 2016"
"2016-10-29 00:41:58 PDT","I","test2@match_com","SurveyManagerService","Prompt KEY_SALIVA_WAKING_PLUS_30 is in the future - Sat Oct 29 07:16:56 PDT 2016"
"2016-10-29 00:41:58 PDT","I","test2@match_com","SurveyManagerService","KEY_SALIVA_AFTERNOON_4TO430_CHILD is scheduled for Sat Oct 29 16:16:27 PDT 2016"
"2016-10-29 00:41:58 PDT","I","test2@match_com","SurveyManagerService","Prompt KEY_SALIVA_AFTERNOON_4TO430_CHILD is in the future - Sat Oct 29 16:16:27 PDT 2016"
"2016-10-29 00:41:58 PDT","I","test2@match_com","SurveyManagerService","KEY_SALIVA_BEDTIME is scheduled for Sat Oct 29 21:46:58 PDT 2016"
"2016-10-29 00:41:58 PDT","I","test2@match_com","SurveyManagerService","Prompt KEY_SALIVA_BEDTIME is in the future - Sat Oct 29 21:46:58 PDT 2016"
"2016-10-29 00:41:58 PDT","I","test2@match_com","MinuteService","Inside onDestroy"
"2016-10-29 00:41:58 PDT","I","test2@match_com","UploadManagerService","Inside onDestroy"
"2016-10-29 00:41:58 PDT","I","test2@match_com","SurveyManagerService","Inside onDestroy"
"2016-10-29 00:41:58 PDT","I","test2@match_com","Zipper","unzipFileWithEncryption"
"2016-10-29 00:41:58 PDT","I","test2@match_com","Zipper","Deleting File - /storage/emulated/0/.MATCH/data/2016-10-29/00-PDT/GPS.csv.zip"
"2016-10-29 00:41:58 PDT","I","test2@match_com","Zipper","zipFileWithEncryption - /storage/emulated/0/.MATCH/data/2016-10-29/00-PDT/GPS.csv"
"2016-10-29 00:41:58 PDT","I","test2@match_com","Zipper","Creating ZipFile - /storage/emulated/0/.MATCH/data/2016-10-29/00-PDT/GPS.csv.zip"
"2016-10-29 00:41:58 PDT","I","test2@match_com","Zipper","Deleting File - /storage/emulated/0/.MATCH/data/2016-10-29/00-PDT/GPS.csv"
"2016-10-29 00:42:01 PDT","I","test2@match_com","UploadManagerService","Inside onCreate"
"2016-10-29 00:42:01 PDT","I","test2@match_com","UploadManagerService","Processing Logs"
"2016-10-29 00:42:01 PDT","I","test2@match_com","UploadManagerService","Processing Logs for Date - /storage/emulated/0/.MATCH/logs/2016-10-26"
"2016-10-29 00:42:01 PDT","I","test2@match_com","UploadManagerService","Processing Logs for Date - /storage/emulated/0/.MATCH/logs/2016-10-27"
"2016-10-29 00:42:01 PDT","I","test2@match_com","UploadManagerService","Processing Logs for Date - /storage/emulated/0/.MATCH/logs/2016-10-28"
"2016-10-29 00:42:01 PDT","I","test2@match_com","UploadManagerService","Processing Logs for Date - /storage/emulated/0/.MATCH/logs/2016-10-29"
"2016-10-29 00:42:01 PDT","I","test2@match_com","UploadManagerService","Processing Surveys"
"2016-10-29 00:42:01 PDT","I","test2@match_com","UploadManagerService","Processing Data files"
"2016-10-29 00:42:01 PDT","I","test2@match_com","UploadManagerService","Processing data for date - /storage/emulated/0/.MATCH/data/2016-10-26"
"2016-10-29 00:42:01 PDT","I","test2@match_com","UploadManagerService","Processing data for hour /storage/emulated/0/.MATCH/data/2016-10-26/19-PDT.zip.uploaded"
"2016-10-29 00:42:01 PDT","I","test2@match_com","UploadManagerService","Processing data for hour /storage/emulated/0/.MATCH/data/2016-10-26/13-PDT.zip.uploaded"
"2016-10-29 00:42:01 PDT","I","test2@match_com","UploadManagerService","Processing data for hour /storage/emulated/0/.MATCH/data/2016-10-26/14-PDT.zip.uploaded"
"2016-10-29 00:42:01 PDT","I","test2@match_com","UploadManagerService","Processing data for hour /storage/emulated/0/.MATCH/data/2016-10-26/15-PDT.zip.uploaded"
"2016-10-29 00:42:01 PDT","I","test2@match_com","UploadManagerService","Processing data for hour /storage/emulated/0/.MATCH/data/2016-10-26/16-PDT.zip.uploaded"
"2016-10-29 00:42:01 PDT","I","test2@match_com","UploadManagerService","Processing data for hour /storage/emulated/0/.MATCH/data/2016-10-26/17-PDT.zip.uploaded"
"2016-10-29 00:42:01 PDT","I","test2@match_com","UploadManagerService","Processing data for hour /storage/emulated/0/.MATCH/data/2016-10-26/21-PDT.zip.uploaded"
"2016-10-29 00:42:01 PDT","I","test2@match_com","UploadManagerService","Processing data for hour /storage/emulated/0/.MATCH/data/2016-10-26/22-PDT.zip.uploaded"
"2016-10-29 00:42:01 PDT","I","test2@match_com","UploadManagerService","Processing data for hour /storage/emulated/0/.MATCH/data/2016-10-26/18-PDT.zip.uploaded"
"2016-10-29 00:42:01 PDT","I","test2@match_com","UploadManagerService","Processing data for hour /storage/emulated/0/.MATCH/data/2016-10-26/20-PDT.zip.uploaded"
"2016-10-29 00:42:01 PDT","I","test2@match_com","UploadManagerService","Processing data for hour /storage/emulated/0/.MATCH/data/2016-10-26/23-PDT.zip.uploaded"
"2016-10-29 00:42:01 PDT","I","test2@match_com","UploadManagerService","Processing data for date - /storage/emulated/0/.MATCH/data/2016-10-27"
"2016-10-29 00:42:01 PDT","I","test2@match_com","UploadManagerService","Processing data for hour /storage/emulated/0/.MATCH/data/2016-10-27/01-PDT.zip.uploaded"
"2016-10-29 00:42:01 PDT","I","test2@match_com","UploadManagerService","Processing data for hour /storage/emulated/0/.MATCH/data/2016-10-27/03-PDT.zip.uploaded"
"2016-10-29 00:42:01 PDT","I","test2@match_com","UploadManagerService","Processing data for hour /storage/emulated/0/.MATCH/data/2016-10-27/04-PDT.zip.uploaded"
"2016-10-29 00:42:01 PDT","I","test2@match_com","UploadManagerService","Processing data for hour /storage/emulated/0/.MATCH/data/2016-10-27/06-PDT.zip.uploaded"
"2016-10-29 00:42:01 PDT","I","test2@match_com","UploadManagerService","Processing data for hour /storage/emulated/0/.MATCH/data/2016-10-27/00-PDT.zip.uploaded"
"2016-10-29 00:42:01 PDT","I","test2@match_com","UploadManagerService","Processing data for hour /storage/emulated/0/.MATCH/data/2016-10-27/02-PDT.zip.uploaded"
"2016-10-29 00:42:01 PDT","I","test2@match_com","UploadManagerService","Processing data for hour /storage/emulated/0/.MATCH/data/2016-10-27/05-PDT.zip.uploaded"
"2016-10-29 00:42:01 PDT","I","test2@match_com","UploadManagerService","Processing data for date - /storage/emulated/0/.MATCH/data/2016-10-28"
"2016-10-29 00:42:01 PDT","I","test2@match_com","UploadManagerService","Processing data for hour /storage/emulated/0/.MATCH/data/2016-10-28/13-PDT.zip"
"2016-10-29 00:42:01 PDT","I","test2@match_com","UploadManagerService","Processing data for hour /storage/emulated/0/.MATCH/data/2016-10-28/14-PDT.zip"
"2016-10-29 00:42:01 PDT","I","test2@match_com","UploadManagerService","Processing data for hour /storage/emulated/0/.MATCH/data/2016-10-28/15-PDT.zip"
"2016-10-29 00:42:01 PDT","I","test2@match_com","UploadManagerService","Processing data for hour /storage/emulated/0/.MATCH/data/2016-10-28/16-PDT.zip"
"2016-10-29 00:42:01 PDT","I","test2@match_com","UploadManagerService","Processing data for hour /storage/emulated/0/.MATCH/data/2016-10-28/17-PDT.zip"
"2016-10-29 00:42:01 PDT","I","test2@match_com","UploadManagerService","Processing data for hour /storage/emulated/0/.MATCH/data/2016-10-28/18-PDT.zip"
"2016-10-29 00:42:01 PDT","I","test2@match_com","UploadManagerService","Processing data for hour /storage/emulated/0/.MATCH/data/2016-10-28/19-PDT.zip"
"2016-10-29 00:42:01 PDT","I","test2@match_com","UploadManagerService","Processing data for hour /storage/emulated/0/.MATCH/data/2016-10-28/20-PDT.zip"
"2016-10-29 00:42:01 PDT","I","test2@match_com","UploadManagerService","Processing data for hour /storage/emulated/0/.MATCH/data/2016-10-28/21-PDT.zip"
"2016-10-29 00:42:01 PDT","I","test2@match_com","UploadManagerService","Processing data for hour /storage/emulated/0/.MATCH/data/2016-10-28/22-PDT.zip"
"2016-10-29 00:42:01 PDT","I","test2@match_com","UploadManagerService","Processing data for hour /storage/emulated/0/.MATCH/data/2016-10-28/23-PDT.zip"
"2016-10-29 00:42:01 PDT","I","test2@match_com","UploadManagerService","Processing data for date - /storage/emulated/0/.MATCH/data/2016-10-29"
"2016-10-29 00:42:01 PDT","I","test2@match_com","UploadManagerService","Processing data for hour /storage/emulated/0/.MATCH/data/2016-10-29/00-PDT"
"2016-10-29 00:42:01 PDT","I","test2@match_com","UploadManagerService","Internet is not connected. Not trying to upload files."
"2016-10-29 00:42:01 PDT","I","test2@match_com","MinuteService","Inside onCreate"
"2016-10-29 00:42:01 PDT","I","test2@match_com","MinuteService","Minute Service Alarm was set by - MinuteService"
"2016-10-29 00:42:01 PDT","I","test2@match_com","MinuteService","Time since previous run - 4"
"2016-10-29 00:42:01 PDT","I","test2@match_com","MinuteService","Previous run within last 50 seconds, ignoring this run"
"2016-10-29 00:42:01 PDT","I","test2@match_com","UploadManagerService","Inside onDestroy"
"2016-10-29 00:42:01 PDT","I","test2@match_com","MinuteService","Inside onDestroy"
"2016-10-29 00:42:02 PDT","I","test2@match_com","BackupMinuteService","Inside onCreate"
"2016-10-29 00:42:02 PDT","I","test2@match_com","Util","Inside setBackupMinuteServiceAlarm"
"2016-10-29 00:42:02 PDT","I","test2@match_com","Util","BackupMinuteService last run at - Sat Oct 29 00:42:02 PDT 2016"
"2016-10-29 00:42:02 PDT","I","test2@match_com","Util","BackupMinuteService next run at - Sat Oct 29 00:43:02 PDT 2016"
"2016-10-29 00:42:02 PDT","I","test2@match_com","MinuteService","Inside onCreate"
"2016-10-29 00:42:02 PDT","I","test2@match_com","MinuteService","Minute Service Alarm was set by - MinuteService"
"2016-10-29 00:42:02 PDT","I","test2@match_com","MinuteService","Time since previous run - 5"
"2016-10-29 00:42:02 PDT","I","test2@match_com","MinuteService","Previous run within last 50 seconds, ignoring this run"
"2016-10-29 00:42:02 PDT","I","test2@match_com","BackupMinuteService","Inside onDestroy"
"2016-10-29 00:42:02 PDT","I","test2@match_com","MinuteService","Inside onDestroy"
"2016-10-29 00:42:02 PDT","I","test2@match_com","AlwaysOnService","Received Intent - android.intent.action.TIME_TICK"
"2016-10-29 00:42:22 PDT","I","test2@match_com","AlwaysOnService","Received Intent - android.intent.action.BATTERY_CHANGED"
"2016-10-29 00:42:23 PDT","I","test2@match_com","AlwaysOnService","Received Intent - android.intent.action.BATTERY_CHANGED"
"2016-10-29 00:42:57 PDT","I","test2@match_com","MinuteService","Inside onCreate"
"2016-10-29 00:42:57 PDT","I","test2@match_com","MinuteService","Minute Service Alarm was set by - MinuteService"
"2016-10-29 00:42:57 PDT","I","test2@match_com","MinuteService","Time since previous run - 60"
"2016-10-29 00:42:57 PDT","I","test2@match_com","MinuteService","Setting Minute Service Last Run"
"2016-10-29 00:42:57 PDT","I","test2@match_com","MinuteService","Setting Minute Service Alarm"
"2016-10-29 00:42:57 PDT","I","test2@match_com","Util","Inside setMinuteServiceAlarmFromMinuteService"
"2016-10-29 00:42:57 PDT","I","test2@match_com","Util","MinuteService last run at - Sat Oct 29 00:42:57 PDT 2016"
"2016-10-29 00:42:57 PDT","I","test2@match_com","Util","MinuteService next run at - Sat Oct 29 00:43:57 PDT 2016"
"2016-10-29 00:42:57 PDT","I","test2@match_com","MinuteService","Setting Minute Service Backup Alarm"
"2016-10-29 00:42:57 PDT","I","test2@match_com","Util","Inside setBackupMinuteServiceAlarm"
"2016-10-29 00:42:57 PDT","I","test2@match_com","Util","BackupMinuteService last run at - Sat Oct 29 00:42:02 PDT 2016"
"2016-10-29 00:42:57 PDT","I","test2@match_com","Util","BackupMinuteService next run at - Sat Oct 29 00:43:02 PDT 2016"
"2016-10-29 00:42:57 PDT","I","test2@match_com","MinuteService","Initializing MATCHConstants"
"2016-10-29 00:42:57 PDT","I","test2@match_com","MinuteService","Notifying user about minute service run"
"2016-10-29 00:42:57 PDT","I","test2@match_com","MinuteService","Writing status to Firebase Database"
"2016-10-29 00:42:57 PDT","I","test2@match_com","MinuteService","Logging Network Status"
"2016-10-29 00:42:57 PDT","I","test2@match_com","ConnectivityManager","isConnected - false - isWifi - false - isMobileInternet - false"
"2016-10-29 00:42:57 PDT","I","test2@match_com","MinuteService","Logging Battery Status"
"2016-10-29 00:42:57 PDT","I","test2@match_com","BatteryManager","Percentage - 90 - isCharging - true - isUSBCharging - false - isACCharging - true - isWirelessCharging - false"
"2016-10-29 00:42:57 PDT","I","test2@match_com","MinuteService","Logging Memory Status"
"2016-10-29 00:42:57 PDT","I","test2@match_com","MemoryManager","Total Memory,898,Available Memory,411,Threshold Memory,144,IsLowMemory,false"
"2016-10-29 00:42:57 PDT","I","test2@match_com","MinuteService","Logging Storage Status"
"2016-10-29 00:42:57 PDT","I","test2@match_com","StorageManager","Internal Total,2247,Internal Free,589,External Total,4637,External Free,3935"
"2016-10-29 00:42:57 PDT","I","test2@match_com","MinuteService","Logging Power Status"
"2016-10-29 00:42:57 PDT","I","test2@match_com","PowerManager","isDeviceIdleMode - false - isInteractive - false - isPowerSaveMode - false - isSustainedPerformanceModeSupported - false"
"2016-10-29 00:42:57 PDT","I","test2@match_com","MinuteService","Logging Notifications Status"
"2016-10-29 00:42:57 PDT","I","test2@match_com","NotificationManager","AreNotificationsEnabled - true - Importance - Unspecified"
"2016-10-29 00:42:57 PDT","I","test2@match_com","MinuteService","Logging Location"
"2016-10-29 00:42:57 PDT","I","test2@match_com","MinuteService","Fetching latest study data"
"2016-10-29 00:42:57 PDT","I","test2@match_com","MinuteService","Starting UploadManagerService"
"2016-10-29 00:42:57 PDT","I","test2@match_com","MinuteService","Starting SurveyManagerService"
"2016-10-29 00:42:57 PDT","I","test2@match_com","UploadManagerService","Inside onCreate"
"2016-10-29 00:42:57 PDT","I","test2@match_com","UploadManagerService","Processing Logs"
"2016-10-29 00:42:57 PDT","I","test2@match_com","UploadManagerService","Processing Logs for Date - /storage/emulated/0/.MATCH/logs/2016-10-26"
"2016-10-29 00:42:57 PDT","I","test2@match_com","UploadManagerService","Processing Logs for Date - /storage/emulated/0/.MATCH/logs/2016-10-27"
"2016-10-29 00:42:57 PDT","I","test2@match_com","UploadManagerService","Processing Logs for Date - /storage/emulated/0/.MATCH/logs/2016-10-28"
"2016-10-29 00:42:57 PDT","I","test2@match_com","UploadManagerService","Processing Logs for Date - /storage/emulated/0/.MATCH/logs/2016-10-29"
"2016-10-29 00:42:57 PDT","I","test2@match_com","UploadManagerService","Processing Surveys"
"2016-10-29 00:42:57 PDT","I","test2@match_com","UploadManagerService","Processing Data files"
"2016-10-29 00:42:57 PDT","I","test2@match_com","UploadManagerService","Processing data for date - /storage/emulated/0/.MATCH/data/2016-10-26"
"2016-10-29 00:42:57 PDT","I","test2@match_com","UploadManagerService","Processing data for hour /storage/emulated/0/.MATCH/data/2016-10-26/19-PDT.zip.uploaded"
"2016-10-29 00:42:57 PDT","I","test2@match_com","UploadManagerService","Processing data for hour /storage/emulated/0/.MATCH/data/2016-10-26/13-PDT.zip.uploaded"
"2016-10-29 00:42:57 PDT","I","test2@match_com","UploadManagerService","Processing data for hour /storage/emulated/0/.MATCH/data/2016-10-26/14-PDT.zip.uploaded"
"2016-10-29 00:42:57 PDT","I","test2@match_com","UploadManagerService","Processing data for hour /storage/emulated/0/.MATCH/data/2016-10-26/15-PDT.zip.uploaded"
"2016-10-29 00:42:57 PDT","I","test2@match_com","UploadManagerService","Processing data for hour /storage/emulated/0/.MATCH/data/2016-10-26/16-PDT.zip.uploaded"
"2016-10-29 00:42:57 PDT","I","test2@match_com","UploadManagerService","Processing data for hour /storage/emulated/0/.MATCH/data/2016-10-26/17-PDT.zip.uploaded"
"2016-10-29 00:42:57 PDT","I","test2@match_com","UploadManagerService","Processing data for hour /storage/emulated/0/.MATCH/data/2016-10-26/21-PDT.zip.uploaded"
"2016-10-29 00:42:57 PDT","I","test2@match_com","UploadManagerService","Processing data for hour /storage/emulated/0/.MATCH/data/2016-10-26/22-PDT.zip.uploaded"
"2016-10-29 00:42:57 PDT","I","test2@match_com","UploadManagerService","Processing data for hour /storage/emulated/0/.MATCH/data/2016-10-26/18-PDT.zip.uploaded"
"2016-10-29 00:42:57 PDT","I","test2@match_com","UploadManagerService","Processing data for hour /storage/emulated/0/.MATCH/data/2016-10-26/20-PDT.zip.uploaded"
"2016-10-29 00:42:57 PDT","I","test2@match_com","UploadManagerService","Processing data for hour /storage/emulated/0/.MATCH/data/2016-10-26/23-PDT.zip.uploaded"
"2016-10-29 00:42:57 PDT","I","test2@match_com","UploadManagerService","Processing data for date - /storage/emulated/0/.MATCH/data/2016-10-27"
"2016-10-29 00:42:57 PDT","I","test2@match_com","UploadManagerService","Processing data for hour /storage/emulated/0/.MATCH/data/2016-10-27/01-PDT.zip.uploaded"
"2016-10-29 00:42:57 PDT","I","test2@match_com","UploadManagerService","Processing data for hour /storage/emulated/0/.MATCH/data/2016-10-27/03-PDT.zip.uploaded"
"2016-10-29 00:42:57 PDT","I","test2@match_com","UploadManagerService","Processing data for hour /storage/emulated/0/.MATCH/data/2016-10-27/04-PDT.zip.uploaded"
"2016-10-29 00:42:57 PDT","I","test2@match_com","UploadManagerService","Processing data for hour /storage/emulated/0/.MATCH/data/2016-10-27/06-PDT.zip.uploaded"
"2016-10-29 00:42:57 PDT","I","test2@match_com","UploadManagerService","Processing data for hour /storage/emulated/0/.MATCH/data/2016-10-27/00-PDT.zip.uploaded"
"2016-10-29 00:42:57 PDT","I","test2@match_com","UploadManagerService","Processing data for hour /storage/emulated/0/.MATCH/data/2016-10-27/02-PDT.zip.uploaded"
"2016-10-29 00:42:57 PDT","I","test2@match_com","UploadManagerService","Processing data for hour /storage/emulated/0/.MATCH/data/2016-10-27/05-PDT.zip.uploaded"
"2016-10-29 00:42:57 PDT","I","test2@match_com","UploadManagerService","Processing data for date - /storage/emulated/0/.MATCH/data/2016-10-28"
"2016-10-29 00:42:57 PDT","I","test2@match_com","UploadManagerService","Processing data for hour /storage/emulated/0/.MATCH/data/2016-10-28/13-PDT.zip"
"2016-10-29 00:42:58 PDT","I","test2@match_com","UploadManagerService","Processing data for hour /storage/emulated/0/.MATCH/data/2016-10-28/14-PDT.zip"
"2016-10-29 00:42:58 PDT","I","test2@match_com","UploadManagerService","Processing data for hour /storage/emulated/0/.MATCH/data/2016-10-28/15-PDT.zip"
"2016-10-29 00:42:58 PDT","I","test2@match_com","UploadManagerService","Processing data for hour /storage/emulated/0/.MATCH/data/2016-10-28/16-PDT.zip"
"2016-10-29 00:42:58 PDT","I","test2@match_com","UploadManagerService","Processing data for hour /storage/emulated/0/.MATCH/data/2016-10-28/17-PDT.zip"
"2016-10-29 00:42:58 PDT","I","test2@match_com","UploadManagerService","Processing data for hour /storage/emulated/0/.MATCH/data/2016-10-28/18-PDT.zip"
"2016-10-29 00:42:58 PDT","I","test2@match_com","UploadManagerService","Processing data for hour /storage/emulated/0/.MATCH/data/2016-10-28/19-PDT.zip"
"2016-10-29 00:42:58 PDT","I","test2@match_com","UploadManagerService","Processing data for hour /storage/emulated/0/.MATCH/data/2016-10-28/20-PDT.zip"
"2016-10-29 00:42:58 PDT","I","test2@match_com","UploadManagerService","Processing data for hour /storage/emulated/0/.MATCH/data/2016-10-28/21-PDT.zip"
"2016-10-29 00:42:58 PDT","I","test2@match_com","UploadManagerService","Processing data for hour /storage/emulated/0/.MATCH/data/2016-10-28/22-PDT.zip"
"2016-10-29 00:42:58 PDT","I","test2@match_com","UploadManagerService","Processing data for hour /storage/emulated/0/.MATCH/data/2016-10-28/23-PDT.zip"
"2016-10-29 00:42:58 PDT","I","test2@match_com","UploadManagerService","Processing data for date - /storage/emulated/0/.MATCH/data/2016-10-29"
"2016-10-29 00:42:58 PDT","I","test2@match_com","UploadManagerService","Processing data for hour /storage/emulated/0/.MATCH/data/2016-10-29/00-PDT"
"2016-10-29 00:42:58 PDT","I","test2@match_com","UploadManagerService","Internet is not connected. Not trying to upload files."
"2016-10-29 00:42:58 PDT","I","test2@match_com","SurveyManagerService","Inside onCreate"
"2016-10-29 00:42:58 PDT","I","test2@match_com","SurveyManagerService","Current time is - Sat Oct 29 00:42:58 PDT 2016"
"2016-10-29 00:42:58 PDT","I","test2@match_com","SurveyManagerService","Start Date is - Tue Oct 25 19:00:00 PDT 2016"
"2016-10-29 00:42:58 PDT","I","test2@match_com","SurveyManagerService","End Date is - Tue Nov 01 16:00:00 PDT 2016"
"2016-10-29 00:42:58 PDT","I","test2@match_com","SurveyManagerService","Scheduling Survey for - KEY_EMA_0730TO0800_CHILD"
"2016-10-29 00:42:58 PDT","I","test2@match_com","SurveyManagerService","Survey KEY_EMA_0730TO0800_CHILD is already scheduled"
"2016-10-29 00:42:58 PDT","I","test2@match_com","SurveyManagerService","Scheduling Survey for - KEY_EMA_0930TO1000_CHILD"
"2016-10-29 00:42:58 PDT","I","test2@match_com","SurveyManagerService","Survey KEY_EMA_0930TO1000_CHILD is already scheduled"
"2016-10-29 00:42:58 PDT","I","test2@match_com","SurveyManagerService","Scheduling Survey for - KEY_EMA_1130TO1200_CHILD"
"2016-10-29 00:42:58 PDT","I","test2@match_com","SurveyManagerService","Survey KEY_EMA_1130TO1200_CHILD is already scheduled"
"2016-10-29 00:42:58 PDT","I","test2@match_com","SurveyManagerService","Scheduling Survey for - KEY_EMA_1330TO1400_CHILD"
"2016-10-29 00:42:58 PDT","I","test2@match_com","SurveyManagerService","Survey KEY_EMA_1330TO1400_CHILD is already scheduled"
"2016-10-29 00:42:58 PDT","I","test2@match_com","SurveyManagerService","Scheduling Survey for - KEY_EMA_1530TO1600_CHILD"
"2016-10-29 00:42:58 PDT","I","test2@match_com","SurveyManagerService","Survey KEY_EMA_1530TO1600_CHILD is already scheduled"
"2016-10-29 00:42:58 PDT","I","test2@match_com","SurveyManagerService","Scheduling Survey for - KEY_EMA_1730TO1800_CHILD"
"2016-10-29 00:42:58 PDT","I","test2@match_com","SurveyManagerService","Survey KEY_EMA_1730TO1800_CHILD is already scheduled"
"2016-10-29 00:42:58 PDT","I","test2@match_com","SurveyManagerService","Scheduling Survey for - KEY_EMA_1930TO2000_CHILD"
"2016-10-29 00:42:58 PDT","I","test2@match_com","SurveyManagerService","Survey KEY_EMA_1930TO2000_CHILD is already scheduled"
"2016-10-29 00:42:58 PDT","I","test2@match_com","SurveyManagerService","Saliva surveys are already scheduled"
"2016-10-29 00:42:58 PDT","I","test2@match_com","SurveyManagerService","Survey KEY_SALIVA_BEDTIME scheduled for Sat Oct 29 21:46:58 PDT 2016"
"2016-10-29 00:42:58 PDT","I","test2@match_com","SurveyManagerService","Survey Schedule for KEY_EMA_0730TO0800_CHILD is Sat Oct 29 07:47:17 PDT 2016"
"2016-10-29 00:42:58 PDT","I","test2@match_com","SurveyManagerService","Still not time to prompt the survey"
"2016-10-29 00:42:58 PDT","I","test2@match_com","SurveyManagerService","Survey Schedule for KEY_EMA_0930TO1000_CHILD is Sat Oct 29 09:57:24 PDT 2016"
"2016-10-29 00:42:58 PDT","I","test2@match_com","SurveyManagerService","Still not time to prompt the survey"
"2016-10-29 00:42:58 PDT","I","test2@match_com","SurveyManagerService","Survey Schedule for KEY_EMA_1130TO1200_CHILD is Sat Oct 29 11:45:10 PDT 2016"
"2016-10-29 00:42:58 PDT","I","test2@match_com","SurveyManagerService","Still not time to prompt the survey"
"2016-10-29 00:42:58 PDT","I","test2@match_com","SurveyManagerService","Survey Schedule for KEY_EMA_1330TO1400_CHILD is Sat Oct 29 13:44:02 PDT 2016"
"2016-10-29 00:42:58 PDT","I","test2@match_com","SurveyManagerService","Still not time to prompt the survey"
"2016-10-29 00:42:58 PDT","I","test2@match_com","SurveyManagerService","Survey Schedule for KEY_EMA_1530TO1600_CHILD is Sat Oct 29 15:33:41 PDT 2016"
"2016-10-29 00:42:58 PDT","I","test2@match_com","SurveyManagerService","Still not time to prompt the survey"
"2016-10-29 00:42:58 PDT","I","test2@match_com","SurveyManagerService","Survey Schedule for KEY_EMA_1730TO1800_CHILD is Sat Oct 29 17:47:43 PDT 2016"
"2016-10-29 00:42:58 PDT","I","test2@match_com","SurveyManagerService","Still not time to prompt the survey"
"2016-10-29 00:42:58 PDT","I","test2@match_com","SurveyManagerService","Survey Schedule for KEY_EMA_1930TO2000_CHILD is Sat Oct 29 19:36:11 PDT 2016"
"2016-10-29 00:42:58 PDT","I","test2@match_com","SurveyManagerService","Still not time to prompt the survey"
"2016-10-29 00:42:58 PDT","I","test2@match_com","SurveyManagerService","KEY_SALIVA_WAKING is scheduled for Sat Oct 29 06:46:56 PDT 2016"
"2016-10-29 00:42:58 PDT","I","test2@match_com","SurveyManagerService","Prompt KEY_SALIVA_WAKING is in the future - Sat Oct 29 06:46:56 PDT 2016"
"2016-10-29 00:42:58 PDT","I","test2@match_com","SurveyManagerService","KEY_SALIVA_WAKING_PLUS_30 is scheduled for Sat Oct 29 07:16:56 PDT 2016"
"2016-10-29 00:42:58 PDT","I","test2@match_com","SurveyManagerService","Prompt KEY_SALIVA_WAKING_PLUS_30 is in the future - Sat Oct 29 07:16:56 PDT 2016"
"2016-10-29 00:42:58 PDT","I","test2@match_com","SurveyManagerService","KEY_SALIVA_AFTERNOON_4TO430_CHILD is scheduled for Sat Oct 29 16:16:27 PDT 2016"
"2016-10-29 00:42:58 PDT","I","test2@match_com","SurveyManagerService","Prompt KEY_SALIVA_AFTERNOON_4TO430_CHILD is in the future - Sat Oct 29 16:16:27 PDT 2016"
"2016-10-29 00:42:58 PDT","I","test2@match_com","SurveyManagerService","KEY_SALIVA_BEDTIME is scheduled for Sat Oct 29 21:46:58 PDT 2016"
"2016-10-29 00:42:58 PDT","I","test2@match_com","SurveyManagerService","Prompt KEY_SALIVA_BEDTIME is in the future - Sat Oct 29 21:46:58 PDT 2016"
"2016-10-29 00:42:58 PDT","I","test2@match_com","MinuteService","Inside onDestroy"
"2016-10-29 00:42:58 PDT","I","test2@match_com","UploadManagerService","Inside onDestroy"
"2016-10-29 00:42:58 PDT","I","test2@match_com","SurveyManagerService","Inside onDestroy"
"2016-10-29 00:42:58 PDT","I","test2@match_com","Zipper","unzipFileWithEncryption"
"2016-10-29 00:42:58 PDT","I","test2@match_com","Zipper","Deleting File - /storage/emulated/0/.MATCH/data/2016-10-29/00-PDT/GPS.csv.zip"
"2016-10-29 00:42:58 PDT","I","test2@match_com","Zipper","zipFileWithEncryption - /storage/emulated/0/.MATCH/data/2016-10-29/00-PDT/GPS.csv"
"2016-10-29 00:42:58 PDT","I","test2@match_com","Zipper","Creating ZipFile - /storage/emulated/0/.MATCH/data/2016-10-29/00-PDT/GPS.csv.zip"
"2016-10-29 00:42:58 PDT","I","test2@match_com","Zipper","Deleting File - /storage/emulated/0/.MATCH/data/2016-10-29/00-PDT/GPS.csv"
"2016-10-29 00:43:01 PDT","I","test2@match_com","UploadManagerService","Inside onCreate"
"2016-10-29 00:43:01 PDT","I","test2@match_com","UploadManagerService","Processing Logs"
"2016-10-29 00:43:01 PDT","I","test2@match_com","UploadManagerService","Processing Logs for Date - /storage/emulated/0/.MATCH/logs/2016-10-26"
"2016-10-29 00:43:01 PDT","I","test2@match_com","UploadManagerService","Processing Logs for Date - /storage/emulated/0/.MATCH/logs/2016-10-27"
"2016-10-29 00:43:01 PDT","I","test2@match_com","UploadManagerService","Processing Logs for Date - /storage/emulated/0/.MATCH/logs/2016-10-28"
"2016-10-29 00:43:01 PDT","I","test2@match_com","UploadManagerService","Processing Logs for Date - /storage/emulated/0/.MATCH/logs/2016-10-29"
"2016-10-29 00:43:01 PDT","I","test2@match_com","UploadManagerService","Processing Surveys"
"2016-10-29 00:43:01 PDT","I","test2@match_com","UploadManagerService","Processing Data files"
"2016-10-29 00:43:01 PDT","I","test2@match_com","UploadManagerService","Processing data for date - /storage/emulated/0/.MATCH/data/2016-10-26"
"2016-10-29 00:43:01 PDT","I","test2@match_com","UploadManagerService","Processing data for hour /storage/emulated/0/.MATCH/data/2016-10-26/19-PDT.zip.uploaded"
"2016-10-29 00:43:01 PDT","I","test2@match_com","UploadManagerService","Processing data for hour /storage/emulated/0/.MATCH/data/2016-10-26/13-PDT.zip.uploaded"
"2016-10-29 00:43:01 PDT","I","test2@match_com","UploadManagerService","Processing data for hour /storage/emulated/0/.MATCH/data/2016-10-26/14-PDT.zip.uploaded"
"2016-10-29 00:43:01 PDT","I","test2@match_com","UploadManagerService","Processing data for hour /storage/emulated/0/.MATCH/data/2016-10-26/15-PDT.zip.uploaded"
"2016-10-29 00:43:01 PDT","I","test2@match_com","UploadManagerService","Processing data for hour /storage/emulated/0/.MATCH/data/2016-10-26/16-PDT.zip.uploaded"
"2016-10-29 00:43:01 PDT","I","test2@match_com","UploadManagerService","Processing data for hour /storage/emulated/0/.MATCH/data/2016-10-26/17-PDT.zip.uploaded"
"2016-10-29 00:43:01 PDT","I","test2@match_com","UploadManagerService","Processing data for hour /storage/emulated/0/.MATCH/data/2016-10-26/21-PDT.zip.uploaded"
"2016-10-29 00:43:01 PDT","I","test2@match_com","UploadManagerService","Processing data for hour /storage/emulated/0/.MATCH/data/2016-10-26/22-PDT.zip.uploaded"
"2016-10-29 00:43:01 PDT","I","test2@match_com","UploadManagerService","Processing data for hour /storage/emulated/0/.MATCH/data/2016-10-26/18-PDT.zip.uploaded"
"2016-10-29 00:43:01 PDT","I","test2@match_com","UploadManagerService","Processing data for hour /storage/emulated/0/.MATCH/data/2016-10-26/20-PDT.zip.uploaded"
"2016-10-29 00:43:01 PDT","I","test2@match_com","UploadManagerService","Processing data for hour /storage/emulated/0/.MATCH/data/2016-10-26/23-PDT.zip.uploaded"
"2016-10-29 00:43:01 PDT","I","test2@match_com","UploadManagerService","Processing data for date - /storage/emulated/0/.MATCH/data/2016-10-27"
"2016-10-29 00:43:01 PDT","I","test2@match_com","UploadManagerService","Processing data for hour /storage/emulated/0/.MATCH/data/2016-10-27/01-PDT.zip.uploaded"
"2016-10-29 00:43:01 PDT","I","test2@match_com","UploadManagerService","Processing data for hour /storage/emulated/0/.MATCH/data/2016-10-27/03-PDT.zip.uploaded"
"2016-10-29 00:43:01 PDT","I","test2@match_com","UploadManagerService","Processing data for hour /storage/emulated/0/.MATCH/data/2016-10-27/04-PDT.zip.uploaded"
"2016-10-29 00:43:01 PDT","I","test2@match_com","UploadManagerService","Processing data for hour /storage/emulated/0/.MATCH/data/2016-10-27/06-PDT.zip.uploaded"
"2016-10-29 00:43:01 PDT","I","test2@match_com","UploadManagerService","Processing data for hour /storage/emulated/0/.MATCH/data/2016-10-27/00-PDT.zip.uploaded"
"2016-10-29 00:43:01 PDT","I","test2@match_com","UploadManagerService","Processing data for hour /storage/emulated/0/.MATCH/data/2016-10-27/02-PDT.zip.uploaded"
"2016-10-29 00:43:01 PDT","I","test2@match_com","UploadManagerService","Processing data for hour /storage/emulated/0/.MATCH/data/2016-10-27/05-PDT.zip.uploaded"
"2016-10-29 00:43:01 PDT","I","test2@match_com","UploadManagerService","Processing data for date - /storage/emulated/0/.MATCH/data/2016-10-28"
"2016-10-29 00:43:01 PDT","I","test2@match_com","UploadManagerService","Processing data for hour /storage/emulated/0/.MATCH/data/2016-10-28/13-PDT.zip"
"2016-10-29 00:43:01 PDT","I","test2@match_com","UploadManagerService","Processing data for hour /storage/emulated/0/.MATCH/data/2016-10-28/14-PDT.zip"
"2016-10-29 00:43:01 PDT","I","test2@match_com","UploadManagerService","Processing data for hour /storage/emulated/0/.MATCH/data/2016-10-28/15-PDT.zip"
"2016-10-29 00:43:01 PDT","I","test2@match_com","UploadManagerService","Processing data for hour /storage/emulated/0/.MATCH/data/2016-10-28/16-PDT.zip"
"2016-10-29 00:43:01 PDT","I","test2@match_com","UploadManagerService","Processing data for hour /storage/emulated/0/.MATCH/data/2016-10-28/17-PDT.zip"
"2016-10-29 00:43:01 PDT","I","test2@match_com","UploadManagerService","Processing data for hour /storage/emulated/0/.MATCH/data/2016-10-28/18-PDT.zip"
"2016-10-29 00:43:01 PDT","I","test2@match_com","UploadManagerService","Processing data for hour /storage/emulated/0/.MATCH/data/2016-10-28/19-PDT.zip"
"2016-10-29 00:43:01 PDT","I","test2@match_com","UploadManagerService","Processing data for hour /storage/emulated/0/.MATCH/data/2016-10-28/20-PDT.zip"
"2016-10-29 00:43:01 PDT","I","test2@match_com","UploadManagerService","Processing data for hour /storage/emulated/0/.MATCH/data/2016-10-28/21-PDT.zip"
"2016-10-29 00:43:01 PDT","I","test2@match_com","UploadManagerService","Processing data for hour /storage/emulated/0/.MATCH/data/2016-10-28/22-PDT.zip"
"2016-10-29 00:43:01 PDT","I","test2@match_com","UploadManagerService","Processing data for hour /storage/emulated/0/.MATCH/data/2016-10-28/23-PDT.zip"
"2016-10-29 00:43:01 PDT","I","test2@match_com","UploadManagerService","Processing data for date - /storage/emulated/0/.MATCH/data/2016-10-29"
"2016-10-29 00:43:01 PDT","I","test2@match_com","UploadManagerService","Processing data for hour /storage/emulated/0/.MATCH/data/2016-10-29/00-PDT"
"2016-10-29 00:43:01 PDT","I","test2@match_com","UploadManagerService","Internet is not connected. Not trying to upload files."
"2016-10-29 00:43:01 PDT","I","test2@match_com","MinuteService","Inside onCreate"
"2016-10-29 00:43:01 PDT","I","test2@match_com","MinuteService","Minute Service Alarm was set by - MinuteService"
"2016-10-29 00:43:01 PDT","I","test2@match_com","MinuteService","Time since previous run - 4"
"2016-10-29 00:43:01 PDT","I","test2@match_com","MinuteService","Previous run within last 50 seconds, ignoring this run"
"2016-10-29 00:43:01 PDT","I","test2@match_com","UploadManagerService","Inside onDestroy"
"2016-10-29 00:43:01 PDT","I","test2@match_com","MinuteService","Inside onDestroy"
"2016-10-29 00:43:02 PDT","I","test2@match_com","BackupMinuteService","Inside onCreate"
"2016-10-29 00:43:02 PDT","I","test2@match_com","Util","Inside setBackupMinuteServiceAlarm"
"2016-10-29 00:43:02 PDT","I","test2@match_com","Util","BackupMinuteService last run at - Sat Oct 29 00:43:02 PDT 2016"
"2016-10-29 00:43:02 PDT","I","test2@match_com","Util","BackupMinuteService next run at - Sat Oct 29 00:44:02 PDT 2016"
"2016-10-29 00:43:02 PDT","I","test2@match_com","MinuteService","Inside onCreate"
"2016-10-29 00:43:02 PDT","I","test2@match_com","MinuteService","Minute Service Alarm was set by - MinuteService"
"2016-10-29 00:43:02 PDT","I","test2@match_com","MinuteService","Time since previous run - 5"
"2016-10-29 00:43:02 PDT","I","test2@match_com","MinuteService","Previous run within last 50 seconds, ignoring this run"
"2016-10-29 00:43:02 PDT","I","test2@match_com","BackupMinuteService","Inside onDestroy"
"2016-10-29 00:43:02 PDT","I","test2@match_com","MinuteService","Inside onDestroy"
"2016-10-29 00:43:02 PDT","I","test2@match_com","AlwaysOnService","Received Intent - android.intent.action.TIME_TICK"
"2016-10-29 00:43:22 PDT","I","test2@match_com","AlwaysOnService","Received Intent - android.intent.action.BATTERY_CHANGED"
"2016-10-29 00:43:23 PDT","I","test2@match_com","AlwaysOnService","Received Intent - android.intent.action.BATTERY_CHANGED"
"2016-10-29 00:43:57 PDT","I","test2@match_com","MinuteService","Inside onCreate"
"2016-10-29 00:43:57 PDT","I","test2@match_com","MinuteService","Minute Service Alarm was set by - MinuteService"
"2016-10-29 00:43:57 PDT","I","test2@match_com","MinuteService","Time since previous run - 60"
"2016-10-29 00:43:57 PDT","I","test2@match_com","MinuteService","Setting Minute Service Last Run"
"2016-10-29 00:43:57 PDT","I","test2@match_com","MinuteService","Setting Minute Service Alarm"
"2016-10-29 00:43:57 PDT","I","test2@match_com","Util","Inside setMinuteServiceAlarmFromMinuteService"
"2016-10-29 00:43:57 PDT","I","test2@match_com","Util","MinuteService last run at - Sat Oct 29 00:43:57 PDT 2016"
"2016-10-29 00:43:57 PDT","I","test2@match_com","Util","MinuteService next run at - Sat Oct 29 00:44:57 PDT 2016"
"2016-10-29 00:43:57 PDT","I","test2@match_com","MinuteService","Setting Minute Service Backup Alarm"
"2016-10-29 00:43:57 PDT","I","test2@match_com","Util","Inside setBackupMinuteServiceAlarm"
"2016-10-29 00:43:57 PDT","I","test2@match_com","Util","BackupMinuteService last run at - Sat Oct 29 00:43:02 PDT 2016"
"2016-10-29 00:43:57 PDT","I","test2@match_com","Util","BackupMinuteService next run at - Sat Oct 29 00:44:02 PDT 2016"
"2016-10-29 00:43:57 PDT","I","test2@match_com","MinuteService","Initializing MATCHConstants"
"2016-10-29 00:43:57 PDT","I","test2@match_com","MinuteService","Notifying user about minute service run"
"2016-10-29 00:43:57 PDT","I","test2@match_com","MinuteService","Writing status to Firebase Database"
"2016-10-29 00:43:57 PDT","I","test2@match_com","MinuteService","Logging Network Status"
"2016-10-29 00:43:57 PDT","I","test2@match_com","ConnectivityManager","isConnected - false - isWifi - false - isMobileInternet - false"
"2016-10-29 00:43:57 PDT","I","test2@match_com","MinuteService","Logging Battery Status"
"2016-10-29 00:43:57 PDT","I","test2@match_com","BatteryManager","Percentage - 90 - isCharging - true - isUSBCharging - false - isACCharging - true - isWirelessCharging - false"
"2016-10-29 00:43:57 PDT","I","test2@match_com","MinuteService","Logging Memory Status"
"2016-10-29 00:43:57 PDT","I","test2@match_com","MemoryManager","Total Memory,898,Available Memory,410,Threshold Memory,144,IsLowMemory,false"
"2016-10-29 00:43:57 PDT","I","test2@match_com","MinuteService","Logging Storage Status"
"2016-10-29 00:43:57 PDT","I","test2@match_com","StorageManager","Internal Total,2247,Internal Free,589,External Total,4637,External Free,3935"
"2016-10-29 00:43:57 PDT","I","test2@match_com","MinuteService","Logging Power Status"
"2016-10-29 00:43:57 PDT","I","test2@match_com","PowerManager","isDeviceIdleMode - false - isInteractive - false - isPowerSaveMode - false - isSustainedPerformanceModeSupported - false"
"2016-10-29 00:43:57 PDT","I","test2@match_com","MinuteService","Logging Notifications Status"
"2016-10-29 00:43:57 PDT","I","test2@match_com","NotificationManager","AreNotificationsEnabled - true - Importance - Unspecified"
"2016-10-29 00:43:57 PDT","I","test2@match_com","MinuteService","Logging Location"
"2016-10-29 00:43:57 PDT","I","test2@match_com","MinuteService","Fetching latest study data"
"2016-10-29 00:43:57 PDT","I","test2@match_com","MinuteService","Starting UploadManagerService"
"2016-10-29 00:43:57 PDT","I","test2@match_com","MinuteService","Starting SurveyManagerService"
"2016-10-29 00:43:57 PDT","I","test2@match_com","UploadManagerService","Inside onCreate"
"2016-10-29 00:43:57 PDT","I","test2@match_com","UploadManagerService","Processing Logs"
"2016-10-29 00:43:57 PDT","I","test2@match_com","UploadManagerService","Processing Logs for Date - /storage/emulated/0/.MATCH/logs/2016-10-26"
"2016-10-29 00:43:57 PDT","I","test2@match_com","UploadManagerService","Processing Logs for Date - /storage/emulated/0/.MATCH/logs/2016-10-27"
"2016-10-29 00:43:57 PDT","I","test2@match_com","UploadManagerService","Processing Logs for Date - /storage/emulated/0/.MATCH/logs/2016-10-28"
"2016-10-29 00:43:57 PDT","I","test2@match_com","UploadManagerService","Processing Logs for Date - /storage/emulated/0/.MATCH/logs/2016-10-29"
"2016-10-29 00:43:57 PDT","I","test2@match_com","UploadManagerService","Processing Surveys"
"2016-10-29 00:43:57 PDT","I","test2@match_com","UploadManagerService","Processing Data files"
"2016-10-29 00:43:57 PDT","I","test2@match_com","UploadManagerService","Processing data for date - /storage/emulated/0/.MATCH/data/2016-10-26"
"2016-10-29 00:43:57 PDT","I","test2@match_com","UploadManagerService","Processing data for hour /storage/emulated/0/.MATCH/data/2016-10-26/19-PDT.zip.uploaded"
"2016-10-29 00:43:57 PDT","I","test2@match_com","UploadManagerService","Processing data for hour /storage/emulated/0/.MATCH/data/2016-10-26/13-PDT.zip.uploaded"
"2016-10-29 00:43:57 PDT","I","test2@match_com","UploadManagerService","Processing data for hour /storage/emulated/0/.MATCH/data/2016-10-26/14-PDT.zip.uploaded"
"2016-10-29 00:43:57 PDT","I","test2@match_com","UploadManagerService","Processing data for hour /storage/emulated/0/.MATCH/data/2016-10-26/15-PDT.zip.uploaded"
"2016-10-29 00:43:57 PDT","I","test2@match_com","UploadManagerService","Processing data for hour /storage/emulated/0/.MATCH/data/2016-10-26/16-PDT.zip.uploaded"
"2016-10-29 00:43:57 PDT","I","test2@match_com","UploadManagerService","Processing data for hour /storage/emulated/0/.MATCH/data/2016-10-26/17-PDT.zip.uploaded"
"2016-10-29 00:43:57 PDT","I","test2@match_com","UploadManagerService","Processing data for hour /storage/emulated/0/.MATCH/data/2016-10-26/21-PDT.zip.uploaded"
"2016-10-29 00:43:57 PDT","I","test2@match_com","UploadManagerService","Processing data for hour /storage/emulated/0/.MATCH/data/2016-10-26/22-PDT.zip.uploaded"
"2016-10-29 00:43:57 PDT","I","test2@match_com","UploadManagerService","Processing data for hour /storage/emulated/0/.MATCH/data/2016-10-26/18-PDT.zip.uploaded"
"2016-10-29 00:43:57 PDT","I","test2@match_com","UploadManagerService","Processing data for hour /storage/emulated/0/.MATCH/data/2016-10-26/20-PDT.zip.uploaded"
"2016-10-29 00:43:57 PDT","I","test2@match_com","UploadManagerService","Processing data for hour /storage/emulated/0/.MATCH/data/2016-10-26/23-PDT.zip.uploaded"
"2016-10-29 00:43:57 PDT","I","test2@match_com","UploadManagerService","Processing data for date - /storage/emulated/0/.MATCH/data/2016-10-27"
"2016-10-29 00:43:57 PDT","I","test2@match_com","UploadManagerService","Processing data for hour /storage/emulated/0/.MATCH/data/2016-10-27/01-PDT.zip.uploaded"
"2016-10-29 00:43:57 PDT","I","test2@match_com","UploadManagerService","Processing data for hour /storage/emulated/0/.MATCH/data/2016-10-27/03-PDT.zip.uploaded"
"2016-10-29 00:43:57 PDT","I","test2@match_com","UploadManagerService","Processing data for hour /storage/emulated/0/.MATCH/data/2016-10-27/04-PDT.zip.uploaded"
"2016-10-29 00:43:57 PDT","I","test2@match_com","UploadManagerService","Processing data for hour /storage/emulated/0/.MATCH/data/2016-10-27/06-PDT.zip.uploaded"
"2016-10-29 00:43:57 PDT","I","test2@match_com","UploadManagerService","Processing data for hour /storage/emulated/0/.MATCH/data/2016-10-27/00-PDT.zip.uploaded"
"2016-10-29 00:43:57 PDT","I","test2@match_com","UploadManagerService","Processing data for hour /storage/emulated/0/.MATCH/data/2016-10-27/02-PDT.zip.uploaded"
"2016-10-29 00:43:57 PDT","I","test2@match_com","UploadManagerService","Processing data for hour /storage/emulated/0/.MATCH/data/2016-10-27/05-PDT.zip.uploaded"
"2016-10-29 00:43:57 PDT","I","test2@match_com","UploadManagerService","Processing data for date - /storage/emulated/0/.MATCH/data/2016-10-28"
"2016-10-29 00:43:58 PDT","I","test2@match_com","UploadManagerService","Processing data for hour /storage/emulated/0/.MATCH/data/2016-10-28/13-PDT.zip"
"2016-10-29 00:43:58 PDT","I","test2@match_com","UploadManagerService","Processing data for hour /storage/emulated/0/.MATCH/data/2016-10-28/14-PDT.zip"
"2016-10-29 00:43:58 PDT","I","test2@match_com","UploadManagerService","Processing data for hour /storage/emulated/0/.MATCH/data/2016-10-28/15-PDT.zip"
"2016-10-29 00:43:58 PDT","I","test2@match_com","UploadManagerService","Processing data for hour /storage/emulated/0/.MATCH/data/2016-10-28/16-PDT.zip"
"2016-10-29 00:43:58 PDT","I","test2@match_com","UploadManagerService","Processing data for hour /storage/emulated/0/.MATCH/data/2016-10-28/17-PDT.zip"
"2016-10-29 00:43:58 PDT","I","test2@match_com","UploadManagerService","Processing data for hour /storage/emulated/0/.MATCH/data/2016-10-28/18-PDT.zip"
"2016-10-29 00:43:58 PDT","I","test2@match_com","UploadManagerService","Processing data for hour /storage/emulated/0/.MATCH/data/2016-10-28/19-PDT.zip"
"2016-10-29 00:43:58 PDT","I","test2@match_com","UploadManagerService","Processing data for hour /storage/emulated/0/.MATCH/data/2016-10-28/20-PDT.zip"
"2016-10-29 00:43:58 PDT","I","test2@match_com","UploadManagerService","Processing data for hour /storage/emulated/0/.MATCH/data/2016-10-28/21-PDT.zip"
"2016-10-29 00:43:58 PDT","I","test2@match_com","UploadManagerService","Processing data for hour /storage/emulated/0/.MATCH/data/2016-10-28/22-PDT.zip"
"2016-10-29 00:43:58 PDT","I","test2@match_com","UploadManagerService","Processing data for hour /storage/emulated/0/.MATCH/data/2016-10-28/23-PDT.zip"
"2016-10-29 00:43:58 PDT","I","test2@match_com","UploadManagerService","Processing data for date - /storage/emulated/0/.MATCH/data/2016-10-29"
"2016-10-29 00:43:58 PDT","I","test2@match_com","UploadManagerService","Processing data for hour /storage/emulated/0/.MATCH/data/2016-10-29/00-PDT"
"2016-10-29 00:43:58 PDT","I","test2@match_com","UploadManagerService","Internet is not connected. Not trying to upload files."
"2016-10-29 00:43:58 PDT","I","test2@match_com","SurveyManagerService","Inside onCreate"
"2016-10-29 00:43:58 PDT","I","test2@match_com","SurveyManagerService","Current time is - Sat Oct 29 00:43:58 PDT 2016"
"2016-10-29 00:43:58 PDT","I","test2@match_com","SurveyManagerService","Start Date is - Tue Oct 25 19:00:00 PDT 2016"
"2016-10-29 00:43:58 PDT","I","test2@match_com","SurveyManagerService","End Date is - Tue Nov 01 16:00:00 PDT 2016"
"2016-10-29 00:43:58 PDT","I","test2@match_com","SurveyManagerService","Scheduling Survey for - KEY_EMA_0730TO0800_CHILD"
"2016-10-29 00:43:58 PDT","I","test2@match_com","SurveyManagerService","Survey KEY_EMA_0730TO0800_CHILD is already scheduled"
"2016-10-29 00:43:58 PDT","I","test2@match_com","SurveyManagerService","Scheduling Survey for - KEY_EMA_0930TO1000_CHILD"
"2016-10-29 00:43:58 PDT","I","test2@match_com","SurveyManagerService","Survey KEY_EMA_0930TO1000_CHILD is already scheduled"
"2016-10-29 00:43:58 PDT","I","test2@match_com","SurveyManagerService","Scheduling Survey for - KEY_EMA_1130TO1200_CHILD"
"2016-10-29 00:43:58 PDT","I","test2@match_com","SurveyManagerService","Survey KEY_EMA_1130TO1200_CHILD is already scheduled"
"2016-10-29 00:43:58 PDT","I","test2@match_com","SurveyManagerService","Scheduling Survey for - KEY_EMA_1330TO1400_CHILD"
"2016-10-29 00:43:58 PDT","I","test2@match_com","SurveyManagerService","Survey KEY_EMA_1330TO1400_CHILD is already scheduled"
"2016-10-29 00:43:58 PDT","I","test2@match_com","SurveyManagerService","Scheduling Survey for - KEY_EMA_1530TO1600_CHILD"
"2016-10-29 00:43:58 PDT","I","test2@match_com","SurveyManagerService","Survey KEY_EMA_1530TO1600_CHILD is already scheduled"
"2016-10-29 00:43:58 PDT","I","test2@match_com","SurveyManagerService","Scheduling Survey for - KEY_EMA_1730TO1800_CHILD"
"2016-10-29 00:43:58 PDT","I","test2@match_com","SurveyManagerService","Survey KEY_EMA_1730TO1800_CHILD is already scheduled"
"2016-10-29 00:43:58 PDT","I","test2@match_com","SurveyManagerService","Scheduling Survey for - KEY_EMA_1930TO2000_CHILD"
"2016-10-29 00:43:58 PDT","I","test2@match_com","SurveyManagerService","Survey KEY_EMA_1930TO2000_CHILD is already scheduled"
"2016-10-29 00:43:58 PDT","I","test2@match_com","SurveyManagerService","Saliva surveys are already scheduled"
"2016-10-29 00:43:58 PDT","I","test2@match_com","SurveyManagerService","Survey KEY_SALIVA_BEDTIME scheduled for Sat Oct 29 21:46:58 PDT 2016"
"2016-10-29 00:43:58 PDT","I","test2@match_com","SurveyManagerService","Survey Schedule for KEY_EMA_0730TO0800_CHILD is Sat Oct 29 07:47:17 PDT 2016"
"2016-10-29 00:43:58 PDT","I","test2@match_com","SurveyManagerService","Still not time to prompt the survey"
"2016-10-29 00:43:58 PDT","I","test2@match_com","SurveyManagerService","Survey Schedule for KEY_EMA_0930TO1000_CHILD is Sat Oct 29 09:57:24 PDT 2016"
"2016-10-29 00:43:58 PDT","I","test2@match_com","SurveyManagerService","Still not time to prompt the survey"
"2016-10-29 00:43:58 PDT","I","test2@match_com","SurveyManagerService","Survey Schedule for KEY_EMA_1130TO1200_CHILD is Sat Oct 29 11:45:10 PDT 2016"
"2016-10-29 00:43:58 PDT","I","test2@match_com","SurveyManagerService","Still not time to prompt the survey"
"2016-10-29 00:43:58 PDT","I","test2@match_com","SurveyManagerService","Survey Schedule for KEY_EMA_1330TO1400_CHILD is Sat Oct 29 13:44:02 PDT 2016"
"2016-10-29 00:43:58 PDT","I","test2@match_com","SurveyManagerService","Still not time to prompt the survey"
"2016-10-29 00:43:58 PDT","I","test2@match_com","SurveyManagerService","Survey Schedule for KEY_EMA_1530TO1600_CHILD is Sat Oct 29 15:33:41 PDT 2016"
"2016-10-29 00:43:58 PDT","I","test2@match_com","SurveyManagerService","Still not time to prompt the survey"
"2016-10-29 00:43:58 PDT","I","test2@match_com","SurveyManagerService","Survey Schedule for KEY_EMA_1730TO1800_CHILD is Sat Oct 29 17:47:43 PDT 2016"
"2016-10-29 00:43:58 PDT","I","test2@match_com","SurveyManagerService","Still not time to prompt the survey"
"2016-10-29 00:43:58 PDT","I","test2@match_com","SurveyManagerService","Survey Schedule for KEY_EMA_1930TO2000_CHILD is Sat Oct 29 19:36:11 PDT 2016"
"2016-10-29 00:43:58 PDT","I","test2@match_com","SurveyManagerService","Still not time to prompt the survey"
"2016-10-29 00:43:58 PDT","I","test2@match_com","SurveyManagerService","KEY_SALIVA_WAKING is scheduled for Sat Oct 29 06:46:56 PDT 2016"
"2016-10-29 00:43:58 PDT","I","test2@match_com","SurveyManagerService","Prompt KEY_SALIVA_WAKING is in the future - Sat Oct 29 06:46:56 PDT 2016"
"2016-10-29 00:43:58 PDT","I","test2@match_com","SurveyManagerService","KEY_SALIVA_WAKING_PLUS_30 is scheduled for Sat Oct 29 07:16:56 PDT 2016"
"2016-10-29 00:43:58 PDT","I","test2@match_com","SurveyManagerService","Prompt KEY_SALIVA_WAKING_PLUS_30 is in the future - Sat Oct 29 07:16:56 PDT 2016"
"2016-10-29 00:43:58 PDT","I","test2@match_com","SurveyManagerService","KEY_SALIVA_AFTERNOON_4TO430_CHILD is scheduled for Sat Oct 29 16:16:27 PDT 2016"
"2016-10-29 00:43:58 PDT","I","test2@match_com","SurveyManagerService","Prompt KEY_SALIVA_AFTERNOON_4TO430_CHILD is in the future - Sat Oct 29 16:16:27 PDT 2016"
"2016-10-29 00:43:58 PDT","I","test2@match_com","SurveyManagerService","KEY_SALIVA_BEDTIME is scheduled for Sat Oct 29 21:46:58 PDT 2016"
"2016-10-29 00:43:58 PDT","I","test2@match_com","SurveyManagerService","Prompt KEY_SALIVA_BEDTIME is in the future - Sat Oct 29 21:46:58 PDT 2016"
"2016-10-29 00:43:58 PDT","I","test2@match_com","MinuteService","Inside onDestroy"
"2016-10-29 00:43:58 PDT","I","test2@match_com","UploadManagerService","Inside onDestroy"
"2016-10-29 00:43:58 PDT","I","test2@match_com","SurveyManagerService","Inside onDestroy"
"2016-10-29 00:43:58 PDT","I","test2@match_com","Zipper","unzipFileWithEncryption"
"2016-10-29 00:43:58 PDT","I","test2@match_com","Zipper","Deleting File - /storage/emulated/0/.MATCH/data/2016-10-29/00-PDT/GPS.csv.zip"
"2016-10-29 00:43:58 PDT","I","test2@match_com","Zipper","zipFileWithEncryption - /storage/emulated/0/.MATCH/data/2016-10-29/00-PDT/GPS.csv"
"2016-10-29 00:43:58 PDT","I","test2@match_com","Zipper","Creating ZipFile - /storage/emulated/0/.MATCH/data/2016-10-29/00-PDT/GPS.csv.zip"
"2016-10-29 00:43:58 PDT","I","test2@match_com","Zipper","Deleting File - /storage/emulated/0/.MATCH/data/2016-10-29/00-PDT/GPS.csv"
"2016-10-29 00:44:01 PDT","I","test2@match_com","UploadManagerService","Inside onCreate"
"2016-10-29 00:44:01 PDT","I","test2@match_com","UploadManagerService","Processing Logs"
"2016-10-29 00:44:01 PDT","I","test2@match_com","UploadManagerService","Processing Logs for Date - /storage/emulated/0/.MATCH/logs/2016-10-26"
"2016-10-29 00:44:01 PDT","I","test2@match_com","UploadManagerService","Processing Logs for Date - /storage/emulated/0/.MATCH/logs/2016-10-27"
"2016-10-29 00:44:01 PDT","I","test2@match_com","UploadManagerService","Processing Logs for Date - /storage/emulated/0/.MATCH/logs/2016-10-28"
"2016-10-29 00:44:01 PDT","I","test2@match_com","UploadManagerService","Processing Logs for Date - /storage/emulated/0/.MATCH/logs/2016-10-29"
"2016-10-29 00:44:01 PDT","I","test2@match_com","UploadManagerService","Processing Surveys"
"2016-10-29 00:44:01 PDT","I","test2@match_com","UploadManagerService","Processing Data files"
"2016-10-29 00:44:01 PDT","I","test2@match_com","UploadManagerService","Processing data for date - /storage/emulated/0/.MATCH/data/2016-10-26"
"2016-10-29 00:44:01 PDT","I","test2@match_com","UploadManagerService","Processing data for hour /storage/emulated/0/.MATCH/data/2016-10-26/19-PDT.zip.uploaded"
"2016-10-29 00:44:01 PDT","I","test2@match_com","UploadManagerService","Processing data for hour /storage/emulated/0/.MATCH/data/2016-10-26/13-PDT.zip.uploaded"
"2016-10-29 00:44:01 PDT","I","test2@match_com","UploadManagerService","Processing data for hour /storage/emulated/0/.MATCH/data/2016-10-26/14-PDT.zip.uploaded"
"2016-10-29 00:44:01 PDT","I","test2@match_com","UploadManagerService","Processing data for hour /storage/emulated/0/.MATCH/data/2016-10-26/15-PDT.zip.uploaded"
"2016-10-29 00:44:01 PDT","I","test2@match_com","UploadManagerService","Processing data for hour /storage/emulated/0/.MATCH/data/2016-10-26/16-PDT.zip.uploaded"
"2016-10-29 00:44:01 PDT","I","test2@match_com","UploadManagerService","Processing data for hour /storage/emulated/0/.MATCH/data/2016-10-26/17-PDT.zip.uploaded"
"2016-10-29 00:44:01 PDT","I","test2@match_com","UploadManagerService","Processing data for hour /storage/emulated/0/.MATCH/data/2016-10-26/21-PDT.zip.uploaded"
"2016-10-29 00:44:01 PDT","I","test2@match_com","UploadManagerService","Processing data for hour /storage/emulated/0/.MATCH/data/2016-10-26/22-PDT.zip.uploaded"
"2016-10-29 00:44:01 PDT","I","test2@match_com","UploadManagerService","Processing data for hour /storage/emulated/0/.MATCH/data/2016-10-26/18-PDT.zip.uploaded"
"2016-10-29 00:44:01 PDT","I","test2@match_com","UploadManagerService","Processing data for hour /storage/emulated/0/.MATCH/data/2016-10-26/20-PDT.zip.uploaded"
"2016-10-29 00:44:01 PDT","I","test2@match_com","UploadManagerService","Processing data for hour /storage/emulated/0/.MATCH/data/2016-10-26/23-PDT.zip.uploaded"
"2016-10-29 00:44:01 PDT","I","test2@match_com","UploadManagerService","Processing data for date - /storage/emulated/0/.MATCH/data/2016-10-27"
"2016-10-29 00:44:01 PDT","I","test2@match_com","UploadManagerService","Processing data for hour /storage/emulated/0/.MATCH/data/2016-10-27/01-PDT.zip.uploaded"
"2016-10-29 00:44:01 PDT","I","test2@match_com","UploadManagerService","Processing data for hour /storage/emulated/0/.MATCH/data/2016-10-27/03-PDT.zip.uploaded"
"2016-10-29 00:44:01 PDT","I","test2@match_com","UploadManagerService","Processing data for hour /storage/emulated/0/.MATCH/data/2016-10-27/04-PDT.zip.uploaded"
"2016-10-29 00:44:01 PDT","I","test2@match_com","UploadManagerService","Processing data for hour /storage/emulated/0/.MATCH/data/2016-10-27/06-PDT.zip.uploaded"
"2016-10-29 00:44:01 PDT","I","test2@match_com","UploadManagerService","Processing data for hour /storage/emulated/0/.MATCH/data/2016-10-27/00-PDT.zip.uploaded"
"2016-10-29 00:44:01 PDT","I","test2@match_com","UploadManagerService","Processing data for hour /storage/emulated/0/.MATCH/data/2016-10-27/02-PDT.zip.uploaded"
"2016-10-29 00:44:01 PDT","I","test2@match_com","UploadManagerService","Processing data for hour /storage/emulated/0/.MATCH/data/2016-10-27/05-PDT.zip.uploaded"
"2016-10-29 00:44:01 PDT","I","test2@match_com","UploadManagerService","Processing data for date - /storage/emulated/0/.MATCH/data/2016-10-28"
"2016-10-29 00:44:01 PDT","I","test2@match_com","UploadManagerService","Processing data for hour /storage/emulated/0/.MATCH/data/2016-10-28/13-PDT.zip"
"2016-10-29 00:44:01 PDT","I","test2@match_com","UploadManagerService","Processing data for hour /storage/emulated/0/.MATCH/data/2016-10-28/14-PDT.zip"
"2016-10-29 00:44:01 PDT","I","test2@match_com","UploadManagerService","Processing data for hour /storage/emulated/0/.MATCH/data/2016-10-28/15-PDT.zip"
"2016-10-29 00:44:01 PDT","I","test2@match_com","UploadManagerService","Processing data for hour /storage/emulated/0/.MATCH/data/2016-10-28/16-PDT.zip"
"2016-10-29 00:44:01 PDT","I","test2@match_com","UploadManagerService","Processing data for hour /storage/emulated/0/.MATCH/data/2016-10-28/17-PDT.zip"
"2016-10-29 00:44:01 PDT","I","test2@match_com","UploadManagerService","Processing data for hour /storage/emulated/0/.MATCH/data/2016-10-28/18-PDT.zip"
"2016-10-29 00:44:01 PDT","I","test2@match_com","UploadManagerService","Processing data for hour /storage/emulated/0/.MATCH/data/2016-10-28/19-PDT.zip"
"2016-10-29 00:44:01 PDT","I","test2@match_com","UploadManagerService","Processing data for hour /storage/emulated/0/.MATCH/data/2016-10-28/20-PDT.zip"
"2016-10-29 00:44:01 PDT","I","test2@match_com","UploadManagerService","Processing data for hour /storage/emulated/0/.MATCH/data/2016-10-28/21-PDT.zip"
"2016-10-29 00:44:01 PDT","I","test2@match_com","UploadManagerService","Processing data for hour /storage/emulated/0/.MATCH/data/2016-10-28/22-PDT.zip"
"2016-10-29 00:44:01 PDT","I","test2@match_com","UploadManagerService","Processing data for hour /storage/emulated/0/.MATCH/data/2016-10-28/23-PDT.zip"
"2016-10-29 00:44:01 PDT","I","test2@match_com","UploadManagerService","Processing data for date - /storage/emulated/0/.MATCH/data/2016-10-29"
"2016-10-29 00:44:01 PDT","I","test2@match_com","UploadManagerService","Processing data for hour /storage/emulated/0/.MATCH/data/2016-10-29/00-PDT"
"2016-10-29 00:44:01 PDT","I","test2@match_com","UploadManagerService","Internet is not connected. Not trying to upload files."
"2016-10-29 00:44:01 PDT","I","test2@match_com","MinuteService","Inside onCreate"
"2016-10-29 00:44:01 PDT","I","test2@match_com","MinuteService","Minute Service Alarm was set by - MinuteService"
"2016-10-29 00:44:01 PDT","I","test2@match_com","MinuteService","Time since previous run - 4"
"2016-10-29 00:44:01 PDT","I","test2@match_com","MinuteService","Previous run within last 50 seconds, ignoring this run"
"2016-10-29 00:44:01 PDT","I","test2@match_com","UploadManagerService","Inside onDestroy"
"2016-10-29 00:44:01 PDT","I","test2@match_com","MinuteService","Inside onDestroy"
"2016-10-29 00:44:02 PDT","I","test2@match_com","BackupMinuteService","Inside onCreate"
"2016-10-29 00:44:02 PDT","I","test2@match_com","Util","Inside setBackupMinuteServiceAlarm"
"2016-10-29 00:44:02 PDT","I","test2@match_com","Util","BackupMinuteService last run at - Sat Oct 29 00:44:02 PDT 2016"
"2016-10-29 00:44:02 PDT","I","test2@match_com","Util","BackupMinuteService next run at - Sat Oct 29 00:45:02 PDT 2016"
"2016-10-29 00:44:02 PDT","I","test2@match_com","MinuteService","Inside onCreate"
"2016-10-29 00:44:02 PDT","I","test2@match_com","MinuteService","Minute Service Alarm was set by - MinuteService"
"2016-10-29 00:44:02 PDT","I","test2@match_com","MinuteService","Time since previous run - 5"
"2016-10-29 00:44:02 PDT","I","test2@match_com","MinuteService","Previous run within last 50 seconds, ignoring this run"
"2016-10-29 00:44:02 PDT","I","test2@match_com","BackupMinuteService","Inside onDestroy"
"2016-10-29 00:44:02 PDT","I","test2@match_com","MinuteService","Inside onDestroy"
"2016-10-29 00:44:02 PDT","I","test2@match_com","AlwaysOnService","Received Intent - android.intent.action.TIME_TICK"
"2016-10-29 00:44:22 PDT","I","test2@match_com","AlwaysOnService","Received Intent - android.intent.action.BATTERY_CHANGED"
"2016-10-29 00:44:36 PDT","I","test2@match_com","AlwaysOnService","Received Intent - android.intent.action.BATTERY_CHANGED"
"2016-10-29 00:44:57 PDT","I","test2@match_com","MinuteService","Inside onCreate"
"2016-10-29 00:44:57 PDT","I","test2@match_com","MinuteService","Minute Service Alarm was set by - MinuteService"
"2016-10-29 00:44:57 PDT","I","test2@match_com","MinuteService","Time since previous run - 60"
"2016-10-29 00:44:57 PDT","I","test2@match_com","MinuteService","Setting Minute Service Last Run"
"2016-10-29 00:44:57 PDT","I","test2@match_com","MinuteService","Setting Minute Service Alarm"
"2016-10-29 00:44:57 PDT","I","test2@match_com","Util","Inside setMinuteServiceAlarmFromMinuteService"
"2016-10-29 00:44:57 PDT","I","test2@match_com","Util","MinuteService last run at - Sat Oct 29 00:44:57 PDT 2016"
"2016-10-29 00:44:57 PDT","I","test2@match_com","Util","MinuteService next run at - Sat Oct 29 00:45:57 PDT 2016"
"2016-10-29 00:44:57 PDT","I","test2@match_com","MinuteService","Setting Minute Service Backup Alarm"
"2016-10-29 00:44:57 PDT","I","test2@match_com","Util","Inside setBackupMinuteServiceAlarm"
"2016-10-29 00:44:57 PDT","I","test2@match_com","Util","BackupMinuteService last run at - Sat Oct 29 00:44:02 PDT 2016"
"2016-10-29 00:44:57 PDT","I","test2@match_com","Util","BackupMinuteService next run at - Sat Oct 29 00:45:02 PDT 2016"
"2016-10-29 00:44:57 PDT","I","test2@match_com","MinuteService","Initializing MATCHConstants"
"2016-10-29 00:44:57 PDT","I","test2@match_com","MinuteService","Notifying user about minute service run"
"2016-10-29 00:44:57 PDT","I","test2@match_com","MinuteService","Writing status to Firebase Database"
"2016-10-29 00:44:57 PDT","I","test2@match_com","MinuteService","Logging Network Status"
"2016-10-29 00:44:57 PDT","I","test2@match_com","ConnectivityManager","isConnected - false - isWifi - false - isMobileInternet - false"
"2016-10-29 00:44:57 PDT","I","test2@match_com","MinuteService","Logging Battery Status"
"2016-10-29 00:44:57 PDT","I","test2@match_com","BatteryManager","Percentage - 91 - isCharging - true - isUSBCharging - false - isACCharging - true - isWirelessCharging - false"
"2016-10-29 00:44:57 PDT","I","test2@match_com","MinuteService","Logging Memory Status"
"2016-10-29 00:44:57 PDT","I","test2@match_com","MemoryManager","Total Memory,898,Available Memory,411,Threshold Memory,144,IsLowMemory,false"
"2016-10-29 00:44:57 PDT","I","test2@match_com","MinuteService","Logging Storage Status"
"2016-10-29 00:44:57 PDT","I","test2@match_com","StorageManager","Internal Total,2247,Internal Free,589,External Total,4637,External Free,3935"
"2016-10-29 00:44:57 PDT","I","test2@match_com","MinuteService","Logging Power Status"
"2016-10-29 00:44:57 PDT","I","test2@match_com","PowerManager","isDeviceIdleMode - false - isInteractive - false - isPowerSaveMode - false - isSustainedPerformanceModeSupported - false"
"2016-10-29 00:44:57 PDT","I","test2@match_com","MinuteService","Logging Notifications Status"
"2016-10-29 00:44:57 PDT","I","test2@match_com","NotificationManager","AreNotificationsEnabled - true - Importance - Unspecified"
"2016-10-29 00:44:57 PDT","I","test2@match_com","MinuteService","Logging Location"
"2016-10-29 00:44:57 PDT","I","test2@match_com","MinuteService","Fetching latest study data"
"2016-10-29 00:44:57 PDT","I","test2@match_com","MinuteService","Starting UploadManagerService"
"2016-10-29 00:44:57 PDT","I","test2@match_com","MinuteService","Starting SurveyManagerService"
"2016-10-29 00:44:57 PDT","I","test2@match_com","UploadManagerService","Inside onCreate"
"2016-10-29 00:44:57 PDT","I","test2@match_com","UploadManagerService","Processing Logs"
"2016-10-29 00:44:57 PDT","I","test2@match_com","UploadManagerService","Processing Logs for Date - /storage/emulated/0/.MATCH/logs/2016-10-26"
"2016-10-29 00:44:57 PDT","I","test2@match_com","UploadManagerService","Processing Logs for Date - /storage/emulated/0/.MATCH/logs/2016-10-27"
"2016-10-29 00:44:57 PDT","I","test2@match_com","UploadManagerService","Processing Logs for Date - /storage/emulated/0/.MATCH/logs/2016-10-28"
"2016-10-29 00:44:57 PDT","I","test2@match_com","UploadManagerService","Processing Logs for Date - /storage/emulated/0/.MATCH/logs/2016-10-29"
"2016-10-29 00:44:57 PDT","I","test2@match_com","UploadManagerService","Processing Surveys"
"2016-10-29 00:44:57 PDT","I","test2@match_com","UploadManagerService","Processing Data files"
"2016-10-29 00:44:57 PDT","I","test2@match_com","UploadManagerService","Processing data for date - /storage/emulated/0/.MATCH/data/2016-10-26"
"2016-10-29 00:44:57 PDT","I","test2@match_com","UploadManagerService","Processing data for hour /storage/emulated/0/.MATCH/data/2016-10-26/19-PDT.zip.uploaded"
"2016-10-29 00:44:57 PDT","I","test2@match_com","UploadManagerService","Processing data for hour /storage/emulated/0/.MATCH/data/2016-10-26/13-PDT.zip.uploaded"
"2016-10-29 00:44:57 PDT","I","test2@match_com","UploadManagerService","Processing data for hour /storage/emulated/0/.MATCH/data/2016-10-26/14-PDT.zip.uploaded"
"2016-10-29 00:44:57 PDT","I","test2@match_com","UploadManagerService","Processing data for hour /storage/emulated/0/.MATCH/data/2016-10-26/15-PDT.zip.uploaded"
"2016-10-29 00:44:57 PDT","I","test2@match_com","UploadManagerService","Processing data for hour /storage/emulated/0/.MATCH/data/2016-10-26/16-PDT.zip.uploaded"
"2016-10-29 00:44:57 PDT","I","test2@match_com","UploadManagerService","Processing data for hour /storage/emulated/0/.MATCH/data/2016-10-26/17-PDT.zip.uploaded"
"2016-10-29 00:44:57 PDT","I","test2@match_com","UploadManagerService","Processing data for hour /storage/emulated/0/.MATCH/data/2016-10-26/21-PDT.zip.uploaded"
"2016-10-29 00:44:57 PDT","I","test2@match_com","UploadManagerService","Processing data for hour /storage/emulated/0/.MATCH/data/2016-10-26/22-PDT.zip.uploaded"
"2016-10-29 00:44:57 PDT","I","test2@match_com","UploadManagerService","Processing data for hour /storage/emulated/0/.MATCH/data/2016-10-26/18-PDT.zip.uploaded"
"2016-10-29 00:44:58 PDT","I","test2@match_com","UploadManagerService","Processing data for hour /storage/emulated/0/.MATCH/data/2016-10-26/20-PDT.zip.uploaded"
"2016-10-29 00:44:58 PDT","I","test2@match_com","UploadManagerService","Processing data for hour /storage/emulated/0/.MATCH/data/2016-10-26/23-PDT.zip.uploaded"
"2016-10-29 00:44:58 PDT","I","test2@match_com","UploadManagerService","Processing data for date - /storage/emulated/0/.MATCH/data/2016-10-27"
"2016-10-29 00:44:58 PDT","I","test2@match_com","UploadManagerService","Processing data for hour /storage/emulated/0/.MATCH/data/2016-10-27/01-PDT.zip.uploaded"
"2016-10-29 00:44:58 PDT","I","test2@match_com","UploadManagerService","Processing data for hour /storage/emulated/0/.MATCH/data/2016-10-27/03-PDT.zip.uploaded"
"2016-10-29 00:44:58 PDT","I","test2@match_com","UploadManagerService","Processing data for hour /storage/emulated/0/.MATCH/data/2016-10-27/04-PDT.zip.uploaded"
"2016-10-29 00:44:58 PDT","I","test2@match_com","UploadManagerService","Processing data for hour /storage/emulated/0/.MATCH/data/2016-10-27/06-PDT.zip.uploaded"
"2016-10-29 00:44:58 PDT","I","test2@match_com","UploadManagerService","Processing data for hour /storage/emulated/0/.MATCH/data/2016-10-27/00-PDT.zip.uploaded"
"2016-10-29 00:44:58 PDT","I","test2@match_com","UploadManagerService","Processing data for hour /storage/emulated/0/.MATCH/data/2016-10-27/02-PDT.zip.uploaded"
"2016-10-29 00:44:58 PDT","I","test2@match_com","UploadManagerService","Processing data for hour /storage/emulated/0/.MATCH/data/2016-10-27/05-PDT.zip.uploaded"
"2016-10-29 00:44:58 PDT","I","test2@match_com","UploadManagerService","Processing data for date - /storage/emulated/0/.MATCH/data/2016-10-28"
"2016-10-29 00:44:58 PDT","I","test2@match_com","UploadManagerService","Processing data for hour /storage/emulated/0/.MATCH/data/2016-10-28/13-PDT.zip"
"2016-10-29 00:44:58 PDT","I","test2@match_com","UploadManagerService","Processing data for hour /storage/emulated/0/.MATCH/data/2016-10-28/14-PDT.zip"
"2016-10-29 00:44:58 PDT","I","test2@match_com","UploadManagerService","Processing data for hour /storage/emulated/0/.MATCH/data/2016-10-28/15-PDT.zip"
"2016-10-29 00:44:58 PDT","I","test2@match_com","UploadManagerService","Processing data for hour /storage/emulated/0/.MATCH/data/2016-10-28/16-PDT.zip"
"2016-10-29 00:44:58 PDT","I","test2@match_com","UploadManagerService","Processing data for hour /storage/emulated/0/.MATCH/data/2016-10-28/17-PDT.zip"
"2016-10-29 00:44:58 PDT","I","test2@match_com","UploadManagerService","Processing data for hour /storage/emulated/0/.MATCH/data/2016-10-28/18-PDT.zip"
"2016-10-29 00:44:58 PDT","I","test2@match_com","UploadManagerService","Processing data for hour /storage/emulated/0/.MATCH/data/2016-10-28/19-PDT.zip"
"2016-10-29 00:44:58 PDT","I","test2@match_com","UploadManagerService","Processing data for hour /storage/emulated/0/.MATCH/data/2016-10-28/20-PDT.zip"
"2016-10-29 00:44:58 PDT","I","test2@match_com","UploadManagerService","Processing data for hour /storage/emulated/0/.MATCH/data/2016-10-28/21-PDT.zip"
"2016-10-29 00:44:58 PDT","I","test2@match_com","UploadManagerService","Processing data for hour /storage/emulated/0/.MATCH/data/2016-10-28/22-PDT.zip"
"2016-10-29 00:44:58 PDT","I","test2@match_com","UploadManagerService","Processing data for hour /storage/emulated/0/.MATCH/data/2016-10-28/23-PDT.zip"
"2016-10-29 00:44:58 PDT","I","test2@match_com","UploadManagerService","Processing data for date - /storage/emulated/0/.MATCH/data/2016-10-29"
"2016-10-29 00:44:58 PDT","I","test2@match_com","UploadManagerService","Processing data for hour /storage/emulated/0/.MATCH/data/2016-10-29/00-PDT"
"2016-10-29 00:44:58 PDT","I","test2@match_com","UploadManagerService","Internet is not connected. Not trying to upload files."
"2016-10-29 00:44:58 PDT","I","test2@match_com","SurveyManagerService","Inside onCreate"
"2016-10-29 00:44:58 PDT","I","test2@match_com","SurveyManagerService","Current time is - Sat Oct 29 00:44:58 PDT 2016"
"2016-10-29 00:44:58 PDT","I","test2@match_com","SurveyManagerService","Start Date is - Tue Oct 25 19:00:00 PDT 2016"
"2016-10-29 00:44:58 PDT","I","test2@match_com","SurveyManagerService","End Date is - Tue Nov 01 16:00:00 PDT 2016"
"2016-10-29 00:44:58 PDT","I","test2@match_com","SurveyManagerService","Scheduling Survey for - KEY_EMA_0730TO0800_CHILD"
"2016-10-29 00:44:58 PDT","I","test2@match_com","SurveyManagerService","Survey KEY_EMA_0730TO0800_CHILD is already scheduled"
"2016-10-29 00:44:58 PDT","I","test2@match_com","SurveyManagerService","Scheduling Survey for - KEY_EMA_0930TO1000_CHILD"
"2016-10-29 00:44:58 PDT","I","test2@match_com","SurveyManagerService","Survey KEY_EMA_0930TO1000_CHILD is already scheduled"
"2016-10-29 00:44:58 PDT","I","test2@match_com","SurveyManagerService","Scheduling Survey for - KEY_EMA_1130TO1200_CHILD"
"2016-10-29 00:44:58 PDT","I","test2@match_com","SurveyManagerService","Survey KEY_EMA_1130TO1200_CHILD is already scheduled"
"2016-10-29 00:44:58 PDT","I","test2@match_com","SurveyManagerService","Scheduling Survey for - KEY_EMA_1330TO1400_CHILD"
"2016-10-29 00:44:58 PDT","I","test2@match_com","SurveyManagerService","Survey KEY_EMA_1330TO1400_CHILD is already scheduled"
"2016-10-29 00:44:58 PDT","I","test2@match_com","SurveyManagerService","Scheduling Survey for - KEY_EMA_1530TO1600_CHILD"
"2016-10-29 00:44:58 PDT","I","test2@match_com","SurveyManagerService","Survey KEY_EMA_1530TO1600_CHILD is already scheduled"
"2016-10-29 00:44:58 PDT","I","test2@match_com","SurveyManagerService","Scheduling Survey for - KEY_EMA_1730TO1800_CHILD"
"2016-10-29 00:44:58 PDT","I","test2@match_com","SurveyManagerService","Survey KEY_EMA_1730TO1800_CHILD is already scheduled"
"2016-10-29 00:44:58 PDT","I","test2@match_com","SurveyManagerService","Scheduling Survey for - KEY_EMA_1930TO2000_CHILD"
"2016-10-29 00:44:58 PDT","I","test2@match_com","SurveyManagerService","Survey KEY_EMA_1930TO2000_CHILD is already scheduled"
"2016-10-29 00:44:58 PDT","I","test2@match_com","SurveyManagerService","Saliva surveys are already scheduled"
"2016-10-29 00:44:58 PDT","I","test2@match_com","SurveyManagerService","Survey KEY_SALIVA_BEDTIME scheduled for Sat Oct 29 21:46:58 PDT 2016"
"2016-10-29 00:44:58 PDT","I","test2@match_com","SurveyManagerService","Survey Schedule for KEY_EMA_0730TO0800_CHILD is Sat Oct 29 07:47:17 PDT 2016"
"2016-10-29 00:44:58 PDT","I","test2@match_com","SurveyManagerService","Still not time to prompt the survey"
"2016-10-29 00:44:58 PDT","I","test2@match_com","SurveyManagerService","Survey Schedule for KEY_EMA_0930TO1000_CHILD is Sat Oct 29 09:57:24 PDT 2016"
"2016-10-29 00:44:58 PDT","I","test2@match_com","SurveyManagerService","Still not time to prompt the survey"
"2016-10-29 00:44:58 PDT","I","test2@match_com","SurveyManagerService","Survey Schedule for KEY_EMA_1130TO1200_CHILD is Sat Oct 29 11:45:10 PDT 2016"
"2016-10-29 00:44:58 PDT","I","test2@match_com","SurveyManagerService","Still not time to prompt the survey"
"2016-10-29 00:44:58 PDT","I","test2@match_com","SurveyManagerService","Survey Schedule for KEY_EMA_1330TO1400_CHILD is Sat Oct 29 13:44:02 PDT 2016"
"2016-10-29 00:44:58 PDT","I","test2@match_com","SurveyManagerService","Still not time to prompt the survey"
"2016-10-29 00:44:58 PDT","I","test2@match_com","SurveyManagerService","Survey Schedule for KEY_EMA_1530TO1600_CHILD is Sat Oct 29 15:33:41 PDT 2016"
"2016-10-29 00:44:58 PDT","I","test2@match_com","SurveyManagerService","Still not time to prompt the survey"
"2016-10-29 00:44:58 PDT","I","test2@match_com","SurveyManagerService","Survey Schedule for KEY_EMA_1730TO1800_CHILD is Sat Oct 29 17:47:43 PDT 2016"
"2016-10-29 00:44:58 PDT","I","test2@match_com","SurveyManagerService","Still not time to prompt the survey"
"2016-10-29 00:44:58 PDT","I","test2@match_com","SurveyManagerService","Survey Schedule for KEY_EMA_1930TO2000_CHILD is Sat Oct 29 19:36:11 PDT 2016"
"2016-10-29 00:44:58 PDT","I","test2@match_com","SurveyManagerService","Still not time to prompt the survey"
"2016-10-29 00:44:58 PDT","I","test2@match_com","SurveyManagerService","KEY_SALIVA_WAKING is scheduled for Sat Oct 29 06:46:56 PDT 2016"
"2016-10-29 00:44:58 PDT","I","test2@match_com","SurveyManagerService","Prompt KEY_SALIVA_WAKING is in the future - Sat Oct 29 06:46:56 PDT 2016"
"2016-10-29 00:44:58 PDT","I","test2@match_com","SurveyManagerService","KEY_SALIVA_WAKING_PLUS_30 is scheduled for Sat Oct 29 07:16:56 PDT 2016"
"2016-10-29 00:44:58 PDT","I","test2@match_com","SurveyManagerService","Prompt KEY_SALIVA_WAKING_PLUS_30 is in the future - Sat Oct 29 07:16:56 PDT 2016"
"2016-10-29 00:44:58 PDT","I","test2@match_com","SurveyManagerService","KEY_SALIVA_AFTERNOON_4TO430_CHILD is scheduled for Sat Oct 29 16:16:27 PDT 2016"
"2016-10-29 00:44:58 PDT","I","test2@match_com","SurveyManagerService","Prompt KEY_SALIVA_AFTERNOON_4TO430_CHILD is in the future - Sat Oct 29 16:16:27 PDT 2016"
"2016-10-29 00:44:58 PDT","I","test2@match_com","SurveyManagerService","KEY_SALIVA_BEDTIME is scheduled for Sat Oct 29 21:46:58 PDT 2016"
"2016-10-29 00:44:58 PDT","I","test2@match_com","SurveyManagerService","Prompt KEY_SALIVA_BEDTIME is in the future - Sat Oct 29 21:46:58 PDT 2016"
"2016-10-29 00:44:58 PDT","I","test2@match_com","MinuteService","Inside onDestroy"
"2016-10-29 00:44:58 PDT","I","test2@match_com","UploadManagerService","Inside onDestroy"
"2016-10-29 00:44:58 PDT","I","test2@match_com","SurveyManagerService","Inside onDestroy"
"2016-10-29 00:44:58 PDT","I","test2@match_com","Zipper","unzipFileWithEncryption"
"2016-10-29 00:44:58 PDT","I","test2@match_com","Zipper","Deleting File - /storage/emulated/0/.MATCH/data/2016-10-29/00-PDT/GPS.csv.zip"
"2016-10-29 00:44:58 PDT","I","test2@match_com","Zipper","zipFileWithEncryption - /storage/emulated/0/.MATCH/data/2016-10-29/00-PDT/GPS.csv"
"2016-10-29 00:44:58 PDT","I","test2@match_com","Zipper","Creating ZipFile - /storage/emulated/0/.MATCH/data/2016-10-29/00-PDT/GPS.csv.zip"
"2016-10-29 00:44:58 PDT","I","test2@match_com","Zipper","Deleting File - /storage/emulated/0/.MATCH/data/2016-10-29/00-PDT/GPS.csv"
"2016-10-29 00:45:01 PDT","I","test2@match_com","UploadManagerService","Inside onCreate"
"2016-10-29 00:45:01 PDT","I","test2@match_com","UploadManagerService","Processing Logs"
"2016-10-29 00:45:01 PDT","I","test2@match_com","UploadManagerService","Processing Logs for Date - /storage/emulated/0/.MATCH/logs/2016-10-26"
"2016-10-29 00:45:01 PDT","I","test2@match_com","UploadManagerService","Processing Logs for Date - /storage/emulated/0/.MATCH/logs/2016-10-27"
"2016-10-29 00:45:01 PDT","I","test2@match_com","UploadManagerService","Processing Logs for Date - /storage/emulated/0/.MATCH/logs/2016-10-28"
"2016-10-29 00:45:01 PDT","I","test2@match_com","UploadManagerService","Processing Logs for Date - /storage/emulated/0/.MATCH/logs/2016-10-29"
"2016-10-29 00:45:01 PDT","I","test2@match_com","UploadManagerService","Processing Surveys"
"2016-10-29 00:45:01 PDT","I","test2@match_com","UploadManagerService","Processing Data files"
"2016-10-29 00:45:01 PDT","I","test2@match_com","UploadManagerService","Processing data for date - /storage/emulated/0/.MATCH/data/2016-10-26"
"2016-10-29 00:45:01 PDT","I","test2@match_com","UploadManagerService","Processing data for hour /storage/emulated/0/.MATCH/data/2016-10-26/19-PDT.zip.uploaded"
"2016-10-29 00:45:01 PDT","I","test2@match_com","UploadManagerService","Processing data for hour /storage/emulated/0/.MATCH/data/2016-10-26/13-PDT.zip.uploaded"
"2016-10-29 00:45:01 PDT","I","test2@match_com","UploadManagerService","Processing data for hour /storage/emulated/0/.MATCH/data/2016-10-26/14-PDT.zip.uploaded"
"2016-10-29 00:45:01 PDT","I","test2@match_com","UploadManagerService","Processing data for hour /storage/emulated/0/.MATCH/data/2016-10-26/15-PDT.zip.uploaded"
"2016-10-29 00:45:01 PDT","I","test2@match_com","UploadManagerService","Processing data for hour /storage/emulated/0/.MATCH/data/2016-10-26/16-PDT.zip.uploaded"
"2016-10-29 00:45:01 PDT","I","test2@match_com","UploadManagerService","Processing data for hour /storage/emulated/0/.MATCH/data/2016-10-26/17-PDT.zip.uploaded"
"2016-10-29 00:45:01 PDT","I","test2@match_com","UploadManagerService","Processing data for hour /storage/emulated/0/.MATCH/data/2016-10-26/21-PDT.zip.uploaded"
"2016-10-29 00:45:01 PDT","I","test2@match_com","UploadManagerService","Processing data for hour /storage/emulated/0/.MATCH/data/2016-10-26/22-PDT.zip.uploaded"
"2016-10-29 00:45:01 PDT","I","test2@match_com","UploadManagerService","Processing data for hour /storage/emulated/0/.MATCH/data/2016-10-26/18-PDT.zip.uploaded"
"2016-10-29 00:45:01 PDT","I","test2@match_com","UploadManagerService","Processing data for hour /storage/emulated/0/.MATCH/data/2016-10-26/20-PDT.zip.uploaded"
"2016-10-29 00:45:01 PDT","I","test2@match_com","UploadManagerService","Processing data for hour /storage/emulated/0/.MATCH/data/2016-10-26/23-PDT.zip.uploaded"
"2016-10-29 00:45:01 PDT","I","test2@match_com","UploadManagerService","Processing data for date - /storage/emulated/0/.MATCH/data/2016-10-27"
"2016-10-29 00:45:01 PDT","I","test2@match_com","UploadManagerService","Processing data for hour /storage/emulated/0/.MATCH/data/2016-10-27/01-PDT.zip.uploaded"
"2016-10-29 00:45:01 PDT","I","test2@match_com","UploadManagerService","Processing data for hour /storage/emulated/0/.MATCH/data/2016-10-27/03-PDT.zip.uploaded"
"2016-10-29 00:45:01 PDT","I","test2@match_com","UploadManagerService","Processing data for hour /storage/emulated/0/.MATCH/data/2016-10-27/04-PDT.zip.uploaded"
"2016-10-29 00:45:01 PDT","I","test2@match_com","UploadManagerService","Processing data for hour /storage/emulated/0/.MATCH/data/2016-10-27/06-PDT.zip.uploaded"
"2016-10-29 00:45:01 PDT","I","test2@match_com","UploadManagerService","Processing data for hour /storage/emulated/0/.MATCH/data/2016-10-27/00-PDT.zip.uploaded"
"2016-10-29 00:45:01 PDT","I","test2@match_com","UploadManagerService","Processing data for hour /storage/emulated/0/.MATCH/data/2016-10-27/02-PDT.zip.uploaded"
"2016-10-29 00:45:01 PDT","I","test2@match_com","UploadManagerService","Processing data for hour /storage/emulated/0/.MATCH/data/2016-10-27/05-PDT.zip.uploaded"
"2016-10-29 00:45:01 PDT","I","test2@match_com","UploadManagerService","Processing data for date - /storage/emulated/0/.MATCH/data/2016-10-28"
"2016-10-29 00:45:01 PDT","I","test2@match_com","UploadManagerService","Processing data for hour /storage/emulated/0/.MATCH/data/2016-10-28/13-PDT.zip"
"2016-10-29 00:45:01 PDT","I","test2@match_com","UploadManagerService","Processing data for hour /storage/emulated/0/.MATCH/data/2016-10-28/14-PDT.zip"
"2016-10-29 00:45:01 PDT","I","test2@match_com","UploadManagerService","Processing data for hour /storage/emulated/0/.MATCH/data/2016-10-28/15-PDT.zip"
"2016-10-29 00:45:01 PDT","I","test2@match_com","UploadManagerService","Processing data for hour /storage/emulated/0/.MATCH/data/2016-10-28/16-PDT.zip"
"2016-10-29 00:45:01 PDT","I","test2@match_com","UploadManagerService","Processing data for hour /storage/emulated/0/.MATCH/data/2016-10-28/17-PDT.zip"
"2016-10-29 00:45:01 PDT","I","test2@match_com","UploadManagerService","Processing data for hour /storage/emulated/0/.MATCH/data/2016-10-28/18-PDT.zip"
"2016-10-29 00:45:01 PDT","I","test2@match_com","UploadManagerService","Processing data for hour /storage/emulated/0/.MATCH/data/2016-10-28/19-PDT.zip"
"2016-10-29 00:45:01 PDT","I","test2@match_com","UploadManagerService","Processing data for hour /storage/emulated/0/.MATCH/data/2016-10-28/20-PDT.zip"
"2016-10-29 00:45:01 PDT","I","test2@match_com","UploadManagerService","Processing data for hour /storage/emulated/0/.MATCH/data/2016-10-28/21-PDT.zip"
"2016-10-29 00:45:01 PDT","I","test2@match_com","UploadManagerService","Processing data for hour /storage/emulated/0/.MATCH/data/2016-10-28/22-PDT.zip"
"2016-10-29 00:45:01 PDT","I","test2@match_com","UploadManagerService","Processing data for hour /storage/emulated/0/.MATCH/data/2016-10-28/23-PDT.zip"
"2016-10-29 00:45:01 PDT","I","test2@match_com","UploadManagerService","Processing data for date - /storage/emulated/0/.MATCH/data/2016-10-29"
"2016-10-29 00:45:01 PDT","I","test2@match_com","UploadManagerService","Processing data for hour /storage/emulated/0/.MATCH/data/2016-10-29/00-PDT"
"2016-10-29 00:45:01 PDT","I","test2@match_com","UploadManagerService","Internet is not connected. Not trying to upload files."
"2016-10-29 00:45:01 PDT","I","test2@match_com","MinuteService","Inside onCreate"
"2016-10-29 00:45:01 PDT","I","test2@match_com","MinuteService","Minute Service Alarm was set by - MinuteService"
"2016-10-29 00:45:01 PDT","I","test2@match_com","MinuteService","Time since previous run - 4"
"2016-10-29 00:45:01 PDT","I","test2@match_com","MinuteService","Previous run within last 50 seconds, ignoring this run"
"2016-10-29 00:45:01 PDT","I","test2@match_com","UploadManagerService","Inside onDestroy"
"2016-10-29 00:45:01 PDT","I","test2@match_com","MinuteService","Inside onDestroy"
"2016-10-29 00:45:02 PDT","I","test2@match_com","BackupMinuteService","Inside onCreate"
"2016-10-29 00:45:02 PDT","I","test2@match_com","Util","Inside setBackupMinuteServiceAlarm"
"2016-10-29 00:45:02 PDT","I","test2@match_com","Util","BackupMinuteService last run at - Sat Oct 29 00:45:02 PDT 2016"
"2016-10-29 00:45:02 PDT","I","test2@match_com","Util","BackupMinuteService next run at - Sat Oct 29 00:46:02 PDT 2016"
"2016-10-29 00:45:02 PDT","I","test2@match_com","MinuteService","Inside onCreate"
"2016-10-29 00:45:02 PDT","I","test2@match_com","MinuteService","Minute Service Alarm was set by - MinuteService"
"2016-10-29 00:45:02 PDT","I","test2@match_com","MinuteService","Time since previous run - 5"
"2016-10-29 00:45:02 PDT","I","test2@match_com","MinuteService","Previous run within last 50 seconds, ignoring this run"
"2016-10-29 00:45:02 PDT","I","test2@match_com","BackupMinuteService","Inside onDestroy"
"2016-10-29 00:45:02 PDT","I","test2@match_com","MinuteService","Inside onDestroy"
"2016-10-29 00:45:02 PDT","I","test2@match_com","AlwaysOnService","Received Intent - android.intent.action.TIME_TICK"
"2016-10-29 00:45:23 PDT","I","test2@match_com","AlwaysOnService","Received Intent - android.intent.action.BATTERY_CHANGED"
"2016-10-29 00:45:36 PDT","I","test2@match_com","AlwaysOnService","Received Intent - android.intent.action.BATTERY_CHANGED"
"2016-10-29 00:45:57 PDT","I","test2@match_com","MinuteService","Inside onCreate"
"2016-10-29 00:45:57 PDT","I","test2@match_com","MinuteService","Minute Service Alarm was set by - MinuteService"
"2016-10-29 00:45:57 PDT","I","test2@match_com","MinuteService","Time since previous run - 60"
"2016-10-29 00:45:57 PDT","I","test2@match_com","MinuteService","Setting Minute Service Last Run"
"2016-10-29 00:45:57 PDT","I","test2@match_com","MinuteService","Setting Minute Service Alarm"
"2016-10-29 00:45:57 PDT","I","test2@match_com","Util","Inside setMinuteServiceAlarmFromMinuteService"
"2016-10-29 00:45:57 PDT","I","test2@match_com","Util","MinuteService last run at - Sat Oct 29 00:45:57 PDT 2016"
"2016-10-29 00:45:57 PDT","I","test2@match_com","Util","MinuteService next run at - Sat Oct 29 00:46:57 PDT 2016"
"2016-10-29 00:45:57 PDT","I","test2@match_com","MinuteService","Setting Minute Service Backup Alarm"
"2016-10-29 00:45:57 PDT","I","test2@match_com","Util","Inside setBackupMinuteServiceAlarm"
"2016-10-29 00:45:57 PDT","I","test2@match_com","Util","BackupMinuteService last run at - Sat Oct 29 00:45:02 PDT 2016"
"2016-10-29 00:45:57 PDT","I","test2@match_com","Util","BackupMinuteService next run at - Sat Oct 29 00:46:02 PDT 2016"
"2016-10-29 00:45:57 PDT","I","test2@match_com","MinuteService","Initializing MATCHConstants"
"2016-10-29 00:45:57 PDT","I","test2@match_com","MinuteService","Notifying user about minute service run"
"2016-10-29 00:45:57 PDT","I","test2@match_com","MinuteService","Writing status to Firebase Database"
"2016-10-29 00:45:57 PDT","I","test2@match_com","MinuteService","Logging Network Status"
"2016-10-29 00:45:57 PDT","I","test2@match_com","ConnectivityManager","isConnected - false - isWifi - false - isMobileInternet - false"
"2016-10-29 00:45:57 PDT","I","test2@match_com","MinuteService","Logging Battery Status"
"2016-10-29 00:45:57 PDT","I","test2@match_com","BatteryManager","Percentage - 91 - isCharging - true - isUSBCharging - false - isACCharging - true - isWirelessCharging - false"
"2016-10-29 00:45:57 PDT","I","test2@match_com","MinuteService","Logging Memory Status"
"2016-10-29 00:45:57 PDT","I","test2@match_com","MemoryManager","Total Memory,898,Available Memory,411,Threshold Memory,144,IsLowMemory,false"
"2016-10-29 00:45:57 PDT","I","test2@match_com","MinuteService","Logging Storage Status"
"2016-10-29 00:45:57 PDT","I","test2@match_com","StorageManager","Internal Total,2247,Internal Free,589,External Total,4637,External Free,3935"
"2016-10-29 00:45:57 PDT","I","test2@match_com","MinuteService","Logging Power Status"
"2016-10-29 00:45:57 PDT","I","test2@match_com","PowerManager","isDeviceIdleMode - false - isInteractive - false - isPowerSaveMode - false - isSustainedPerformanceModeSupported - false"
"2016-10-29 00:45:57 PDT","I","test2@match_com","MinuteService","Logging Notifications Status"
"2016-10-29 00:45:57 PDT","I","test2@match_com","NotificationManager","AreNotificationsEnabled - true - Importance - Unspecified"
"2016-10-29 00:45:57 PDT","I","test2@match_com","MinuteService","Logging Location"
"2016-10-29 00:45:57 PDT","I","test2@match_com","MinuteService","Fetching latest study data"
"2016-10-29 00:45:57 PDT","I","test2@match_com","MinuteService","Starting UploadManagerService"
"2016-10-29 00:45:57 PDT","I","test2@match_com","MinuteService","Starting SurveyManagerService"
"2016-10-29 00:45:57 PDT","I","test2@match_com","UploadManagerService","Inside onCreate"
"2016-10-29 00:45:57 PDT","I","test2@match_com","UploadManagerService","Processing Logs"
"2016-10-29 00:45:57 PDT","I","test2@match_com","UploadManagerService","Processing Logs for Date - /storage/emulated/0/.MATCH/logs/2016-10-26"
"2016-10-29 00:45:57 PDT","I","test2@match_com","UploadManagerService","Processing Logs for Date - /storage/emulated/0/.MATCH/logs/2016-10-27"
"2016-10-29 00:45:57 PDT","I","test2@match_com","UploadManagerService","Processing Logs for Date - /storage/emulated/0/.MATCH/logs/2016-10-28"
"2016-10-29 00:45:57 PDT","I","test2@match_com","UploadManagerService","Processing Logs for Date - /storage/emulated/0/.MATCH/logs/2016-10-29"
"2016-10-29 00:45:57 PDT","I","test2@match_com","UploadManagerService","Processing Surveys"
"2016-10-29 00:45:57 PDT","I","test2@match_com","UploadManagerService","Processing Data files"
"2016-10-29 00:45:57 PDT","I","test2@match_com","UploadManagerService","Processing data for date - /storage/emulated/0/.MATCH/data/2016-10-26"
"2016-10-29 00:45:57 PDT","I","test2@match_com","UploadManagerService","Processing data for hour /storage/emulated/0/.MATCH/data/2016-10-26/19-PDT.zip.uploaded"
"2016-10-29 00:45:57 PDT","I","test2@match_com","UploadManagerService","Processing data for hour /storage/emulated/0/.MATCH/data/2016-10-26/13-PDT.zip.uploaded"
"2016-10-29 00:45:57 PDT","I","test2@match_com","UploadManagerService","Processing data for hour /storage/emulated/0/.MATCH/data/2016-10-26/14-PDT.zip.uploaded"
"2016-10-29 00:45:57 PDT","I","test2@match_com","UploadManagerService","Processing data for hour /storage/emulated/0/.MATCH/data/2016-10-26/15-PDT.zip.uploaded"
"2016-10-29 00:45:57 PDT","I","test2@match_com","UploadManagerService","Processing data for hour /storage/emulated/0/.MATCH/data/2016-10-26/16-PDT.zip.uploaded"
"2016-10-29 00:45:57 PDT","I","test2@match_com","UploadManagerService","Processing data for hour /storage/emulated/0/.MATCH/data/2016-10-26/17-PDT.zip.uploaded"
"2016-10-29 00:45:57 PDT","I","test2@match_com","UploadManagerService","Processing data for hour /storage/emulated/0/.MATCH/data/2016-10-26/21-PDT.zip.uploaded"
"2016-10-29 00:45:58 PDT","I","test2@match_com","UploadManagerService","Processing data for hour /storage/emulated/0/.MATCH/data/2016-10-26/22-PDT.zip.uploaded"
"2016-10-29 00:45:58 PDT","I","test2@match_com","UploadManagerService","Processing data for hour /storage/emulated/0/.MATCH/data/2016-10-26/18-PDT.zip.uploaded"
"2016-10-29 00:45:58 PDT","I","test2@match_com","UploadManagerService","Processing data for hour /storage/emulated/0/.MATCH/data/2016-10-26/20-PDT.zip.uploaded"
"2016-10-29 00:45:58 PDT","I","test2@match_com","UploadManagerService","Processing data for hour /storage/emulated/0/.MATCH/data/2016-10-26/23-PDT.zip.uploaded"
"2016-10-29 00:45:58 PDT","I","test2@match_com","UploadManagerService","Processing data for date - /storage/emulated/0/.MATCH/data/2016-10-27"
"2016-10-29 00:45:58 PDT","I","test2@match_com","UploadManagerService","Processing data for hour /storage/emulated/0/.MATCH/data/2016-10-27/01-PDT.zip.uploaded"
"2016-10-29 00:45:58 PDT","I","test2@match_com","UploadManagerService","Processing data for hour /storage/emulated/0/.MATCH/data/2016-10-27/03-PDT.zip.uploaded"
"2016-10-29 00:45:58 PDT","I","test2@match_com","UploadManagerService","Processing data for hour /storage/emulated/0/.MATCH/data/2016-10-27/04-PDT.zip.uploaded"
"2016-10-29 00:45:58 PDT","I","test2@match_com","UploadManagerService","Processing data for hour /storage/emulated/0/.MATCH/data/2016-10-27/06-PDT.zip.uploaded"
"2016-10-29 00:45:58 PDT","I","test2@match_com","UploadManagerService","Processing data for hour /storage/emulated/0/.MATCH/data/2016-10-27/00-PDT.zip.uploaded"
"2016-10-29 00:45:58 PDT","I","test2@match_com","UploadManagerService","Processing data for hour /storage/emulated/0/.MATCH/data/2016-10-27/02-PDT.zip.uploaded"
"2016-10-29 00:45:58 PDT","I","test2@match_com","UploadManagerService","Processing data for hour /storage/emulated/0/.MATCH/data/2016-10-27/05-PDT.zip.uploaded"
"2016-10-29 00:45:58 PDT","I","test2@match_com","UploadManagerService","Processing data for date - /storage/emulated/0/.MATCH/data/2016-10-28"
"2016-10-29 00:45:58 PDT","I","test2@match_com","UploadManagerService","Processing data for hour /storage/emulated/0/.MATCH/data/2016-10-28/13-PDT.zip"
"2016-10-29 00:45:58 PDT","I","test2@match_com","UploadManagerService","Processing data for hour /storage/emulated/0/.MATCH/data/2016-10-28/14-PDT.zip"
"2016-10-29 00:45:58 PDT","I","test2@match_com","UploadManagerService","Processing data for hour /storage/emulated/0/.MATCH/data/2016-10-28/15-PDT.zip"
"2016-10-29 00:45:58 PDT","I","test2@match_com","UploadManagerService","Processing data for hour /storage/emulated/0/.MATCH/data/2016-10-28/16-PDT.zip"
"2016-10-29 00:45:58 PDT","I","test2@match_com","UploadManagerService","Processing data for hour /storage/emulated/0/.MATCH/data/2016-10-28/17-PDT.zip"
"2016-10-29 00:45:58 PDT","I","test2@match_com","UploadManagerService","Processing data for hour /storage/emulated/0/.MATCH/data/2016-10-28/18-PDT.zip"
"2016-10-29 00:45:58 PDT","I","test2@match_com","UploadManagerService","Processing data for hour /storage/emulated/0/.MATCH/data/2016-10-28/19-PDT.zip"
"2016-10-29 00:45:58 PDT","I","test2@match_com","UploadManagerService","Processing data for hour /storage/emulated/0/.MATCH/data/2016-10-28/20-PDT.zip"
"2016-10-29 00:45:58 PDT","I","test2@match_com","UploadManagerService","Processing data for hour /storage/emulated/0/.MATCH/data/2016-10-28/21-PDT.zip"
"2016-10-29 00:45:58 PDT","I","test2@match_com","UploadManagerService","Processing data for hour /storage/emulated/0/.MATCH/data/2016-10-28/22-PDT.zip"
"2016-10-29 00:45:58 PDT","I","test2@match_com","UploadManagerService","Processing data for hour /storage/emulated/0/.MATCH/data/2016-10-28/23-PDT.zip"
"2016-10-29 00:45:58 PDT","I","test2@match_com","UploadManagerService","Processing data for date - /storage/emulated/0/.MATCH/data/2016-10-29"
"2016-10-29 00:45:58 PDT","I","test2@match_com","UploadManagerService","Processing data for hour /storage/emulated/0/.MATCH/data/2016-10-29/00-PDT"
"2016-10-29 00:45:58 PDT","I","test2@match_com","UploadManagerService","Internet is not connected. Not trying to upload files."
"2016-10-29 00:45:58 PDT","I","test2@match_com","SurveyManagerService","Inside onCreate"
"2016-10-29 00:45:58 PDT","I","test2@match_com","SurveyManagerService","Current time is - Sat Oct 29 00:45:58 PDT 2016"
"2016-10-29 00:45:58 PDT","I","test2@match_com","SurveyManagerService","Start Date is - Tue Oct 25 19:00:00 PDT 2016"
"2016-10-29 00:45:58 PDT","I","test2@match_com","SurveyManagerService","End Date is - Tue Nov 01 16:00:00 PDT 2016"
"2016-10-29 00:45:58 PDT","I","test2@match_com","SurveyManagerService","Scheduling Survey for - KEY_EMA_0730TO0800_CHILD"
"2016-10-29 00:45:58 PDT","I","test2@match_com","SurveyManagerService","Survey KEY_EMA_0730TO0800_CHILD is already scheduled"
"2016-10-29 00:45:58 PDT","I","test2@match_com","SurveyManagerService","Scheduling Survey for - KEY_EMA_0930TO1000_CHILD"
"2016-10-29 00:45:58 PDT","I","test2@match_com","SurveyManagerService","Survey KEY_EMA_0930TO1000_CHILD is already scheduled"
"2016-10-29 00:45:58 PDT","I","test2@match_com","SurveyManagerService","Scheduling Survey for - KEY_EMA_1130TO1200_CHILD"
"2016-10-29 00:45:58 PDT","I","test2@match_com","SurveyManagerService","Survey KEY_EMA_1130TO1200_CHILD is already scheduled"
"2016-10-29 00:45:58 PDT","I","test2@match_com","SurveyManagerService","Scheduling Survey for - KEY_EMA_1330TO1400_CHILD"
"2016-10-29 00:45:58 PDT","I","test2@match_com","SurveyManagerService","Survey KEY_EMA_1330TO1400_CHILD is already scheduled"
"2016-10-29 00:45:58 PDT","I","test2@match_com","SurveyManagerService","Scheduling Survey for - KEY_EMA_1530TO1600_CHILD"
"2016-10-29 00:45:58 PDT","I","test2@match_com","SurveyManagerService","Survey KEY_EMA_1530TO1600_CHILD is already scheduled"
"2016-10-29 00:45:58 PDT","I","test2@match_com","SurveyManagerService","Scheduling Survey for - KEY_EMA_1730TO1800_CHILD"
"2016-10-29 00:45:58 PDT","I","test2@match_com","SurveyManagerService","Survey KEY_EMA_1730TO1800_CHILD is already scheduled"
"2016-10-29 00:45:58 PDT","I","test2@match_com","SurveyManagerService","Scheduling Survey for - KEY_EMA_1930TO2000_CHILD"
"2016-10-29 00:45:58 PDT","I","test2@match_com","SurveyManagerService","Survey KEY_EMA_1930TO2000_CHILD is already scheduled"
"2016-10-29 00:45:58 PDT","I","test2@match_com","SurveyManagerService","Saliva surveys are already scheduled"
"2016-10-29 00:45:58 PDT","I","test2@match_com","SurveyManagerService","Survey KEY_SALIVA_BEDTIME scheduled for Sat Oct 29 21:46:58 PDT 2016"
"2016-10-29 00:45:58 PDT","I","test2@match_com","SurveyManagerService","Survey Schedule for KEY_EMA_0730TO0800_CHILD is Sat Oct 29 07:47:17 PDT 2016"
"2016-10-29 00:45:58 PDT","I","test2@match_com","SurveyManagerService","Still not time to prompt the survey"
"2016-10-29 00:45:58 PDT","I","test2@match_com","SurveyManagerService","Survey Schedule for KEY_EMA_0930TO1000_CHILD is Sat Oct 29 09:57:24 PDT 2016"
"2016-10-29 00:45:58 PDT","I","test2@match_com","SurveyManagerService","Still not time to prompt the survey"
"2016-10-29 00:45:58 PDT","I","test2@match_com","SurveyManagerService","Survey Schedule for KEY_EMA_1130TO1200_CHILD is Sat Oct 29 11:45:10 PDT 2016"
"2016-10-29 00:45:58 PDT","I","test2@match_com","SurveyManagerService","Still not time to prompt the survey"
"2016-10-29 00:45:58 PDT","I","test2@match_com","SurveyManagerService","Survey Schedule for KEY_EMA_1330TO1400_CHILD is Sat Oct 29 13:44:02 PDT 2016"
"2016-10-29 00:45:58 PDT","I","test2@match_com","SurveyManagerService","Still not time to prompt the survey"
"2016-10-29 00:45:58 PDT","I","test2@match_com","SurveyManagerService","Survey Schedule for KEY_EMA_1530TO1600_CHILD is Sat Oct 29 15:33:41 PDT 2016"
"2016-10-29 00:45:58 PDT","I","test2@match_com","SurveyManagerService","Still not time to prompt the survey"
"2016-10-29 00:45:58 PDT","I","test2@match_com","SurveyManagerService","Survey Schedule for KEY_EMA_1730TO1800_CHILD is Sat Oct 29 17:47:43 PDT 2016"
"2016-10-29 00:45:58 PDT","I","test2@match_com","SurveyManagerService","Still not time to prompt the survey"
"2016-10-29 00:45:58 PDT","I","test2@match_com","SurveyManagerService","Survey Schedule for KEY_EMA_1930TO2000_CHILD is Sat Oct 29 19:36:11 PDT 2016"
"2016-10-29 00:45:58 PDT","I","test2@match_com","SurveyManagerService","Still not time to prompt the survey"
"2016-10-29 00:45:58 PDT","I","test2@match_com","SurveyManagerService","KEY_SALIVA_WAKING is scheduled for Sat Oct 29 06:46:56 PDT 2016"
"2016-10-29 00:45:58 PDT","I","test2@match_com","SurveyManagerService","Prompt KEY_SALIVA_WAKING is in the future - Sat Oct 29 06:46:56 PDT 2016"
"2016-10-29 00:45:58 PDT","I","test2@match_com","SurveyManagerService","KEY_SALIVA_WAKING_PLUS_30 is scheduled for Sat Oct 29 07:16:56 PDT 2016"
"2016-10-29 00:45:58 PDT","I","test2@match_com","SurveyManagerService","Prompt KEY_SALIVA_WAKING_PLUS_30 is in the future - Sat Oct 29 07:16:56 PDT 2016"
"2016-10-29 00:45:58 PDT","I","test2@match_com","SurveyManagerService","KEY_SALIVA_AFTERNOON_4TO430_CHILD is scheduled for Sat Oct 29 16:16:27 PDT 2016"
"2016-10-29 00:45:58 PDT","I","test2@match_com","SurveyManagerService","Prompt KEY_SALIVA_AFTERNOON_4TO430_CHILD is in the future - Sat Oct 29 16:16:27 PDT 2016"
"2016-10-29 00:45:58 PDT","I","test2@match_com","SurveyManagerService","KEY_SALIVA_BEDTIME is scheduled for Sat Oct 29 21:46:58 PDT 2016"
"2016-10-29 00:45:58 PDT","I","test2@match_com","SurveyManagerService","Prompt KEY_SALIVA_BEDTIME is in the future - Sat Oct 29 21:46:58 PDT 2016"
"2016-10-29 00:45:58 PDT","I","test2@match_com","MinuteService","Inside onDestroy"
"2016-10-29 00:45:58 PDT","I","test2@match_com","UploadManagerService","Inside onDestroy"
"2016-10-29 00:45:58 PDT","I","test2@match_com","SurveyManagerService","Inside onDestroy"
"2016-10-29 00:45:58 PDT","I","test2@match_com","Zipper","unzipFileWithEncryption"
"2016-10-29 00:45:58 PDT","I","test2@match_com","Zipper","Deleting File - /storage/emulated/0/.MATCH/data/2016-10-29/00-PDT/GPS.csv.zip"
"2016-10-29 00:45:58 PDT","I","test2@match_com","Zipper","zipFileWithEncryption - /storage/emulated/0/.MATCH/data/2016-10-29/00-PDT/GPS.csv"
"2016-10-29 00:45:58 PDT","I","test2@match_com","Zipper","Creating ZipFile - /storage/emulated/0/.MATCH/data/2016-10-29/00-PDT/GPS.csv.zip"
"2016-10-29 00:45:58 PDT","I","test2@match_com","Zipper","Deleting File - /storage/emulated/0/.MATCH/data/2016-10-29/00-PDT/GPS.csv"
"2016-10-29 00:46:01 PDT","I","test2@match_com","UploadManagerService","Inside onCreate"
"2016-10-29 00:46:01 PDT","I","test2@match_com","UploadManagerService","Processing Logs"
"2016-10-29 00:46:01 PDT","I","test2@match_com","UploadManagerService","Processing Logs for Date - /storage/emulated/0/.MATCH/logs/2016-10-26"
"2016-10-29 00:46:01 PDT","I","test2@match_com","UploadManagerService","Processing Logs for Date - /storage/emulated/0/.MATCH/logs/2016-10-27"
"2016-10-29 00:46:01 PDT","I","test2@match_com","UploadManagerService","Processing Logs for Date - /storage/emulated/0/.MATCH/logs/2016-10-28"
"2016-10-29 00:46:01 PDT","I","test2@match_com","UploadManagerService","Processing Logs for Date - /storage/emulated/0/.MATCH/logs/2016-10-29"
"2016-10-29 00:46:01 PDT","I","test2@match_com","UploadManagerService","Processing Surveys"
"2016-10-29 00:46:01 PDT","I","test2@match_com","UploadManagerService","Processing Data files"
"2016-10-29 00:46:01 PDT","I","test2@match_com","UploadManagerService","Processing data for date - /storage/emulated/0/.MATCH/data/2016-10-26"
"2016-10-29 00:46:01 PDT","I","test2@match_com","UploadManagerService","Processing data for hour /storage/emulated/0/.MATCH/data/2016-10-26/19-PDT.zip.uploaded"
"2016-10-29 00:46:01 PDT","I","test2@match_com","UploadManagerService","Processing data for hour /storage/emulated/0/.MATCH/data/2016-10-26/13-PDT.zip.uploaded"
"2016-10-29 00:46:01 PDT","I","test2@match_com","UploadManagerService","Processing data for hour /storage/emulated/0/.MATCH/data/2016-10-26/14-PDT.zip.uploaded"
"2016-10-29 00:46:01 PDT","I","test2@match_com","UploadManagerService","Processing data for hour /storage/emulated/0/.MATCH/data/2016-10-26/15-PDT.zip.uploaded"
"2016-10-29 00:46:01 PDT","I","test2@match_com","UploadManagerService","Processing data for hour /storage/emulated/0/.MATCH/data/2016-10-26/16-PDT.zip.uploaded"
"2016-10-29 00:46:01 PDT","I","test2@match_com","UploadManagerService","Processing data for hour /storage/emulated/0/.MATCH/data/2016-10-26/17-PDT.zip.uploaded"
"2016-10-29 00:46:01 PDT","I","test2@match_com","UploadManagerService","Processing data for hour /storage/emulated/0/.MATCH/data/2016-10-26/21-PDT.zip.uploaded"
"2016-10-29 00:46:01 PDT","I","test2@match_com","UploadManagerService","Processing data for hour /storage/emulated/0/.MATCH/data/2016-10-26/22-PDT.zip.uploaded"
"2016-10-29 00:46:01 PDT","I","test2@match_com","UploadManagerService","Processing data for hour /storage/emulated/0/.MATCH/data/2016-10-26/18-PDT.zip.uploaded"
"2016-10-29 00:46:01 PDT","I","test2@match_com","UploadManagerService","Processing data for hour /storage/emulated/0/.MATCH/data/2016-10-26/20-PDT.zip.uploaded"
"2016-10-29 00:46:01 PDT","I","test2@match_com","UploadManagerService","Processing data for hour /storage/emulated/0/.MATCH/data/2016-10-26/23-PDT.zip.uploaded"
"2016-10-29 00:46:01 PDT","I","test2@match_com","UploadManagerService","Processing data for date - /storage/emulated/0/.MATCH/data/2016-10-27"
"2016-10-29 00:46:01 PDT","I","test2@match_com","UploadManagerService","Processing data for hour /storage/emulated/0/.MATCH/data/2016-10-27/01-PDT.zip.uploaded"
"2016-10-29 00:46:01 PDT","I","test2@match_com","UploadManagerService","Processing data for hour /storage/emulated/0/.MATCH/data/2016-10-27/03-PDT.zip.uploaded"
"2016-10-29 00:46:01 PDT","I","test2@match_com","UploadManagerService","Processing data for hour /storage/emulated/0/.MATCH/data/2016-10-27/04-PDT.zip.uploaded"
"2016-10-29 00:46:01 PDT","I","test2@match_com","UploadManagerService","Processing data for hour /storage/emulated/0/.MATCH/data/2016-10-27/06-PDT.zip.uploaded"
"2016-10-29 00:46:01 PDT","I","test2@match_com","UploadManagerService","Processing data for hour /storage/emulated/0/.MATCH/data/2016-10-27/00-PDT.zip.uploaded"
"2016-10-29 00:46:01 PDT","I","test2@match_com","UploadManagerService","Processing data for hour /storage/emulated/0/.MATCH/data/2016-10-27/02-PDT.zip.uploaded"
"2016-10-29 00:46:01 PDT","I","test2@match_com","UploadManagerService","Processing data for hour /storage/emulated/0/.MATCH/data/2016-10-27/05-PDT.zip.uploaded"
"2016-10-29 00:46:01 PDT","I","test2@match_com","UploadManagerService","Processing data for date - /storage/emulated/0/.MATCH/data/2016-10-28"
"2016-10-29 00:46:01 PDT","I","test2@match_com","UploadManagerService","Processing data for hour /storage/emulated/0/.MATCH/data/2016-10-28/13-PDT.zip"
"2016-10-29 00:46:01 PDT","I","test2@match_com","UploadManagerService","Processing data for hour /storage/emulated/0/.MATCH/data/2016-10-28/14-PDT.zip"
"2016-10-29 00:46:01 PDT","I","test2@match_com","UploadManagerService","Processing data for hour /storage/emulated/0/.MATCH/data/2016-10-28/15-PDT.zip"
"2016-10-29 00:46:01 PDT","I","test2@match_com","UploadManagerService","Processing data for hour /storage/emulated/0/.MATCH/data/2016-10-28/16-PDT.zip"
"2016-10-29 00:46:01 PDT","I","test2@match_com","UploadManagerService","Processing data for hour /storage/emulated/0/.MATCH/data/2016-10-28/17-PDT.zip"
"2016-10-29 00:46:01 PDT","I","test2@match_com","UploadManagerService","Processing data for hour /storage/emulated/0/.MATCH/data/2016-10-28/18-PDT.zip"
"2016-10-29 00:46:01 PDT","I","test2@match_com","UploadManagerService","Processing data for hour /storage/emulated/0/.MATCH/data/2016-10-28/19-PDT.zip"
"2016-10-29 00:46:01 PDT","I","test2@match_com","UploadManagerService","Processing data for hour /storage/emulated/0/.MATCH/data/2016-10-28/20-PDT.zip"
"2016-10-29 00:46:01 PDT","I","test2@match_com","UploadManagerService","Processing data for hour /storage/emulated/0/.MATCH/data/2016-10-28/21-PDT.zip"
"2016-10-29 00:46:01 PDT","I","test2@match_com","UploadManagerService","Processing data for hour /storage/emulated/0/.MATCH/data/2016-10-28/22-PDT.zip"
"2016-10-29 00:46:01 PDT","I","test2@match_com","UploadManagerService","Processing data for hour /storage/emulated/0/.MATCH/data/2016-10-28/23-PDT.zip"
"2016-10-29 00:46:01 PDT","I","test2@match_com","UploadManagerService","Processing data for date - /storage/emulated/0/.MATCH/data/2016-10-29"
"2016-10-29 00:46:01 PDT","I","test2@match_com","UploadManagerService","Processing data for hour /storage/emulated/0/.MATCH/data/2016-10-29/00-PDT"
"2016-10-29 00:46:01 PDT","I","test2@match_com","UploadManagerService","Internet is not connected. Not trying to upload files."
"2016-10-29 00:46:01 PDT","I","test2@match_com","MinuteService","Inside onCreate"
"2016-10-29 00:46:01 PDT","I","test2@match_com","MinuteService","Minute Service Alarm was set by - MinuteService"
"2016-10-29 00:46:01 PDT","I","test2@match_com","MinuteService","Time since previous run - 4"
"2016-10-29 00:46:01 PDT","I","test2@match_com","MinuteService","Previous run within last 50 seconds, ignoring this run"
"2016-10-29 00:46:01 PDT","I","test2@match_com","UploadManagerService","Inside onDestroy"
"2016-10-29 00:46:01 PDT","I","test2@match_com","MinuteService","Inside onDestroy"
"2016-10-29 00:46:02 PDT","I","test2@match_com","BackupMinuteService","Inside onCreate"
"2016-10-29 00:46:02 PDT","I","test2@match_com","Util","Inside setBackupMinuteServiceAlarm"
"2016-10-29 00:46:02 PDT","I","test2@match_com","Util","BackupMinuteService last run at - Sat Oct 29 00:46:02 PDT 2016"
"2016-10-29 00:46:02 PDT","I","test2@match_com","Util","BackupMinuteService next run at - Sat Oct 29 00:47:02 PDT 2016"
"2016-10-29 00:46:02 PDT","I","test2@match_com","MinuteService","Inside onCreate"
"2016-10-29 00:46:02 PDT","I","test2@match_com","MinuteService","Minute Service Alarm was set by - MinuteService"
"2016-10-29 00:46:02 PDT","I","test2@match_com","MinuteService","Time since previous run - 5"
"2016-10-29 00:46:02 PDT","I","test2@match_com","MinuteService","Previous run within last 50 seconds, ignoring this run"
"2016-10-29 00:46:02 PDT","I","test2@match_com","BackupMinuteService","Inside onDestroy"
"2016-10-29 00:46:02 PDT","I","test2@match_com","MinuteService","Inside onDestroy"
"2016-10-29 00:46:02 PDT","I","test2@match_com","AlwaysOnService","Received Intent - android.intent.action.TIME_TICK"
"2016-10-29 00:46:23 PDT","I","test2@match_com","AlwaysOnService","Received Intent - android.intent.action.BATTERY_CHANGED"
"2016-10-29 00:46:36 PDT","I","test2@match_com","AlwaysOnService","Received Intent - android.intent.action.BATTERY_CHANGED"
"2016-10-29 00:46:57 PDT","I","test2@match_com","MinuteService","Inside onCreate"
"2016-10-29 00:46:57 PDT","I","test2@match_com","MinuteService","Minute Service Alarm was set by - MinuteService"
"2016-10-29 00:46:57 PDT","I","test2@match_com","MinuteService","Time since previous run - 60"
"2016-10-29 00:46:57 PDT","I","test2@match_com","MinuteService","Setting Minute Service Last Run"
"2016-10-29 00:46:57 PDT","I","test2@match_com","MinuteService","Setting Minute Service Alarm"
"2016-10-29 00:46:57 PDT","I","test2@match_com","Util","Inside setMinuteServiceAlarmFromMinuteService"
"2016-10-29 00:46:57 PDT","I","test2@match_com","Util","MinuteService last run at - Sat Oct 29 00:46:57 PDT 2016"
"2016-10-29 00:46:57 PDT","I","test2@match_com","Util","MinuteService next run at - Sat Oct 29 00:47:57 PDT 2016"
"2016-10-29 00:46:57 PDT","I","test2@match_com","MinuteService","Setting Minute Service Backup Alarm"
"2016-10-29 00:46:57 PDT","I","test2@match_com","Util","Inside setBackupMinuteServiceAlarm"
"2016-10-29 00:46:57 PDT","I","test2@match_com","Util","BackupMinuteService last run at - Sat Oct 29 00:46:02 PDT 2016"
"2016-10-29 00:46:57 PDT","I","test2@match_com","Util","BackupMinuteService next run at - Sat Oct 29 00:47:02 PDT 2016"
"2016-10-29 00:46:57 PDT","I","test2@match_com","MinuteService","Initializing MATCHConstants"
"2016-10-29 00:46:57 PDT","I","test2@match_com","MinuteService","Notifying user about minute service run"
"2016-10-29 00:46:57 PDT","I","test2@match_com","MinuteService","Writing status to Firebase Database"
"2016-10-29 00:46:57 PDT","I","test2@match_com","MinuteService","Logging Network Status"
"2016-10-29 00:46:57 PDT","I","test2@match_com","ConnectivityManager","isConnected - false - isWifi - false - isMobileInternet - false"
"2016-10-29 00:46:57 PDT","I","test2@match_com","MinuteService","Logging Battery Status"
"2016-10-29 00:46:57 PDT","I","test2@match_com","BatteryManager","Percentage - 91 - isCharging - true - isUSBCharging - false - isACCharging - true - isWirelessCharging - false"
"2016-10-29 00:46:57 PDT","I","test2@match_com","MinuteService","Logging Memory Status"
"2016-10-29 00:46:57 PDT","I","test2@match_com","MemoryManager","Total Memory,898,Available Memory,410,Threshold Memory,144,IsLowMemory,false"
"2016-10-29 00:46:57 PDT","I","test2@match_com","MinuteService","Logging Storage Status"
"2016-10-29 00:46:57 PDT","I","test2@match_com","StorageManager","Internal Total,2247,Internal Free,589,External Total,4637,External Free,3935"
"2016-10-29 00:46:57 PDT","I","test2@match_com","MinuteService","Logging Power Status"
"2016-10-29 00:46:57 PDT","I","test2@match_com","PowerManager","isDeviceIdleMode - false - isInteractive - false - isPowerSaveMode - false - isSustainedPerformanceModeSupported - false"
"2016-10-29 00:46:57 PDT","I","test2@match_com","MinuteService","Logging Notifications Status"
"2016-10-29 00:46:57 PDT","I","test2@match_com","NotificationManager","AreNotificationsEnabled - true - Importance - Unspecified"
"2016-10-29 00:46:57 PDT","I","test2@match_com","MinuteService","Logging Location"
"2016-10-29 00:46:57 PDT","I","test2@match_com","MinuteService","Fetching latest study data"
"2016-10-29 00:46:57 PDT","I","test2@match_com","MinuteService","Starting UploadManagerService"
"2016-10-29 00:46:57 PDT","I","test2@match_com","MinuteService","Starting SurveyManagerService"
"2016-10-29 00:46:57 PDT","I","test2@match_com","UploadManagerService","Inside onCreate"
"2016-10-29 00:46:57 PDT","I","test2@match_com","UploadManagerService","Processing Logs"
"2016-10-29 00:46:57 PDT","I","test2@match_com","UploadManagerService","Processing Logs for Date - /storage/emulated/0/.MATCH/logs/2016-10-26"
"2016-10-29 00:46:57 PDT","I","test2@match_com","UploadManagerService","Processing Logs for Date - /storage/emulated/0/.MATCH/logs/2016-10-27"
"2016-10-29 00:46:57 PDT","I","test2@match_com","UploadManagerService","Processing Logs for Date - /storage/emulated/0/.MATCH/logs/2016-10-28"
"2016-10-29 00:46:57 PDT","I","test2@match_com","UploadManagerService","Processing Logs for Date - /storage/emulated/0/.MATCH/logs/2016-10-29"
"2016-10-29 00:46:57 PDT","I","test2@match_com","UploadManagerService","Processing Surveys"
"2016-10-29 00:46:57 PDT","I","test2@match_com","UploadManagerService","Processing Data files"
"2016-10-29 00:46:57 PDT","I","test2@match_com","UploadManagerService","Processing data for date - /storage/emulated/0/.MATCH/data/2016-10-26"
"2016-10-29 00:46:57 PDT","I","test2@match_com","UploadManagerService","Processing data for hour /storage/emulated/0/.MATCH/data/2016-10-26/19-PDT.zip.uploaded"
"2016-10-29 00:46:57 PDT","I","test2@match_com","UploadManagerService","Processing data for hour /storage/emulated/0/.MATCH/data/2016-10-26/13-PDT.zip.uploaded"
"2016-10-29 00:46:57 PDT","I","test2@match_com","UploadManagerService","Processing data for hour /storage/emulated/0/.MATCH/data/2016-10-26/14-PDT.zip.uploaded"
"2016-10-29 00:46:57 PDT","I","test2@match_com","UploadManagerService","Processing data for hour /storage/emulated/0/.MATCH/data/2016-10-26/15-PDT.zip.uploaded"
"2016-10-29 00:46:58 PDT","I","test2@match_com","UploadManagerService","Processing data for hour /storage/emulated/0/.MATCH/data/2016-10-26/16-PDT.zip.uploaded"
"2016-10-29 00:46:58 PDT","I","test2@match_com","UploadManagerService","Processing data for hour /storage/emulated/0/.MATCH/data/2016-10-26/17-PDT.zip.uploaded"
"2016-10-29 00:46:58 PDT","I","test2@match_com","UploadManagerService","Processing data for hour /storage/emulated/0/.MATCH/data/2016-10-26/21-PDT.zip.uploaded"
"2016-10-29 00:46:58 PDT","I","test2@match_com","UploadManagerService","Processing data for hour /storage/emulated/0/.MATCH/data/2016-10-26/22-PDT.zip.uploaded"
"2016-10-29 00:46:58 PDT","I","test2@match_com","UploadManagerService","Processing data for hour /storage/emulated/0/.MATCH/data/2016-10-26/18-PDT.zip.uploaded"
"2016-10-29 00:46:58 PDT","I","test2@match_com","UploadManagerService","Processing data for hour /storage/emulated/0/.MATCH/data/2016-10-26/20-PDT.zip.uploaded"
"2016-10-29 00:46:58 PDT","I","test2@match_com","UploadManagerService","Processing data for hour /storage/emulated/0/.MATCH/data/2016-10-26/23-PDT.zip.uploaded"
"2016-10-29 00:46:58 PDT","I","test2@match_com","UploadManagerService","Processing data for date - /storage/emulated/0/.MATCH/data/2016-10-27"
"2016-10-29 00:46:58 PDT","I","test2@match_com","UploadManagerService","Processing data for hour /storage/emulated/0/.MATCH/data/2016-10-27/01-PDT.zip.uploaded"
"2016-10-29 00:46:58 PDT","I","test2@match_com","UploadManagerService","Processing data for hour /storage/emulated/0/.MATCH/data/2016-10-27/03-PDT.zip.uploaded"
"2016-10-29 00:46:58 PDT","I","test2@match_com","UploadManagerService","Processing data for hour /storage/emulated/0/.MATCH/data/2016-10-27/04-PDT.zip.uploaded"
"2016-10-29 00:46:58 PDT","I","test2@match_com","UploadManagerService","Processing data for hour /storage/emulated/0/.MATCH/data/2016-10-27/06-PDT.zip.uploaded"
"2016-10-29 00:46:58 PDT","I","test2@match_com","UploadManagerService","Processing data for hour /storage/emulated/0/.MATCH/data/2016-10-27/00-PDT.zip.uploaded"
"2016-10-29 00:46:58 PDT","I","test2@match_com","UploadManagerService","Processing data for hour /storage/emulated/0/.MATCH/data/2016-10-27/02-PDT.zip.uploaded"
"2016-10-29 00:46:58 PDT","I","test2@match_com","UploadManagerService","Processing data for hour /storage/emulated/0/.MATCH/data/2016-10-27/05-PDT.zip.uploaded"
"2016-10-29 00:46:58 PDT","I","test2@match_com","UploadManagerService","Processing data for date - /storage/emulated/0/.MATCH/data/2016-10-28"
"2016-10-29 00:46:58 PDT","I","test2@match_com","UploadManagerService","Processing data for hour /storage/emulated/0/.MATCH/data/2016-10-28/13-PDT.zip"
"2016-10-29 00:46:58 PDT","I","test2@match_com","UploadManagerService","Processing data for hour /storage/emulated/0/.MATCH/data/2016-10-28/14-PDT.zip"
"2016-10-29 00:46:58 PDT","I","test2@match_com","UploadManagerService","Processing data for hour /storage/emulated/0/.MATCH/data/2016-10-28/15-PDT.zip"
"2016-10-29 00:46:58 PDT","I","test2@match_com","UploadManagerService","Processing data for hour /storage/emulated/0/.MATCH/data/2016-10-28/16-PDT.zip"
"2016-10-29 00:46:58 PDT","I","test2@match_com","UploadManagerService","Processing data for hour /storage/emulated/0/.MATCH/data/2016-10-28/17-PDT.zip"
"2016-10-29 00:46:58 PDT","I","test2@match_com","UploadManagerService","Processing data for hour /storage/emulated/0/.MATCH/data/2016-10-28/18-PDT.zip"
"2016-10-29 00:46:58 PDT","I","test2@match_com","UploadManagerService","Processing data for hour /storage/emulated/0/.MATCH/data/2016-10-28/19-PDT.zip"
"2016-10-29 00:46:58 PDT","I","test2@match_com","UploadManagerService","Processing data for hour /storage/emulated/0/.MATCH/data/2016-10-28/20-PDT.zip"
"2016-10-29 00:46:58 PDT","I","test2@match_com","UploadManagerService","Processing data for hour /storage/emulated/0/.MATCH/data/2016-10-28/21-PDT.zip"
"2016-10-29 00:46:58 PDT","I","test2@match_com","UploadManagerService","Processing data for hour /storage/emulated/0/.MATCH/data/2016-10-28/22-PDT.zip"
"2016-10-29 00:46:58 PDT","I","test2@match_com","UploadManagerService","Processing data for hour /storage/emulated/0/.MATCH/data/2016-10-28/23-PDT.zip"
"2016-10-29 00:46:58 PDT","I","test2@match_com","UploadManagerService","Processing data for date - /storage/emulated/0/.MATCH/data/2016-10-29"
"2016-10-29 00:46:58 PDT","I","test2@match_com","UploadManagerService","Processing data for hour /storage/emulated/0/.MATCH/data/2016-10-29/00-PDT"
"2016-10-29 00:46:58 PDT","I","test2@match_com","UploadManagerService","Internet is not connected. Not trying to upload files."
"2016-10-29 00:46:58 PDT","I","test2@match_com","SurveyManagerService","Inside onCreate"
"2016-10-29 00:46:58 PDT","I","test2@match_com","SurveyManagerService","Current time is - Sat Oct 29 00:46:58 PDT 2016"
"2016-10-29 00:46:58 PDT","I","test2@match_com","SurveyManagerService","Start Date is - Tue Oct 25 19:00:00 PDT 2016"
"2016-10-29 00:46:58 PDT","I","test2@match_com","SurveyManagerService","End Date is - Tue Nov 01 16:00:00 PDT 2016"
"2016-10-29 00:46:58 PDT","I","test2@match_com","SurveyManagerService","Scheduling Survey for - KEY_EMA_0730TO0800_CHILD"
"2016-10-29 00:46:58 PDT","I","test2@match_com","SurveyManagerService","Survey KEY_EMA_0730TO0800_CHILD is already scheduled"
"2016-10-29 00:46:58 PDT","I","test2@match_com","SurveyManagerService","Scheduling Survey for - KEY_EMA_0930TO1000_CHILD"
"2016-10-29 00:46:58 PDT","I","test2@match_com","SurveyManagerService","Survey KEY_EMA_0930TO1000_CHILD is already scheduled"
"2016-10-29 00:46:58 PDT","I","test2@match_com","SurveyManagerService","Scheduling Survey for - KEY_EMA_1130TO1200_CHILD"
"2016-10-29 00:46:58 PDT","I","test2@match_com","SurveyManagerService","Survey KEY_EMA_1130TO1200_CHILD is already scheduled"
"2016-10-29 00:46:58 PDT","I","test2@match_com","SurveyManagerService","Scheduling Survey for - KEY_EMA_1330TO1400_CHILD"
"2016-10-29 00:46:58 PDT","I","test2@match_com","SurveyManagerService","Survey KEY_EMA_1330TO1400_CHILD is already scheduled"
"2016-10-29 00:46:58 PDT","I","test2@match_com","SurveyManagerService","Scheduling Survey for - KEY_EMA_1530TO1600_CHILD"
"2016-10-29 00:46:58 PDT","I","test2@match_com","SurveyManagerService","Survey KEY_EMA_1530TO1600_CHILD is already scheduled"
"2016-10-29 00:46:58 PDT","I","test2@match_com","SurveyManagerService","Scheduling Survey for - KEY_EMA_1730TO1800_CHILD"
"2016-10-29 00:46:58 PDT","I","test2@match_com","SurveyManagerService","Survey KEY_EMA_1730TO1800_CHILD is already scheduled"
"2016-10-29 00:46:58 PDT","I","test2@match_com","SurveyManagerService","Scheduling Survey for - KEY_EMA_1930TO2000_CHILD"
"2016-10-29 00:46:58 PDT","I","test2@match_com","SurveyManagerService","Survey KEY_EMA_1930TO2000_CHILD is already scheduled"
"2016-10-29 00:46:58 PDT","I","test2@match_com","SurveyManagerService","Saliva surveys are already scheduled"
"2016-10-29 00:46:58 PDT","I","test2@match_com","SurveyManagerService","Survey KEY_SALIVA_BEDTIME scheduled for Sat Oct 29 21:46:58 PDT 2016"
"2016-10-29 00:46:58 PDT","I","test2@match_com","SurveyManagerService","Survey Schedule for KEY_EMA_0730TO0800_CHILD is Sat Oct 29 07:47:17 PDT 2016"
"2016-10-29 00:46:58 PDT","I","test2@match_com","SurveyManagerService","Still not time to prompt the survey"
"2016-10-29 00:46:58 PDT","I","test2@match_com","SurveyManagerService","Survey Schedule for KEY_EMA_0930TO1000_CHILD is Sat Oct 29 09:57:24 PDT 2016"
"2016-10-29 00:46:58 PDT","I","test2@match_com","SurveyManagerService","Still not time to prompt the survey"
"2016-10-29 00:46:58 PDT","I","test2@match_com","SurveyManagerService","Survey Schedule for KEY_EMA_1130TO1200_CHILD is Sat Oct 29 11:45:10 PDT 2016"
"2016-10-29 00:46:58 PDT","I","test2@match_com","SurveyManagerService","Still not time to prompt the survey"
"2016-10-29 00:46:58 PDT","I","test2@match_com","SurveyManagerService","Survey Schedule for KEY_EMA_1330TO1400_CHILD is Sat Oct 29 13:44:02 PDT 2016"
"2016-10-29 00:46:58 PDT","I","test2@match_com","SurveyManagerService","Still not time to prompt the survey"
"2016-10-29 00:46:58 PDT","I","test2@match_com","SurveyManagerService","Survey Schedule for KEY_EMA_1530TO1600_CHILD is Sat Oct 29 15:33:41 PDT 2016"
"2016-10-29 00:46:58 PDT","I","test2@match_com","SurveyManagerService","Still not time to prompt the survey"
"2016-10-29 00:46:58 PDT","I","test2@match_com","SurveyManagerService","Survey Schedule for KEY_EMA_1730TO1800_CHILD is Sat Oct 29 17:47:43 PDT 2016"
"2016-10-29 00:46:58 PDT","I","test2@match_com","SurveyManagerService","Still not time to prompt the survey"
"2016-10-29 00:46:58 PDT","I","test2@match_com","SurveyManagerService","Survey Schedule for KEY_EMA_1930TO2000_CHILD is Sat Oct 29 19:36:11 PDT 2016"
"2016-10-29 00:46:58 PDT","I","test2@match_com","SurveyManagerService","Still not time to prompt the survey"
"2016-10-29 00:46:58 PDT","I","test2@match_com","SurveyManagerService","KEY_SALIVA_WAKING is scheduled for Sat Oct 29 06:46:56 PDT 2016"
"2016-10-29 00:46:58 PDT","I","test2@match_com","SurveyManagerService","Prompt KEY_SALIVA_WAKING is in the future - Sat Oct 29 06:46:56 PDT 2016"
"2016-10-29 00:46:58 PDT","I","test2@match_com","SurveyManagerService","KEY_SALIVA_WAKING_PLUS_30 is scheduled for Sat Oct 29 07:16:56 PDT 2016"
"2016-10-29 00:46:58 PDT","I","test2@match_com","SurveyManagerService","Prompt KEY_SALIVA_WAKING_PLUS_30 is in the future - Sat Oct 29 07:16:56 PDT 2016"
"2016-10-29 00:46:58 PDT","I","test2@match_com","SurveyManagerService","KEY_SALIVA_AFTERNOON_4TO430_CHILD is scheduled for Sat Oct 29 16:16:27 PDT 2016"
"2016-10-29 00:46:58 PDT","I","test2@match_com","SurveyManagerService","Prompt KEY_SALIVA_AFTERNOON_4TO430_CHILD is in the future - Sat Oct 29 16:16:27 PDT 2016"
"2016-10-29 00:46:58 PDT","I","test2@match_com","SurveyManagerService","KEY_SALIVA_BEDTIME is scheduled for Sat Oct 29 21:46:58 PDT 2016"
"2016-10-29 00:46:58 PDT","I","test2@match_com","SurveyManagerService","Prompt KEY_SALIVA_BEDTIME is in the future - Sat Oct 29 21:46:58 PDT 2016"
"2016-10-29 00:46:58 PDT","I","test2@match_com","MinuteService","Inside onDestroy"
"2016-10-29 00:46:58 PDT","I","test2@match_com","UploadManagerService","Inside onDestroy"
"2016-10-29 00:46:58 PDT","I","test2@match_com","SurveyManagerService","Inside onDestroy"
"2016-10-29 00:46:58 PDT","I","test2@match_com","Zipper","unzipFileWithEncryption"
"2016-10-29 00:46:58 PDT","I","test2@match_com","Zipper","Deleting File - /storage/emulated/0/.MATCH/data/2016-10-29/00-PDT/GPS.csv.zip"
"2016-10-29 00:46:58 PDT","I","test2@match_com","Zipper","zipFileWithEncryption - /storage/emulated/0/.MATCH/data/2016-10-29/00-PDT/GPS.csv"
"2016-10-29 00:46:58 PDT","I","test2@match_com","Zipper","Creating ZipFile - /storage/emulated/0/.MATCH/data/2016-10-29/00-PDT/GPS.csv.zip"
"2016-10-29 00:46:58 PDT","I","test2@match_com","Zipper","Deleting File - /storage/emulated/0/.MATCH/data/2016-10-29/00-PDT/GPS.csv"
"2016-10-29 00:47:01 PDT","I","test2@match_com","UploadManagerService","Inside onCreate"
"2016-10-29 00:47:01 PDT","I","test2@match_com","UploadManagerService","Processing Logs"
"2016-10-29 00:47:01 PDT","I","test2@match_com","UploadManagerService","Processing Logs for Date - /storage/emulated/0/.MATCH/logs/2016-10-26"
"2016-10-29 00:47:01 PDT","I","test2@match_com","UploadManagerService","Processing Logs for Date - /storage/emulated/0/.MATCH/logs/2016-10-27"
"2016-10-29 00:47:01 PDT","I","test2@match_com","UploadManagerService","Processing Logs for Date - /storage/emulated/0/.MATCH/logs/2016-10-28"
"2016-10-29 00:47:01 PDT","I","test2@match_com","UploadManagerService","Processing Logs for Date - /storage/emulated/0/.MATCH/logs/2016-10-29"
"2016-10-29 00:47:01 PDT","I","test2@match_com","UploadManagerService","Processing Surveys"
"2016-10-29 00:47:01 PDT","I","test2@match_com","UploadManagerService","Processing Data files"
"2016-10-29 00:47:01 PDT","I","test2@match_com","UploadManagerService","Processing data for date - /storage/emulated/0/.MATCH/data/2016-10-26"
"2016-10-29 00:47:01 PDT","I","test2@match_com","UploadManagerService","Processing data for hour /storage/emulated/0/.MATCH/data/2016-10-26/19-PDT.zip.uploaded"
"2016-10-29 00:47:01 PDT","I","test2@match_com","UploadManagerService","Processing data for hour /storage/emulated/0/.MATCH/data/2016-10-26/13-PDT.zip.uploaded"
"2016-10-29 00:47:01 PDT","I","test2@match_com","UploadManagerService","Processing data for hour /storage/emulated/0/.MATCH/data/2016-10-26/14-PDT.zip.uploaded"
"2016-10-29 00:47:01 PDT","I","test2@match_com","UploadManagerService","Processing data for hour /storage/emulated/0/.MATCH/data/2016-10-26/15-PDT.zip.uploaded"
"2016-10-29 00:47:01 PDT","I","test2@match_com","UploadManagerService","Processing data for hour /storage/emulated/0/.MATCH/data/2016-10-26/16-PDT.zip.uploaded"
"2016-10-29 00:47:01 PDT","I","test2@match_com","UploadManagerService","Processing data for hour /storage/emulated/0/.MATCH/data/2016-10-26/17-PDT.zip.uploaded"
"2016-10-29 00:47:01 PDT","I","test2@match_com","UploadManagerService","Processing data for hour /storage/emulated/0/.MATCH/data/2016-10-26/21-PDT.zip.uploaded"
"2016-10-29 00:47:01 PDT","I","test2@match_com","UploadManagerService","Processing data for hour /storage/emulated/0/.MATCH/data/2016-10-26/22-PDT.zip.uploaded"
"2016-10-29 00:47:01 PDT","I","test2@match_com","UploadManagerService","Processing data for hour /storage/emulated/0/.MATCH/data/2016-10-26/18-PDT.zip.uploaded"
"2016-10-29 00:47:01 PDT","I","test2@match_com","UploadManagerService","Processing data for hour /storage/emulated/0/.MATCH/data/2016-10-26/20-PDT.zip.uploaded"
"2016-10-29 00:47:01 PDT","I","test2@match_com","UploadManagerService","Processing data for hour /storage/emulated/0/.MATCH/data/2016-10-26/23-PDT.zip.uploaded"
"2016-10-29 00:47:01 PDT","I","test2@match_com","UploadManagerService","Processing data for date - /storage/emulated/0/.MATCH/data/2016-10-27"
"2016-10-29 00:47:01 PDT","I","test2@match_com","UploadManagerService","Processing data for hour /storage/emulated/0/.MATCH/data/2016-10-27/01-PDT.zip.uploaded"
"2016-10-29 00:47:01 PDT","I","test2@match_com","UploadManagerService","Processing data for hour /storage/emulated/0/.MATCH/data/2016-10-27/03-PDT.zip.uploaded"
"2016-10-29 00:47:01 PDT","I","test2@match_com","UploadManagerService","Processing data for hour /storage/emulated/0/.MATCH/data/2016-10-27/04-PDT.zip.uploaded"
"2016-10-29 00:47:01 PDT","I","test2@match_com","UploadManagerService","Processing data for hour /storage/emulated/0/.MATCH/data/2016-10-27/06-PDT.zip.uploaded"
"2016-10-29 00:47:01 PDT","I","test2@match_com","UploadManagerService","Processing data for hour /storage/emulated/0/.MATCH/data/2016-10-27/00-PDT.zip.uploaded"
"2016-10-29 00:47:01 PDT","I","test2@match_com","UploadManagerService","Processing data for hour /storage/emulated/0/.MATCH/data/2016-10-27/02-PDT.zip.uploaded"
"2016-10-29 00:47:01 PDT","I","test2@match_com","UploadManagerService","Processing data for hour /storage/emulated/0/.MATCH/data/2016-10-27/05-PDT.zip.uploaded"
"2016-10-29 00:47:01 PDT","I","test2@match_com","UploadManagerService","Processing data for date - /storage/emulated/0/.MATCH/data/2016-10-28"
"2016-10-29 00:47:01 PDT","I","test2@match_com","UploadManagerService","Processing data for hour /storage/emulated/0/.MATCH/data/2016-10-28/13-PDT.zip"
"2016-10-29 00:47:01 PDT","I","test2@match_com","UploadManagerService","Processing data for hour /storage/emulated/0/.MATCH/data/2016-10-28/14-PDT.zip"
"2016-10-29 00:47:01 PDT","I","test2@match_com","UploadManagerService","Processing data for hour /storage/emulated/0/.MATCH/data/2016-10-28/15-PDT.zip"
"2016-10-29 00:47:01 PDT","I","test2@match_com","UploadManagerService","Processing data for hour /storage/emulated/0/.MATCH/data/2016-10-28/16-PDT.zip"
"2016-10-29 00:47:01 PDT","I","test2@match_com","UploadManagerService","Processing data for hour /storage/emulated/0/.MATCH/data/2016-10-28/17-PDT.zip"
"2016-10-29 00:47:01 PDT","I","test2@match_com","UploadManagerService","Processing data for hour /storage/emulated/0/.MATCH/data/2016-10-28/18-PDT.zip"
"2016-10-29 00:47:01 PDT","I","test2@match_com","UploadManagerService","Processing data for hour /storage/emulated/0/.MATCH/data/2016-10-28/19-PDT.zip"
"2016-10-29 00:47:01 PDT","I","test2@match_com","UploadManagerService","Processing data for hour /storage/emulated/0/.MATCH/data/2016-10-28/20-PDT.zip"
"2016-10-29 00:47:01 PDT","I","test2@match_com","UploadManagerService","Processing data for hour /storage/emulated/0/.MATCH/data/2016-10-28/21-PDT.zip"
"2016-10-29 00:47:01 PDT","I","test2@match_com","UploadManagerService","Processing data for hour /storage/emulated/0/.MATCH/data/2016-10-28/22-PDT.zip"
"2016-10-29 00:47:01 PDT","I","test2@match_com","UploadManagerService","Processing data for hour /storage/emulated/0/.MATCH/data/2016-10-28/23-PDT.zip"
"2016-10-29 00:47:01 PDT","I","test2@match_com","UploadManagerService","Processing data for date - /storage/emulated/0/.MATCH/data/2016-10-29"
"2016-10-29 00:47:01 PDT","I","test2@match_com","UploadManagerService","Processing data for hour /storage/emulated/0/.MATCH/data/2016-10-29/00-PDT"
"2016-10-29 00:47:01 PDT","I","test2@match_com","UploadManagerService","Internet is not connected. Not trying to upload files."
"2016-10-29 00:47:01 PDT","I","test2@match_com","MinuteService","Inside onCreate"
"2016-10-29 00:47:01 PDT","I","test2@match_com","MinuteService","Minute Service Alarm was set by - MinuteService"
"2016-10-29 00:47:01 PDT","I","test2@match_com","MinuteService","Time since previous run - 4"
"2016-10-29 00:47:01 PDT","I","test2@match_com","MinuteService","Previous run within last 50 seconds, ignoring this run"
"2016-10-29 00:47:01 PDT","I","test2@match_com","UploadManagerService","Inside onDestroy"
"2016-10-29 00:47:01 PDT","I","test2@match_com","MinuteService","Inside onDestroy"
"2016-10-29 00:47:02 PDT","I","test2@match_com","BackupMinuteService","Inside onCreate"
"2016-10-29 00:47:02 PDT","I","test2@match_com","Util","Inside setBackupMinuteServiceAlarm"
"2016-10-29 00:47:02 PDT","I","test2@match_com","Util","BackupMinuteService last run at - Sat Oct 29 00:47:02 PDT 2016"
"2016-10-29 00:47:02 PDT","I","test2@match_com","Util","BackupMinuteService next run at - Sat Oct 29 00:48:02 PDT 2016"
"2016-10-29 00:47:02 PDT","I","test2@match_com","MinuteService","Inside onCreate"
"2016-10-29 00:47:02 PDT","I","test2@match_com","MinuteService","Minute Service Alarm was set by - MinuteService"
"2016-10-29 00:47:02 PDT","I","test2@match_com","MinuteService","Time since previous run - 5"
"2016-10-29 00:47:02 PDT","I","test2@match_com","MinuteService","Previous run within last 50 seconds, ignoring this run"
"2016-10-29 00:47:02 PDT","I","test2@match_com","BackupMinuteService","Inside onDestroy"
"2016-10-29 00:47:02 PDT","I","test2@match_com","MinuteService","Inside onDestroy"
"2016-10-29 00:47:02 PDT","I","test2@match_com","AlwaysOnService","Received Intent - android.intent.action.TIME_TICK"
"2016-10-29 00:47:23 PDT","I","test2@match_com","AlwaysOnService","Received Intent - android.intent.action.BATTERY_CHANGED"
"2016-10-29 00:47:36 PDT","I","test2@match_com","AlwaysOnService","Received Intent - android.intent.action.BATTERY_CHANGED"
"2016-10-29 00:47:52 PDT","I","test2@match_com","AlwaysOnService","Received Intent - android.intent.action.BATTERY_CHANGED"
"2016-10-29 00:47:57 PDT","I","test2@match_com","MinuteService","Inside onCreate"
"2016-10-29 00:47:57 PDT","I","test2@match_com","MinuteService","Minute Service Alarm was set by - MinuteService"
"2016-10-29 00:47:57 PDT","I","test2@match_com","MinuteService","Time since previous run - 60"
"2016-10-29 00:47:57 PDT","I","test2@match_com","MinuteService","Setting Minute Service Last Run"
"2016-10-29 00:47:57 PDT","I","test2@match_com","MinuteService","Setting Minute Service Alarm"
"2016-10-29 00:47:57 PDT","I","test2@match_com","Util","Inside setMinuteServiceAlarmFromMinuteService"
"2016-10-29 00:47:57 PDT","I","test2@match_com","Util","MinuteService last run at - Sat Oct 29 00:47:57 PDT 2016"
"2016-10-29 00:47:57 PDT","I","test2@match_com","Util","MinuteService next run at - Sat Oct 29 00:48:57 PDT 2016"
"2016-10-29 00:47:57 PDT","I","test2@match_com","MinuteService","Setting Minute Service Backup Alarm"
"2016-10-29 00:47:57 PDT","I","test2@match_com","Util","Inside setBackupMinuteServiceAlarm"
"2016-10-29 00:47:57 PDT","I","test2@match_com","Util","BackupMinuteService last run at - Sat Oct 29 00:47:02 PDT 2016"
"2016-10-29 00:47:57 PDT","I","test2@match_com","Util","BackupMinuteService next run at - Sat Oct 29 00:48:02 PDT 2016"
"2016-10-29 00:47:57 PDT","I","test2@match_com","MinuteService","Initializing MATCHConstants"
"2016-10-29 00:47:57 PDT","I","test2@match_com","MinuteService","Notifying user about minute service run"
"2016-10-29 00:47:57 PDT","I","test2@match_com","MinuteService","Writing status to Firebase Database"
"2016-10-29 00:47:57 PDT","I","test2@match_com","MinuteService","Logging Network Status"
"2016-10-29 00:47:57 PDT","I","test2@match_com","ConnectivityManager","isConnected - false - isWifi - false - isMobileInternet - false"
"2016-10-29 00:47:57 PDT","I","test2@match_com","MinuteService","Logging Battery Status"
"2016-10-29 00:47:57 PDT","I","test2@match_com","BatteryManager","Percentage - 92 - isCharging - true - isUSBCharging - false - isACCharging - true - isWirelessCharging - false"
"2016-10-29 00:47:57 PDT","I","test2@match_com","MinuteService","Logging Memory Status"
"2016-10-29 00:47:57 PDT","I","test2@match_com","MemoryManager","Total Memory,898,Available Memory,409,Threshold Memory,144,IsLowMemory,false"
"2016-10-29 00:47:57 PDT","I","test2@match_com","MinuteService","Logging Storage Status"
"2016-10-29 00:47:57 PDT","I","test2@match_com","StorageManager","Internal Total,2247,Internal Free,589,External Total,4637,External Free,3935"
"2016-10-29 00:47:57 PDT","I","test2@match_com","MinuteService","Logging Power Status"
"2016-10-29 00:47:57 PDT","I","test2@match_com","PowerManager","isDeviceIdleMode - false - isInteractive - false - isPowerSaveMode - false - isSustainedPerformanceModeSupported - false"
"2016-10-29 00:47:57 PDT","I","test2@match_com","MinuteService","Logging Notifications Status"
"2016-10-29 00:47:57 PDT","I","test2@match_com","NotificationManager","AreNotificationsEnabled - true - Importance - Unspecified"
"2016-10-29 00:47:57 PDT","I","test2@match_com","MinuteService","Logging Location"
"2016-10-29 00:47:57 PDT","I","test2@match_com","MinuteService","Fetching latest study data"
"2016-10-29 00:47:57 PDT","I","test2@match_com","MinuteService","Starting UploadManagerService"
"2016-10-29 00:47:57 PDT","I","test2@match_com","MinuteService","Starting SurveyManagerService"
"2016-10-29 00:47:57 PDT","I","test2@match_com","UploadManagerService","Inside onCreate"
"2016-10-29 00:47:57 PDT","I","test2@match_com","UploadManagerService","Processing Logs"
"2016-10-29 00:47:57 PDT","I","test2@match_com","UploadManagerService","Processing Logs for Date - /storage/emulated/0/.MATCH/logs/2016-10-26"
"2016-10-29 00:47:57 PDT","I","test2@match_com","UploadManagerService","Processing Logs for Date - /storage/emulated/0/.MATCH/logs/2016-10-27"
"2016-10-29 00:47:57 PDT","I","test2@match_com","UploadManagerService","Processing Logs for Date - /storage/emulated/0/.MATCH/logs/2016-10-28"
"2016-10-29 00:47:57 PDT","I","test2@match_com","UploadManagerService","Processing Logs for Date - /storage/emulated/0/.MATCH/logs/2016-10-29"
"2016-10-29 00:47:57 PDT","I","test2@match_com","UploadManagerService","Processing Surveys"
"2016-10-29 00:47:57 PDT","I","test2@match_com","UploadManagerService","Processing Data files"
"2016-10-29 00:47:57 PDT","I","test2@match_com","UploadManagerService","Processing data for date - /storage/emulated/0/.MATCH/data/2016-10-26"
"2016-10-29 00:47:57 PDT","I","test2@match_com","UploadManagerService","Processing data for hour /storage/emulated/0/.MATCH/data/2016-10-26/19-PDT.zip.uploaded"
"2016-10-29 00:47:58 PDT","I","test2@match_com","UploadManagerService","Processing data for hour /storage/emulated/0/.MATCH/data/2016-10-26/13-PDT.zip.uploaded"
"2016-10-29 00:47:58 PDT","I","test2@match_com","UploadManagerService","Processing data for hour /storage/emulated/0/.MATCH/data/2016-10-26/14-PDT.zip.uploaded"
"2016-10-29 00:47:58 PDT","I","test2@match_com","UploadManagerService","Processing data for hour /storage/emulated/0/.MATCH/data/2016-10-26/15-PDT.zip.uploaded"
"2016-10-29 00:47:58 PDT","I","test2@match_com","UploadManagerService","Processing data for hour /storage/emulated/0/.MATCH/data/2016-10-26/16-PDT.zip.uploaded"
"2016-10-29 00:47:58 PDT","I","test2@match_com","UploadManagerService","Processing data for hour /storage/emulated/0/.MATCH/data/2016-10-26/17-PDT.zip.uploaded"
"2016-10-29 00:47:58 PDT","I","test2@match_com","UploadManagerService","Processing data for hour /storage/emulated/0/.MATCH/data/2016-10-26/21-PDT.zip.uploaded"
"2016-10-29 00:47:58 PDT","I","test2@match_com","UploadManagerService","Processing data for hour /storage/emulated/0/.MATCH/data/2016-10-26/22-PDT.zip.uploaded"
"2016-10-29 00:47:58 PDT","I","test2@match_com","UploadManagerService","Processing data for hour /storage/emulated/0/.MATCH/data/2016-10-26/18-PDT.zip.uploaded"
"2016-10-29 00:47:58 PDT","I","test2@match_com","UploadManagerService","Processing data for hour /storage/emulated/0/.MATCH/data/2016-10-26/20-PDT.zip.uploaded"
"2016-10-29 00:47:58 PDT","I","test2@match_com","UploadManagerService","Processing data for hour /storage/emulated/0/.MATCH/data/2016-10-26/23-PDT.zip.uploaded"
"2016-10-29 00:47:58 PDT","I","test2@match_com","UploadManagerService","Processing data for date - /storage/emulated/0/.MATCH/data/2016-10-27"
"2016-10-29 00:47:58 PDT","I","test2@match_com","UploadManagerService","Processing data for hour /storage/emulated/0/.MATCH/data/2016-10-27/01-PDT.zip.uploaded"
"2016-10-29 00:47:58 PDT","I","test2@match_com","UploadManagerService","Processing data for hour /storage/emulated/0/.MATCH/data/2016-10-27/03-PDT.zip.uploaded"
"2016-10-29 00:47:58 PDT","I","test2@match_com","UploadManagerService","Processing data for hour /storage/emulated/0/.MATCH/data/2016-10-27/04-PDT.zip.uploaded"
"2016-10-29 00:47:58 PDT","I","test2@match_com","UploadManagerService","Processing data for hour /storage/emulated/0/.MATCH/data/2016-10-27/06-PDT.zip.uploaded"
"2016-10-29 00:47:58 PDT","I","test2@match_com","UploadManagerService","Processing data for hour /storage/emulated/0/.MATCH/data/2016-10-27/00-PDT.zip.uploaded"
"2016-10-29 00:47:58 PDT","I","test2@match_com","UploadManagerService","Processing data for hour /storage/emulated/0/.MATCH/data/2016-10-27/02-PDT.zip.uploaded"
"2016-10-29 00:47:58 PDT","I","test2@match_com","UploadManagerService","Processing data for hour /storage/emulated/0/.MATCH/data/2016-10-27/05-PDT.zip.uploaded"
"2016-10-29 00:47:58 PDT","I","test2@match_com","UploadManagerService","Processing data for date - /storage/emulated/0/.MATCH/data/2016-10-28"
"2016-10-29 00:47:58 PDT","I","test2@match_com","UploadManagerService","Processing data for hour /storage/emulated/0/.MATCH/data/2016-10-28/13-PDT.zip"
"2016-10-29 00:47:58 PDT","I","test2@match_com","UploadManagerService","Processing data for hour /storage/emulated/0/.MATCH/data/2016-10-28/14-PDT.zip"
"2016-10-29 00:47:58 PDT","I","test2@match_com","UploadManagerService","Processing data for hour /storage/emulated/0/.MATCH/data/2016-10-28/15-PDT.zip"
"2016-10-29 00:47:58 PDT","I","test2@match_com","UploadManagerService","Processing data for hour /storage/emulated/0/.MATCH/data/2016-10-28/16-PDT.zip"
"2016-10-29 00:47:58 PDT","I","test2@match_com","UploadManagerService","Processing data for hour /storage/emulated/0/.MATCH/data/2016-10-28/17-PDT.zip"
"2016-10-29 00:47:58 PDT","I","test2@match_com","UploadManagerService","Processing data for hour /storage/emulated/0/.MATCH/data/2016-10-28/18-PDT.zip"
"2016-10-29 00:47:58 PDT","I","test2@match_com","UploadManagerService","Processing data for hour /storage/emulated/0/.MATCH/data/2016-10-28/19-PDT.zip"
"2016-10-29 00:47:58 PDT","I","test2@match_com","UploadManagerService","Processing data for hour /storage/emulated/0/.MATCH/data/2016-10-28/20-PDT.zip"
"2016-10-29 00:47:58 PDT","I","test2@match_com","UploadManagerService","Processing data for hour /storage/emulated/0/.MATCH/data/2016-10-28/21-PDT.zip"
"2016-10-29 00:47:58 PDT","I","test2@match_com","UploadManagerService","Processing data for hour /storage/emulated/0/.MATCH/data/2016-10-28/22-PDT.zip"
"2016-10-29 00:47:58 PDT","I","test2@match_com","UploadManagerService","Processing data for hour /storage/emulated/0/.MATCH/data/2016-10-28/23-PDT.zip"
"2016-10-29 00:47:58 PDT","I","test2@match_com","UploadManagerService","Processing data for date - /storage/emulated/0/.MATCH/data/2016-10-29"
"2016-10-29 00:47:58 PDT","I","test2@match_com","UploadManagerService","Processing data for hour /storage/emulated/0/.MATCH/data/2016-10-29/00-PDT"
"2016-10-29 00:47:58 PDT","I","test2@match_com","UploadManagerService","Internet is not connected. Not trying to upload files."
"2016-10-29 00:47:58 PDT","I","test2@match_com","SurveyManagerService","Inside onCreate"
"2016-10-29 00:47:58 PDT","I","test2@match_com","SurveyManagerService","Current time is - Sat Oct 29 00:47:58 PDT 2016"
"2016-10-29 00:47:58 PDT","I","test2@match_com","SurveyManagerService","Start Date is - Tue Oct 25 19:00:00 PDT 2016"
"2016-10-29 00:47:58 PDT","I","test2@match_com","SurveyManagerService","End Date is - Tue Nov 01 16:00:00 PDT 2016"
"2016-10-29 00:47:58 PDT","I","test2@match_com","SurveyManagerService","Scheduling Survey for - KEY_EMA_0730TO0800_CHILD"
"2016-10-29 00:47:58 PDT","I","test2@match_com","SurveyManagerService","Survey KEY_EMA_0730TO0800_CHILD is already scheduled"
"2016-10-29 00:47:58 PDT","I","test2@match_com","SurveyManagerService","Scheduling Survey for - KEY_EMA_0930TO1000_CHILD"
"2016-10-29 00:47:58 PDT","I","test2@match_com","SurveyManagerService","Survey KEY_EMA_0930TO1000_CHILD is already scheduled"
"2016-10-29 00:47:58 PDT","I","test2@match_com","SurveyManagerService","Scheduling Survey for - KEY_EMA_1130TO1200_CHILD"
"2016-10-29 00:47:58 PDT","I","test2@match_com","SurveyManagerService","Survey KEY_EMA_1130TO1200_CHILD is already scheduled"
"2016-10-29 00:47:58 PDT","I","test2@match_com","SurveyManagerService","Scheduling Survey for - KEY_EMA_1330TO1400_CHILD"
"2016-10-29 00:47:58 PDT","I","test2@match_com","SurveyManagerService","Survey KEY_EMA_1330TO1400_CHILD is already scheduled"
"2016-10-29 00:47:58 PDT","I","test2@match_com","SurveyManagerService","Scheduling Survey for - KEY_EMA_1530TO1600_CHILD"
"2016-10-29 00:47:58 PDT","I","test2@match_com","SurveyManagerService","Survey KEY_EMA_1530TO1600_CHILD is already scheduled"
"2016-10-29 00:47:58 PDT","I","test2@match_com","SurveyManagerService","Scheduling Survey for - KEY_EMA_1730TO1800_CHILD"
"2016-10-29 00:47:58 PDT","I","test2@match_com","SurveyManagerService","Survey KEY_EMA_1730TO1800_CHILD is already scheduled"
"2016-10-29 00:47:58 PDT","I","test2@match_com","SurveyManagerService","Scheduling Survey for - KEY_EMA_1930TO2000_CHILD"
"2016-10-29 00:47:58 PDT","I","test2@match_com","SurveyManagerService","Survey KEY_EMA_1930TO2000_CHILD is already scheduled"
"2016-10-29 00:47:58 PDT","I","test2@match_com","SurveyManagerService","Saliva surveys are already scheduled"
"2016-10-29 00:47:58 PDT","I","test2@match_com","SurveyManagerService","Survey KEY_SALIVA_BEDTIME scheduled for Sat Oct 29 21:46:58 PDT 2016"
"2016-10-29 00:47:58 PDT","I","test2@match_com","SurveyManagerService","Survey Schedule for KEY_EMA_0730TO0800_CHILD is Sat Oct 29 07:47:17 PDT 2016"
"2016-10-29 00:47:58 PDT","I","test2@match_com","SurveyManagerService","Still not time to prompt the survey"
"2016-10-29 00:47:58 PDT","I","test2@match_com","SurveyManagerService","Survey Schedule for KEY_EMA_0930TO1000_CHILD is Sat Oct 29 09:57:24 PDT 2016"
"2016-10-29 00:47:58 PDT","I","test2@match_com","SurveyManagerService","Still not time to prompt the survey"
"2016-10-29 00:47:58 PDT","I","test2@match_com","SurveyManagerService","Survey Schedule for KEY_EMA_1130TO1200_CHILD is Sat Oct 29 11:45:10 PDT 2016"
"2016-10-29 00:47:58 PDT","I","test2@match_com","SurveyManagerService","Still not time to prompt the survey"
"2016-10-29 00:47:58 PDT","I","test2@match_com","SurveyManagerService","Survey Schedule for KEY_EMA_1330TO1400_CHILD is Sat Oct 29 13:44:02 PDT 2016"
"2016-10-29 00:47:58 PDT","I","test2@match_com","SurveyManagerService","Still not time to prompt the survey"
"2016-10-29 00:47:58 PDT","I","test2@match_com","SurveyManagerService","Survey Schedule for KEY_EMA_1530TO1600_CHILD is Sat Oct 29 15:33:41 PDT 2016"
"2016-10-29 00:47:58 PDT","I","test2@match_com","SurveyManagerService","Still not time to prompt the survey"
"2016-10-29 00:47:58 PDT","I","test2@match_com","SurveyManagerService","Survey Schedule for KEY_EMA_1730TO1800_CHILD is Sat Oct 29 17:47:43 PDT 2016"
"2016-10-29 00:47:58 PDT","I","test2@match_com","SurveyManagerService","Still not time to prompt the survey"
"2016-10-29 00:47:58 PDT","I","test2@match_com","SurveyManagerService","Survey Schedule for KEY_EMA_1930TO2000_CHILD is Sat Oct 29 19:36:11 PDT 2016"
"2016-10-29 00:47:58 PDT","I","test2@match_com","SurveyManagerService","Still not time to prompt the survey"
"2016-10-29 00:47:58 PDT","I","test2@match_com","SurveyManagerService","KEY_SALIVA_WAKING is scheduled for Sat Oct 29 06:46:56 PDT 2016"
"2016-10-29 00:47:58 PDT","I","test2@match_com","SurveyManagerService","Prompt KEY_SALIVA_WAKING is in the future - Sat Oct 29 06:46:56 PDT 2016"
"2016-10-29 00:47:58 PDT","I","test2@match_com","SurveyManagerService","KEY_SALIVA_WAKING_PLUS_30 is scheduled for Sat Oct 29 07:16:56 PDT 2016"
"2016-10-29 00:47:58 PDT","I","test2@match_com","SurveyManagerService","Prompt KEY_SALIVA_WAKING_PLUS_30 is in the future - Sat Oct 29 07:16:56 PDT 2016"
"2016-10-29 00:47:58 PDT","I","test2@match_com","SurveyManagerService","KEY_SALIVA_AFTERNOON_4TO430_CHILD is scheduled for Sat Oct 29 16:16:27 PDT 2016"
"2016-10-29 00:47:58 PDT","I","test2@match_com","SurveyManagerService","Prompt KEY_SALIVA_AFTERNOON_4TO430_CHILD is in the future - Sat Oct 29 16:16:27 PDT 2016"
"2016-10-29 00:47:58 PDT","I","test2@match_com","SurveyManagerService","KEY_SALIVA_BEDTIME is scheduled for Sat Oct 29 21:46:58 PDT 2016"
"2016-10-29 00:47:58 PDT","I","test2@match_com","SurveyManagerService","Prompt KEY_SALIVA_BEDTIME is in the future - Sat Oct 29 21:46:58 PDT 2016"
"2016-10-29 00:47:58 PDT","I","test2@match_com","MinuteService","Inside onDestroy"
"2016-10-29 00:47:58 PDT","I","test2@match_com","UploadManagerService","Inside onDestroy"
"2016-10-29 00:47:58 PDT","I","test2@match_com","SurveyManagerService","Inside onDestroy"
"2016-10-29 00:47:58 PDT","I","test2@match_com","Zipper","unzipFileWithEncryption"
"2016-10-29 00:47:58 PDT","I","test2@match_com","Zipper","Deleting File - /storage/emulated/0/.MATCH/data/2016-10-29/00-PDT/GPS.csv.zip"
"2016-10-29 00:47:58 PDT","I","test2@match_com","Zipper","zipFileWithEncryption - /storage/emulated/0/.MATCH/data/2016-10-29/00-PDT/GPS.csv"
"2016-10-29 00:47:58 PDT","I","test2@match_com","Zipper","Creating ZipFile - /storage/emulated/0/.MATCH/data/2016-10-29/00-PDT/GPS.csv.zip"
"2016-10-29 00:47:58 PDT","I","test2@match_com","Zipper","Deleting File - /storage/emulated/0/.MATCH/data/2016-10-29/00-PDT/GPS.csv"
"2016-10-29 00:48:01 PDT","I","test2@match_com","UploadManagerService","Inside onCreate"
"2016-10-29 00:48:01 PDT","I","test2@match_com","UploadManagerService","Processing Logs"
"2016-10-29 00:48:01 PDT","I","test2@match_com","UploadManagerService","Processing Logs for Date - /storage/emulated/0/.MATCH/logs/2016-10-26"
"2016-10-29 00:48:01 PDT","I","test2@match_com","UploadManagerService","Processing Logs for Date - /storage/emulated/0/.MATCH/logs/2016-10-27"
"2016-10-29 00:48:01 PDT","I","test2@match_com","UploadManagerService","Processing Logs for Date - /storage/emulated/0/.MATCH/logs/2016-10-28"
"2016-10-29 00:48:01 PDT","I","test2@match_com","UploadManagerService","Processing Logs for Date - /storage/emulated/0/.MATCH/logs/2016-10-29"
"2016-10-29 00:48:01 PDT","I","test2@match_com","UploadManagerService","Processing Surveys"
"2016-10-29 00:48:01 PDT","I","test2@match_com","UploadManagerService","Processing Data files"
"2016-10-29 00:48:01 PDT","I","test2@match_com","UploadManagerService","Processing data for date - /storage/emulated/0/.MATCH/data/2016-10-26"
"2016-10-29 00:48:01 PDT","I","test2@match_com","UploadManagerService","Processing data for hour /storage/emulated/0/.MATCH/data/2016-10-26/19-PDT.zip.uploaded"
"2016-10-29 00:48:01 PDT","I","test2@match_com","UploadManagerService","Processing data for hour /storage/emulated/0/.MATCH/data/2016-10-26/13-PDT.zip.uploaded"
"2016-10-29 00:48:01 PDT","I","test2@match_com","UploadManagerService","Processing data for hour /storage/emulated/0/.MATCH/data/2016-10-26/14-PDT.zip.uploaded"
"2016-10-29 00:48:01 PDT","I","test2@match_com","UploadManagerService","Processing data for hour /storage/emulated/0/.MATCH/data/2016-10-26/15-PDT.zip.uploaded"
"2016-10-29 00:48:01 PDT","I","test2@match_com","UploadManagerService","Processing data for hour /storage/emulated/0/.MATCH/data/2016-10-26/16-PDT.zip.uploaded"
"2016-10-29 00:48:01 PDT","I","test2@match_com","UploadManagerService","Processing data for hour /storage/emulated/0/.MATCH/data/2016-10-26/17-PDT.zip.uploaded"
"2016-10-29 00:48:01 PDT","I","test2@match_com","UploadManagerService","Processing data for hour /storage/emulated/0/.MATCH/data/2016-10-26/21-PDT.zip.uploaded"
"2016-10-29 00:48:01 PDT","I","test2@match_com","UploadManagerService","Processing data for hour /storage/emulated/0/.MATCH/data/2016-10-26/22-PDT.zip.uploaded"
"2016-10-29 00:48:01 PDT","I","test2@match_com","UploadManagerService","Processing data for hour /storage/emulated/0/.MATCH/data/2016-10-26/18-PDT.zip.uploaded"
"2016-10-29 00:48:01 PDT","I","test2@match_com","UploadManagerService","Processing data for hour /storage/emulated/0/.MATCH/data/2016-10-26/20-PDT.zip.uploaded"
"2016-10-29 00:48:01 PDT","I","test2@match_com","UploadManagerService","Processing data for hour /storage/emulated/0/.MATCH/data/2016-10-26/23-PDT.zip.uploaded"
"2016-10-29 00:48:01 PDT","I","test2@match_com","UploadManagerService","Processing data for date - /storage/emulated/0/.MATCH/data/2016-10-27"
"2016-10-29 00:48:01 PDT","I","test2@match_com","UploadManagerService","Processing data for hour /storage/emulated/0/.MATCH/data/2016-10-27/01-PDT.zip.uploaded"
"2016-10-29 00:48:01 PDT","I","test2@match_com","UploadManagerService","Processing data for hour /storage/emulated/0/.MATCH/data/2016-10-27/03-PDT.zip.uploaded"
"2016-10-29 00:48:01 PDT","I","test2@match_com","UploadManagerService","Processing data for hour /storage/emulated/0/.MATCH/data/2016-10-27/04-PDT.zip.uploaded"
"2016-10-29 00:48:01 PDT","I","test2@match_com","UploadManagerService","Processing data for hour /storage/emulated/0/.MATCH/data/2016-10-27/06-PDT.zip.uploaded"
"2016-10-29 00:48:01 PDT","I","test2@match_com","UploadManagerService","Processing data for hour /storage/emulated/0/.MATCH/data/2016-10-27/00-PDT.zip.uploaded"
"2016-10-29 00:48:01 PDT","I","test2@match_com","UploadManagerService","Processing data for hour /storage/emulated/0/.MATCH/data/2016-10-27/02-PDT.zip.uploaded"
"2016-10-29 00:48:01 PDT","I","test2@match_com","UploadManagerService","Processing data for hour /storage/emulated/0/.MATCH/data/2016-10-27/05-PDT.zip.uploaded"
"2016-10-29 00:48:01 PDT","I","test2@match_com","UploadManagerService","Processing data for date - /storage/emulated/0/.MATCH/data/2016-10-28"
"2016-10-29 00:48:01 PDT","I","test2@match_com","UploadManagerService","Processing data for hour /storage/emulated/0/.MATCH/data/2016-10-28/13-PDT.zip"
"2016-10-29 00:48:01 PDT","I","test2@match_com","UploadManagerService","Processing data for hour /storage/emulated/0/.MATCH/data/2016-10-28/14-PDT.zip"
"2016-10-29 00:48:01 PDT","I","test2@match_com","UploadManagerService","Processing data for hour /storage/emulated/0/.MATCH/data/2016-10-28/15-PDT.zip"
"2016-10-29 00:48:01 PDT","I","test2@match_com","UploadManagerService","Processing data for hour /storage/emulated/0/.MATCH/data/2016-10-28/16-PDT.zip"
"2016-10-29 00:48:01 PDT","I","test2@match_com","UploadManagerService","Processing data for hour /storage/emulated/0/.MATCH/data/2016-10-28/17-PDT.zip"
"2016-10-29 00:48:01 PDT","I","test2@match_com","UploadManagerService","Processing data for hour /storage/emulated/0/.MATCH/data/2016-10-28/18-PDT.zip"
"2016-10-29 00:48:01 PDT","I","test2@match_com","UploadManagerService","Processing data for hour /storage/emulated/0/.MATCH/data/2016-10-28/19-PDT.zip"
"2016-10-29 00:48:01 PDT","I","test2@match_com","UploadManagerService","Processing data for hour /storage/emulated/0/.MATCH/data/2016-10-28/20-PDT.zip"
"2016-10-29 00:48:01 PDT","I","test2@match_com","UploadManagerService","Processing data for hour /storage/emulated/0/.MATCH/data/2016-10-28/21-PDT.zip"
"2016-10-29 00:48:01 PDT","I","test2@match_com","UploadManagerService","Processing data for hour /storage/emulated/0/.MATCH/data/2016-10-28/22-PDT.zip"
"2016-10-29 00:48:01 PDT","I","test2@match_com","UploadManagerService","Processing data for hour /storage/emulated/0/.MATCH/data/2016-10-28/23-PDT.zip"
"2016-10-29 00:48:01 PDT","I","test2@match_com","UploadManagerService","Processing data for date - /storage/emulated/0/.MATCH/data/2016-10-29"
"2016-10-29 00:48:01 PDT","I","test2@match_com","UploadManagerService","Processing data for hour /storage/emulated/0/.MATCH/data/2016-10-29/00-PDT"
"2016-10-29 00:48:01 PDT","I","test2@match_com","UploadManagerService","Internet is not connected. Not trying to upload files."
"2016-10-29 00:48:01 PDT","I","test2@match_com","MinuteService","Inside onCreate"
"2016-10-29 00:48:01 PDT","I","test2@match_com","MinuteService","Minute Service Alarm was set by - MinuteService"
"2016-10-29 00:48:01 PDT","I","test2@match_com","MinuteService","Time since previous run - 3"
"2016-10-29 00:48:01 PDT","I","test2@match_com","MinuteService","Previous run within last 50 seconds, ignoring this run"
"2016-10-29 00:48:01 PDT","I","test2@match_com","UploadManagerService","Inside onDestroy"
"2016-10-29 00:48:01 PDT","I","test2@match_com","MinuteService","Inside onDestroy"
"2016-10-29 00:48:02 PDT","I","test2@match_com","BackupMinuteService","Inside onCreate"
"2016-10-29 00:48:02 PDT","I","test2@match_com","Util","Inside setBackupMinuteServiceAlarm"
"2016-10-29 00:48:02 PDT","I","test2@match_com","Util","BackupMinuteService last run at - Sat Oct 29 00:48:02 PDT 2016"
"2016-10-29 00:48:02 PDT","I","test2@match_com","Util","BackupMinuteService next run at - Sat Oct 29 00:49:02 PDT 2016"
"2016-10-29 00:48:02 PDT","I","test2@match_com","MinuteService","Inside onCreate"
"2016-10-29 00:48:02 PDT","I","test2@match_com","MinuteService","Minute Service Alarm was set by - MinuteService"
"2016-10-29 00:48:02 PDT","I","test2@match_com","MinuteService","Time since previous run - 5"
"2016-10-29 00:48:02 PDT","I","test2@match_com","MinuteService","Previous run within last 50 seconds, ignoring this run"
"2016-10-29 00:48:02 PDT","I","test2@match_com","BackupMinuteService","Inside onDestroy"
"2016-10-29 00:48:02 PDT","I","test2@match_com","MinuteService","Inside onDestroy"
"2016-10-29 00:48:02 PDT","I","test2@match_com","AlwaysOnService","Received Intent - android.intent.action.TIME_TICK"
"2016-10-29 00:48:52 PDT","I","test2@match_com","AlwaysOnService","Received Intent - android.intent.action.BATTERY_CHANGED"
"2016-10-29 00:48:57 PDT","I","test2@match_com","MinuteService","Inside onCreate"
"2016-10-29 00:48:57 PDT","I","test2@match_com","MinuteService","Minute Service Alarm was set by - MinuteService"
"2016-10-29 00:48:57 PDT","I","test2@match_com","MinuteService","Time since previous run - 60"
"2016-10-29 00:48:57 PDT","I","test2@match_com","MinuteService","Setting Minute Service Last Run"
"2016-10-29 00:48:57 PDT","I","test2@match_com","MinuteService","Setting Minute Service Alarm"
"2016-10-29 00:48:57 PDT","I","test2@match_com","Util","Inside setMinuteServiceAlarmFromMinuteService"
"2016-10-29 00:48:57 PDT","I","test2@match_com","Util","MinuteService last run at - Sat Oct 29 00:48:57 PDT 2016"
"2016-10-29 00:48:57 PDT","I","test2@match_com","Util","MinuteService next run at - Sat Oct 29 00:49:57 PDT 2016"
"2016-10-29 00:48:57 PDT","I","test2@match_com","MinuteService","Setting Minute Service Backup Alarm"
"2016-10-29 00:48:57 PDT","I","test2@match_com","Util","Inside setBackupMinuteServiceAlarm"
"2016-10-29 00:48:57 PDT","I","test2@match_com","Util","BackupMinuteService last run at - Sat Oct 29 00:48:02 PDT 2016"
"2016-10-29 00:48:57 PDT","I","test2@match_com","Util","BackupMinuteService next run at - Sat Oct 29 00:49:02 PDT 2016"
"2016-10-29 00:48:57 PDT","I","test2@match_com","MinuteService","Initializing MATCHConstants"
"2016-10-29 00:48:57 PDT","I","test2@match_com","MinuteService","Notifying user about minute service run"
"2016-10-29 00:48:57 PDT","I","test2@match_com","MinuteService","Writing status to Firebase Database"
"2016-10-29 00:48:57 PDT","I","test2@match_com","MinuteService","Logging Network Status"
"2016-10-29 00:48:57 PDT","I","test2@match_com","ConnectivityManager","isConnected - false - isWifi - false - isMobileInternet - false"
"2016-10-29 00:48:57 PDT","I","test2@match_com","MinuteService","Logging Battery Status"
"2016-10-29 00:48:57 PDT","I","test2@match_com","BatteryManager","Percentage - 92 - isCharging - true - isUSBCharging - false - isACCharging - true - isWirelessCharging - false"
"2016-10-29 00:48:57 PDT","I","test2@match_com","MinuteService","Logging Memory Status"
"2016-10-29 00:48:57 PDT","I","test2@match_com","MemoryManager","Total Memory,898,Available Memory,411,Threshold Memory,144,IsLowMemory,false"
"2016-10-29 00:48:57 PDT","I","test2@match_com","MinuteService","Logging Storage Status"
"2016-10-29 00:48:57 PDT","I","test2@match_com","StorageManager","Internal Total,2247,Internal Free,589,External Total,4637,External Free,3935"
"2016-10-29 00:48:57 PDT","I","test2@match_com","MinuteService","Logging Power Status"
"2016-10-29 00:48:57 PDT","I","test2@match_com","PowerManager","isDeviceIdleMode - false - isInteractive - false - isPowerSaveMode - false - isSustainedPerformanceModeSupported - false"
"2016-10-29 00:48:57 PDT","I","test2@match_com","MinuteService","Logging Notifications Status"
"2016-10-29 00:48:57 PDT","I","test2@match_com","NotificationManager","AreNotificationsEnabled - true - Importance - Unspecified"
"2016-10-29 00:48:57 PDT","I","test2@match_com","MinuteService","Logging Location"
"2016-10-29 00:48:57 PDT","I","test2@match_com","MinuteService","Fetching latest study data"
"2016-10-29 00:48:57 PDT","I","test2@match_com","MinuteService","Starting UploadManagerService"
"2016-10-29 00:48:57 PDT","I","test2@match_com","MinuteService","Starting SurveyManagerService"
"2016-10-29 00:48:58 PDT","I","test2@match_com","UploadManagerService","Inside onCreate"
"2016-10-29 00:48:58 PDT","I","test2@match_com","UploadManagerService","Processing Logs"
"2016-10-29 00:48:58 PDT","I","test2@match_com","UploadManagerService","Processing Logs for Date - /storage/emulated/0/.MATCH/logs/2016-10-26"
"2016-10-29 00:48:58 PDT","I","test2@match_com","UploadManagerService","Processing Logs for Date - /storage/emulated/0/.MATCH/logs/2016-10-27"
"2016-10-29 00:48:58 PDT","I","test2@match_com","UploadManagerService","Processing Logs for Date - /storage/emulated/0/.MATCH/logs/2016-10-28"
"2016-10-29 00:48:58 PDT","I","test2@match_com","UploadManagerService","Processing Logs for Date - /storage/emulated/0/.MATCH/logs/2016-10-29"
"2016-10-29 00:48:58 PDT","I","test2@match_com","UploadManagerService","Processing Surveys"
"2016-10-29 00:48:58 PDT","I","test2@match_com","UploadManagerService","Processing Data files"
"2016-10-29 00:48:58 PDT","I","test2@match_com","UploadManagerService","Processing data for date - /storage/emulated/0/.MATCH/data/2016-10-26"
"2016-10-29 00:48:58 PDT","I","test2@match_com","UploadManagerService","Processing data for hour /storage/emulated/0/.MATCH/data/2016-10-26/19-PDT.zip.uploaded"
"2016-10-29 00:48:58 PDT","I","test2@match_com","UploadManagerService","Processing data for hour /storage/emulated/0/.MATCH/data/2016-10-26/13-PDT.zip.uploaded"
"2016-10-29 00:48:58 PDT","I","test2@match_com","UploadManagerService","Processing data for hour /storage/emulated/0/.MATCH/data/2016-10-26/14-PDT.zip.uploaded"
"2016-10-29 00:48:58 PDT","I","test2@match_com","UploadManagerService","Processing data for hour /storage/emulated/0/.MATCH/data/2016-10-26/15-PDT.zip.uploaded"
"2016-10-29 00:48:58 PDT","I","test2@match_com","UploadManagerService","Processing data for hour /storage/emulated/0/.MATCH/data/2016-10-26/16-PDT.zip.uploaded"
"2016-10-29 00:48:58 PDT","I","test2@match_com","UploadManagerService","Processing data for hour /storage/emulated/0/.MATCH/data/2016-10-26/17-PDT.zip.uploaded"
"2016-10-29 00:48:58 PDT","I","test2@match_com","UploadManagerService","Processing data for hour /storage/emulated/0/.MATCH/data/2016-10-26/21-PDT.zip.uploaded"
"2016-10-29 00:48:58 PDT","I","test2@match_com","UploadManagerService","Processing data for hour /storage/emulated/0/.MATCH/data/2016-10-26/22-PDT.zip.uploaded"
"2016-10-29 00:48:58 PDT","I","test2@match_com","UploadManagerService","Processing data for hour /storage/emulated/0/.MATCH/data/2016-10-26/18-PDT.zip.uploaded"
"2016-10-29 00:48:58 PDT","I","test2@match_com","UploadManagerService","Processing data for hour /storage/emulated/0/.MATCH/data/2016-10-26/20-PDT.zip.uploaded"
"2016-10-29 00:48:58 PDT","I","test2@match_com","UploadManagerService","Processing data for hour /storage/emulated/0/.MATCH/data/2016-10-26/23-PDT.zip.uploaded"
"2016-10-29 00:48:58 PDT","I","test2@match_com","UploadManagerService","Processing data for date - /storage/emulated/0/.MATCH/data/2016-10-27"
"2016-10-29 00:48:58 PDT","I","test2@match_com","UploadManagerService","Processing data for hour /storage/emulated/0/.MATCH/data/2016-10-27/01-PDT.zip.uploaded"
"2016-10-29 00:48:58 PDT","I","test2@match_com","UploadManagerService","Processing data for hour /storage/emulated/0/.MATCH/data/2016-10-27/03-PDT.zip.uploaded"
"2016-10-29 00:48:58 PDT","I","test2@match_com","UploadManagerService","Processing data for hour /storage/emulated/0/.MATCH/data/2016-10-27/04-PDT.zip.uploaded"
"2016-10-29 00:48:58 PDT","I","test2@match_com","UploadManagerService","Processing data for hour /storage/emulated/0/.MATCH/data/2016-10-27/06-PDT.zip.uploaded"
"2016-10-29 00:48:58 PDT","I","test2@match_com","UploadManagerService","Processing data for hour /storage/emulated/0/.MATCH/data/2016-10-27/00-PDT.zip.uploaded"
"2016-10-29 00:48:58 PDT","I","test2@match_com","UploadManagerService","Processing data for hour /storage/emulated/0/.MATCH/data/2016-10-27/02-PDT.zip.uploaded"
"2016-10-29 00:48:58 PDT","I","test2@match_com","UploadManagerService","Processing data for hour /storage/emulated/0/.MATCH/data/2016-10-27/05-PDT.zip.uploaded"
"2016-10-29 00:48:58 PDT","I","test2@match_com","UploadManagerService","Processing data for date - /storage/emulated/0/.MATCH/data/2016-10-28"
"2016-10-29 00:48:58 PDT","I","test2@match_com","UploadManagerService","Processing data for hour /storage/emulated/0/.MATCH/data/2016-10-28/13-PDT.zip"
"2016-10-29 00:48:58 PDT","I","test2@match_com","UploadManagerService","Processing data for hour /storage/emulated/0/.MATCH/data/2016-10-28/14-PDT.zip"
"2016-10-29 00:48:58 PDT","I","test2@match_com","UploadManagerService","Processing data for hour /storage/emulated/0/.MATCH/data/2016-10-28/15-PDT.zip"
"2016-10-29 00:48:58 PDT","I","test2@match_com","UploadManagerService","Processing data for hour /storage/emulated/0/.MATCH/data/2016-10-28/16-PDT.zip"
"2016-10-29 00:48:58 PDT","I","test2@match_com","UploadManagerService","Processing data for hour /storage/emulated/0/.MATCH/data/2016-10-28/17-PDT.zip"
"2016-10-29 00:48:58 PDT","I","test2@match_com","UploadManagerService","Processing data for hour /storage/emulated/0/.MATCH/data/2016-10-28/18-PDT.zip"
"2016-10-29 00:48:58 PDT","I","test2@match_com","UploadManagerService","Processing data for hour /storage/emulated/0/.MATCH/data/2016-10-28/19-PDT.zip"
"2016-10-29 00:48:58 PDT","I","test2@match_com","UploadManagerService","Processing data for hour /storage/emulated/0/.MATCH/data/2016-10-28/20-PDT.zip"
"2016-10-29 00:48:58 PDT","I","test2@match_com","UploadManagerService","Processing data for hour /storage/emulated/0/.MATCH/data/2016-10-28/21-PDT.zip"
"2016-10-29 00:48:58 PDT","I","test2@match_com","UploadManagerService","Processing data for hour /storage/emulated/0/.MATCH/data/2016-10-28/22-PDT.zip"
"2016-10-29 00:48:58 PDT","I","test2@match_com","UploadManagerService","Processing data for hour /storage/emulated/0/.MATCH/data/2016-10-28/23-PDT.zip"
"2016-10-29 00:48:58 PDT","I","test2@match_com","UploadManagerService","Processing data for date - /storage/emulated/0/.MATCH/data/2016-10-29"
"2016-10-29 00:48:58 PDT","I","test2@match_com","UploadManagerService","Processing data for hour /storage/emulated/0/.MATCH/data/2016-10-29/00-PDT"
"2016-10-29 00:48:58 PDT","I","test2@match_com","UploadManagerService","Internet is not connected. Not trying to upload files."
"2016-10-29 00:48:58 PDT","I","test2@match_com","SurveyManagerService","Inside onCreate"
"2016-10-29 00:48:58 PDT","I","test2@match_com","SurveyManagerService","Current time is - Sat Oct 29 00:48:58 PDT 2016"
"2016-10-29 00:48:58 PDT","I","test2@match_com","SurveyManagerService","Start Date is - Tue Oct 25 19:00:00 PDT 2016"
"2016-10-29 00:48:58 PDT","I","test2@match_com","SurveyManagerService","End Date is - Tue Nov 01 16:00:00 PDT 2016"
"2016-10-29 00:48:58 PDT","I","test2@match_com","SurveyManagerService","Scheduling Survey for - KEY_EMA_0730TO0800_CHILD"
"2016-10-29 00:48:58 PDT","I","test2@match_com","SurveyManagerService","Survey KEY_EMA_0730TO0800_CHILD is already scheduled"
"2016-10-29 00:48:58 PDT","I","test2@match_com","SurveyManagerService","Scheduling Survey for - KEY_EMA_0930TO1000_CHILD"
"2016-10-29 00:48:58 PDT","I","test2@match_com","SurveyManagerService","Survey KEY_EMA_0930TO1000_CHILD is already scheduled"
"2016-10-29 00:48:58 PDT","I","test2@match_com","SurveyManagerService","Scheduling Survey for - KEY_EMA_1130TO1200_CHILD"
"2016-10-29 00:48:58 PDT","I","test2@match_com","SurveyManagerService","Survey KEY_EMA_1130TO1200_CHILD is already scheduled"
"2016-10-29 00:48:58 PDT","I","test2@match_com","SurveyManagerService","Scheduling Survey for - KEY_EMA_1330TO1400_CHILD"
"2016-10-29 00:48:58 PDT","I","test2@match_com","SurveyManagerService","Survey KEY_EMA_1330TO1400_CHILD is already scheduled"
"2016-10-29 00:48:58 PDT","I","test2@match_com","SurveyManagerService","Scheduling Survey for - KEY_EMA_1530TO1600_CHILD"
"2016-10-29 00:48:58 PDT","I","test2@match_com","SurveyManagerService","Survey KEY_EMA_1530TO1600_CHILD is already scheduled"
"2016-10-29 00:48:58 PDT","I","test2@match_com","SurveyManagerService","Scheduling Survey for - KEY_EMA_1730TO1800_CHILD"
"2016-10-29 00:48:58 PDT","I","test2@match_com","SurveyManagerService","Survey KEY_EMA_1730TO1800_CHILD is already scheduled"
"2016-10-29 00:48:58 PDT","I","test2@match_com","SurveyManagerService","Scheduling Survey for - KEY_EMA_1930TO2000_CHILD"
"2016-10-29 00:48:58 PDT","I","test2@match_com","SurveyManagerService","Survey KEY_EMA_1930TO2000_CHILD is already scheduled"
"2016-10-29 00:48:58 PDT","I","test2@match_com","SurveyManagerService","Saliva surveys are already scheduled"
"2016-10-29 00:48:58 PDT","I","test2@match_com","SurveyManagerService","Survey KEY_SALIVA_BEDTIME scheduled for Sat Oct 29 21:46:58 PDT 2016"
"2016-10-29 00:48:58 PDT","I","test2@match_com","SurveyManagerService","Survey Schedule for KEY_EMA_0730TO0800_CHILD is Sat Oct 29 07:47:17 PDT 2016"
"2016-10-29 00:48:58 PDT","I","test2@match_com","SurveyManagerService","Still not time to prompt the survey"
"2016-10-29 00:48:58 PDT","I","test2@match_com","SurveyManagerService","Survey Schedule for KEY_EMA_0930TO1000_CHILD is Sat Oct 29 09:57:24 PDT 2016"
"2016-10-29 00:48:58 PDT","I","test2@match_com","SurveyManagerService","Still not time to prompt the survey"
"2016-10-29 00:48:58 PDT","I","test2@match_com","SurveyManagerService","Survey Schedule for KEY_EMA_1130TO1200_CHILD is Sat Oct 29 11:45:10 PDT 2016"
"2016-10-29 00:48:58 PDT","I","test2@match_com","SurveyManagerService","Still not time to prompt the survey"
"2016-10-29 00:48:58 PDT","I","test2@match_com","SurveyManagerService","Survey Schedule for KEY_EMA_1330TO1400_CHILD is Sat Oct 29 13:44:02 PDT 2016"
"2016-10-29 00:48:58 PDT","I","test2@match_com","SurveyManagerService","Still not time to prompt the survey"
"2016-10-29 00:48:58 PDT","I","test2@match_com","SurveyManagerService","Survey Schedule for KEY_EMA_1530TO1600_CHILD is Sat Oct 29 15:33:41 PDT 2016"
"2016-10-29 00:48:58 PDT","I","test2@match_com","SurveyManagerService","Still not time to prompt the survey"
"2016-10-29 00:48:58 PDT","I","test2@match_com","SurveyManagerService","Survey Schedule for KEY_EMA_1730TO1800_CHILD is Sat Oct 29 17:47:43 PDT 2016"
"2016-10-29 00:48:58 PDT","I","test2@match_com","SurveyManagerService","Still not time to prompt the survey"
"2016-10-29 00:48:58 PDT","I","test2@match_com","SurveyManagerService","Survey Schedule for KEY_EMA_1930TO2000_CHILD is Sat Oct 29 19:36:11 PDT 2016"
"2016-10-29 00:48:58 PDT","I","test2@match_com","SurveyManagerService","Still not time to prompt the survey"
"2016-10-29 00:48:58 PDT","I","test2@match_com","SurveyManagerService","KEY_SALIVA_WAKING is scheduled for Sat Oct 29 06:46:56 PDT 2016"
"2016-10-29 00:48:58 PDT","I","test2@match_com","SurveyManagerService","Prompt KEY_SALIVA_WAKING is in the future - Sat Oct 29 06:46:56 PDT 2016"
"2016-10-29 00:48:58 PDT","I","test2@match_com","SurveyManagerService","KEY_SALIVA_WAKING_PLUS_30 is scheduled for Sat Oct 29 07:16:56 PDT 2016"
"2016-10-29 00:48:58 PDT","I","test2@match_com","SurveyManagerService","Prompt KEY_SALIVA_WAKING_PLUS_30 is in the future - Sat Oct 29 07:16:56 PDT 2016"
"2016-10-29 00:48:58 PDT","I","test2@match_com","SurveyManagerService","KEY_SALIVA_AFTERNOON_4TO430_CHILD is scheduled for Sat Oct 29 16:16:27 PDT 2016"
"2016-10-29 00:48:58 PDT","I","test2@match_com","SurveyManagerService","Prompt KEY_SALIVA_AFTERNOON_4TO430_CHILD is in the future - Sat Oct 29 16:16:27 PDT 2016"
"2016-10-29 00:48:58 PDT","I","test2@match_com","SurveyManagerService","KEY_SALIVA_BEDTIME is scheduled for Sat Oct 29 21:46:58 PDT 2016"
"2016-10-29 00:48:58 PDT","I","test2@match_com","SurveyManagerService","Prompt KEY_SALIVA_BEDTIME is in the future - Sat Oct 29 21:46:58 PDT 2016"
"2016-10-29 00:48:58 PDT","I","test2@match_com","MinuteService","Inside onDestroy"
"2016-10-29 00:48:58 PDT","I","test2@match_com","UploadManagerService","Inside onDestroy"
"2016-10-29 00:48:58 PDT","I","test2@match_com","SurveyManagerService","Inside onDestroy"
"2016-10-29 00:48:58 PDT","I","test2@match_com","Zipper","unzipFileWithEncryption"
"2016-10-29 00:48:58 PDT","I","test2@match_com","Zipper","Deleting File - /storage/emulated/0/.MATCH/data/2016-10-29/00-PDT/GPS.csv.zip"
"2016-10-29 00:48:58 PDT","I","test2@match_com","Zipper","zipFileWithEncryption - /storage/emulated/0/.MATCH/data/2016-10-29/00-PDT/GPS.csv"
"2016-10-29 00:48:58 PDT","I","test2@match_com","Zipper","Creating ZipFile - /storage/emulated/0/.MATCH/data/2016-10-29/00-PDT/GPS.csv.zip"
"2016-10-29 00:48:58 PDT","I","test2@match_com","Zipper","Deleting File - /storage/emulated/0/.MATCH/data/2016-10-29/00-PDT/GPS.csv"
"2016-10-29 00:49:01 PDT","I","test2@match_com","UploadManagerService","Inside onCreate"
"2016-10-29 00:49:01 PDT","I","test2@match_com","UploadManagerService","Processing Logs"
"2016-10-29 00:49:01 PDT","I","test2@match_com","UploadManagerService","Processing Logs for Date - /storage/emulated/0/.MATCH/logs/2016-10-26"
"2016-10-29 00:49:01 PDT","I","test2@match_com","UploadManagerService","Processing Logs for Date - /storage/emulated/0/.MATCH/logs/2016-10-27"
"2016-10-29 00:49:01 PDT","I","test2@match_com","UploadManagerService","Processing Logs for Date - /storage/emulated/0/.MATCH/logs/2016-10-28"
"2016-10-29 00:49:01 PDT","I","test2@match_com","UploadManagerService","Processing Logs for Date - /storage/emulated/0/.MATCH/logs/2016-10-29"
"2016-10-29 00:49:01 PDT","I","test2@match_com","UploadManagerService","Processing Surveys"
"2016-10-29 00:49:01 PDT","I","test2@match_com","UploadManagerService","Processing Data files"
"2016-10-29 00:49:01 PDT","I","test2@match_com","UploadManagerService","Processing data for date - /storage/emulated/0/.MATCH/data/2016-10-26"
"2016-10-29 00:49:01 PDT","I","test2@match_com","UploadManagerService","Processing data for hour /storage/emulated/0/.MATCH/data/2016-10-26/19-PDT.zip.uploaded"
"2016-10-29 00:49:01 PDT","I","test2@match_com","UploadManagerService","Processing data for hour /storage/emulated/0/.MATCH/data/2016-10-26/13-PDT.zip.uploaded"
"2016-10-29 00:49:01 PDT","I","test2@match_com","UploadManagerService","Processing data for hour /storage/emulated/0/.MATCH/data/2016-10-26/14-PDT.zip.uploaded"
"2016-10-29 00:49:01 PDT","I","test2@match_com","UploadManagerService","Processing data for hour /storage/emulated/0/.MATCH/data/2016-10-26/15-PDT.zip.uploaded"
"2016-10-29 00:49:01 PDT","I","test2@match_com","UploadManagerService","Processing data for hour /storage/emulated/0/.MATCH/data/2016-10-26/16-PDT.zip.uploaded"
"2016-10-29 00:49:01 PDT","I","test2@match_com","UploadManagerService","Processing data for hour /storage/emulated/0/.MATCH/data/2016-10-26/17-PDT.zip.uploaded"
"2016-10-29 00:49:01 PDT","I","test2@match_com","UploadManagerService","Processing data for hour /storage/emulated/0/.MATCH/data/2016-10-26/21-PDT.zip.uploaded"
"2016-10-29 00:49:01 PDT","I","test2@match_com","UploadManagerService","Processing data for hour /storage/emulated/0/.MATCH/data/2016-10-26/22-PDT.zip.uploaded"
"2016-10-29 00:49:01 PDT","I","test2@match_com","UploadManagerService","Processing data for hour /storage/emulated/0/.MATCH/data/2016-10-26/18-PDT.zip.uploaded"
"2016-10-29 00:49:01 PDT","I","test2@match_com","UploadManagerService","Processing data for hour /storage/emulated/0/.MATCH/data/2016-10-26/20-PDT.zip.uploaded"
"2016-10-29 00:49:01 PDT","I","test2@match_com","UploadManagerService","Processing data for hour /storage/emulated/0/.MATCH/data/2016-10-26/23-PDT.zip.uploaded"
"2016-10-29 00:49:01 PDT","I","test2@match_com","UploadManagerService","Processing data for date - /storage/emulated/0/.MATCH/data/2016-10-27"
"2016-10-29 00:49:01 PDT","I","test2@match_com","UploadManagerService","Processing data for hour /storage/emulated/0/.MATCH/data/2016-10-27/01-PDT.zip.uploaded"
"2016-10-29 00:49:01 PDT","I","test2@match_com","UploadManagerService","Processing data for hour /storage/emulated/0/.MATCH/data/2016-10-27/03-PDT.zip.uploaded"
"2016-10-29 00:49:01 PDT","I","test2@match_com","UploadManagerService","Processing data for hour /storage/emulated/0/.MATCH/data/2016-10-27/04-PDT.zip.uploaded"
"2016-10-29 00:49:01 PDT","I","test2@match_com","UploadManagerService","Processing data for hour /storage/emulated/0/.MATCH/data/2016-10-27/06-PDT.zip.uploaded"
"2016-10-29 00:49:01 PDT","I","test2@match_com","UploadManagerService","Processing data for hour /storage/emulated/0/.MATCH/data/2016-10-27/00-PDT.zip.uploaded"
"2016-10-29 00:49:01 PDT","I","test2@match_com","UploadManagerService","Processing data for hour /storage/emulated/0/.MATCH/data/2016-10-27/02-PDT.zip.uploaded"
"2016-10-29 00:49:01 PDT","I","test2@match_com","UploadManagerService","Processing data for hour /storage/emulated/0/.MATCH/data/2016-10-27/05-PDT.zip.uploaded"
"2016-10-29 00:49:01 PDT","I","test2@match_com","UploadManagerService","Processing data for date - /storage/emulated/0/.MATCH/data/2016-10-28"
"2016-10-29 00:49:01 PDT","I","test2@match_com","UploadManagerService","Processing data for hour /storage/emulated/0/.MATCH/data/2016-10-28/13-PDT.zip"
"2016-10-29 00:49:01 PDT","I","test2@match_com","UploadManagerService","Processing data for hour /storage/emulated/0/.MATCH/data/2016-10-28/14-PDT.zip"
"2016-10-29 00:49:01 PDT","I","test2@match_com","UploadManagerService","Processing data for hour /storage/emulated/0/.MATCH/data/2016-10-28/15-PDT.zip"
"2016-10-29 00:49:01 PDT","I","test2@match_com","UploadManagerService","Processing data for hour /storage/emulated/0/.MATCH/data/2016-10-28/16-PDT.zip"
"2016-10-29 00:49:01 PDT","I","test2@match_com","UploadManagerService","Processing data for hour /storage/emulated/0/.MATCH/data/2016-10-28/17-PDT.zip"
"2016-10-29 00:49:01 PDT","I","test2@match_com","UploadManagerService","Processing data for hour /storage/emulated/0/.MATCH/data/2016-10-28/18-PDT.zip"
"2016-10-29 00:49:01 PDT","I","test2@match_com","UploadManagerService","Processing data for hour /storage/emulated/0/.MATCH/data/2016-10-28/19-PDT.zip"
"2016-10-29 00:49:01 PDT","I","test2@match_com","UploadManagerService","Processing data for hour /storage/emulated/0/.MATCH/data/2016-10-28/20-PDT.zip"
"2016-10-29 00:49:01 PDT","I","test2@match_com","UploadManagerService","Processing data for hour /storage/emulated/0/.MATCH/data/2016-10-28/21-PDT.zip"
"2016-10-29 00:49:01 PDT","I","test2@match_com","UploadManagerService","Processing data for hour /storage/emulated/0/.MATCH/data/2016-10-28/22-PDT.zip"
"2016-10-29 00:49:01 PDT","I","test2@match_com","UploadManagerService","Processing data for hour /storage/emulated/0/.MATCH/data/2016-10-28/23-PDT.zip"
"2016-10-29 00:49:01 PDT","I","test2@match_com","UploadManagerService","Processing data for date - /storage/emulated/0/.MATCH/data/2016-10-29"
"2016-10-29 00:49:01 PDT","I","test2@match_com","UploadManagerService","Processing data for hour /storage/emulated/0/.MATCH/data/2016-10-29/00-PDT"
"2016-10-29 00:49:01 PDT","I","test2@match_com","UploadManagerService","Internet is not connected. Not trying to upload files."
"2016-10-29 00:49:01 PDT","I","test2@match_com","MinuteService","Inside onCreate"
"2016-10-29 00:49:01 PDT","I","test2@match_com","MinuteService","Minute Service Alarm was set by - MinuteService"
"2016-10-29 00:49:01 PDT","I","test2@match_com","MinuteService","Time since previous run - 3"
"2016-10-29 00:49:01 PDT","I","test2@match_com","MinuteService","Previous run within last 50 seconds, ignoring this run"
"2016-10-29 00:49:01 PDT","I","test2@match_com","UploadManagerService","Inside onDestroy"
"2016-10-29 00:49:01 PDT","I","test2@match_com","MinuteService","Inside onDestroy"
"2016-10-29 00:49:02 PDT","I","test2@match_com","BackupMinuteService","Inside onCreate"
"2016-10-29 00:49:02 PDT","I","test2@match_com","Util","Inside setBackupMinuteServiceAlarm"
"2016-10-29 00:49:02 PDT","I","test2@match_com","Util","BackupMinuteService last run at - Sat Oct 29 00:49:02 PDT 2016"
"2016-10-29 00:49:02 PDT","I","test2@match_com","Util","BackupMinuteService next run at - Sat Oct 29 00:50:02 PDT 2016"
"2016-10-29 00:49:02 PDT","I","test2@match_com","MinuteService","Inside onCreate"
"2016-10-29 00:49:02 PDT","I","test2@match_com","MinuteService","Minute Service Alarm was set by - MinuteService"
"2016-10-29 00:49:02 PDT","I","test2@match_com","MinuteService","Time since previous run - 5"
"2016-10-29 00:49:02 PDT","I","test2@match_com","MinuteService","Previous run within last 50 seconds, ignoring this run"
"2016-10-29 00:49:02 PDT","I","test2@match_com","BackupMinuteService","Inside onDestroy"
"2016-10-29 00:49:02 PDT","I","test2@match_com","MinuteService","Inside onDestroy"
"2016-10-29 00:49:02 PDT","I","test2@match_com","AlwaysOnService","Received Intent - android.intent.action.TIME_TICK"
"2016-10-29 00:49:52 PDT","I","test2@match_com","AlwaysOnService","Received Intent - android.intent.action.BATTERY_CHANGED"
"2016-10-29 00:49:57 PDT","I","test2@match_com","MinuteService","Inside onCreate"
"2016-10-29 00:49:57 PDT","I","test2@match_com","MinuteService","Minute Service Alarm was set by - MinuteService"
"2016-10-29 00:49:57 PDT","I","test2@match_com","MinuteService","Time since previous run - 60"
"2016-10-29 00:49:57 PDT","I","test2@match_com","MinuteService","Setting Minute Service Last Run"
"2016-10-29 00:49:57 PDT","I","test2@match_com","MinuteService","Setting Minute Service Alarm"
"2016-10-29 00:49:57 PDT","I","test2@match_com","Util","Inside setMinuteServiceAlarmFromMinuteService"
"2016-10-29 00:49:57 PDT","I","test2@match_com","Util","MinuteService last run at - Sat Oct 29 00:49:57 PDT 2016"
"2016-10-29 00:49:57 PDT","I","test2@match_com","Util","MinuteService next run at - Sat Oct 29 00:50:57 PDT 2016"
"2016-10-29 00:49:57 PDT","I","test2@match_com","MinuteService","Setting Minute Service Backup Alarm"
"2016-10-29 00:49:57 PDT","I","test2@match_com","Util","Inside setBackupMinuteServiceAlarm"
"2016-10-29 00:49:57 PDT","I","test2@match_com","Util","BackupMinuteService last run at - Sat Oct 29 00:49:02 PDT 2016"
"2016-10-29 00:49:57 PDT","I","test2@match_com","Util","BackupMinuteService next run at - Sat Oct 29 00:50:02 PDT 2016"
"2016-10-29 00:49:57 PDT","I","test2@match_com","MinuteService","Initializing MATCHConstants"
"2016-10-29 00:49:57 PDT","I","test2@match_com","MinuteService","Notifying user about minute service run"
"2016-10-29 00:49:57 PDT","I","test2@match_com","MinuteService","Writing status to Firebase Database"
"2016-10-29 00:49:57 PDT","I","test2@match_com","MinuteService","Logging Network Status"
"2016-10-29 00:49:57 PDT","I","test2@match_com","ConnectivityManager","isConnected - false - isWifi - false - isMobileInternet - false"
"2016-10-29 00:49:57 PDT","I","test2@match_com","MinuteService","Logging Battery Status"
"2016-10-29 00:49:57 PDT","I","test2@match_com","BatteryManager","Percentage - 92 - isCharging - true - isUSBCharging - false - isACCharging - true - isWirelessCharging - false"
"2016-10-29 00:49:57 PDT","I","test2@match_com","MinuteService","Logging Memory Status"
"2016-10-29 00:49:57 PDT","I","test2@match_com","MemoryManager","Total Memory,898,Available Memory,411,Threshold Memory,144,IsLowMemory,false"
"2016-10-29 00:49:57 PDT","I","test2@match_com","MinuteService","Logging Storage Status"
"2016-10-29 00:49:57 PDT","I","test2@match_com","StorageManager","Internal Total,2247,Internal Free,589,External Total,4637,External Free,3935"
"2016-10-29 00:49:57 PDT","I","test2@match_com","MinuteService","Logging Power Status"
"2016-10-29 00:49:57 PDT","I","test2@match_com","PowerManager","isDeviceIdleMode - false - isInteractive - false - isPowerSaveMode - false - isSustainedPerformanceModeSupported - false"
"2016-10-29 00:49:57 PDT","I","test2@match_com","MinuteService","Logging Notifications Status"
"2016-10-29 00:49:57 PDT","I","test2@match_com","NotificationManager","AreNotificationsEnabled - true - Importance - Unspecified"
"2016-10-29 00:49:57 PDT","I","test2@match_com","MinuteService","Logging Location"
"2016-10-29 00:49:57 PDT","I","test2@match_com","MinuteService","Fetching latest study data"
"2016-10-29 00:49:57 PDT","I","test2@match_com","MinuteService","Starting UploadManagerService"
"2016-10-29 00:49:57 PDT","I","test2@match_com","MinuteService","Starting SurveyManagerService"
"2016-10-29 00:49:58 PDT","I","test2@match_com","UploadManagerService","Inside onCreate"
"2016-10-29 00:49:58 PDT","I","test2@match_com","UploadManagerService","Processing Logs"
"2016-10-29 00:49:58 PDT","I","test2@match_com","UploadManagerService","Processing Logs for Date - /storage/emulated/0/.MATCH/logs/2016-10-26"
"2016-10-29 00:49:58 PDT","I","test2@match_com","UploadManagerService","Processing Logs for Date - /storage/emulated/0/.MATCH/logs/2016-10-27"
"2016-10-29 00:49:58 PDT","I","test2@match_com","UploadManagerService","Processing Logs for Date - /storage/emulated/0/.MATCH/logs/2016-10-28"
"2016-10-29 00:49:58 PDT","I","test2@match_com","UploadManagerService","Processing Logs for Date - /storage/emulated/0/.MATCH/logs/2016-10-29"
"2016-10-29 00:49:58 PDT","I","test2@match_com","UploadManagerService","Processing Surveys"
"2016-10-29 00:49:58 PDT","I","test2@match_com","UploadManagerService","Processing Data files"
"2016-10-29 00:49:58 PDT","I","test2@match_com","UploadManagerService","Processing data for date - /storage/emulated/0/.MATCH/data/2016-10-26"
"2016-10-29 00:49:58 PDT","I","test2@match_com","UploadManagerService","Processing data for hour /storage/emulated/0/.MATCH/data/2016-10-26/19-PDT.zip.uploaded"
"2016-10-29 00:49:58 PDT","I","test2@match_com","UploadManagerService","Processing data for hour /storage/emulated/0/.MATCH/data/2016-10-26/13-PDT.zip.uploaded"
"2016-10-29 00:49:58 PDT","I","test2@match_com","UploadManagerService","Processing data for hour /storage/emulated/0/.MATCH/data/2016-10-26/14-PDT.zip.uploaded"
"2016-10-29 00:49:58 PDT","I","test2@match_com","UploadManagerService","Processing data for hour /storage/emulated/0/.MATCH/data/2016-10-26/15-PDT.zip.uploaded"
"2016-10-29 00:49:58 PDT","I","test2@match_com","UploadManagerService","Processing data for hour /storage/emulated/0/.MATCH/data/2016-10-26/16-PDT.zip.uploaded"
"2016-10-29 00:49:58 PDT","I","test2@match_com","UploadManagerService","Processing data for hour /storage/emulated/0/.MATCH/data/2016-10-26/17-PDT.zip.uploaded"
"2016-10-29 00:49:58 PDT","I","test2@match_com","UploadManagerService","Processing data for hour /storage/emulated/0/.MATCH/data/2016-10-26/21-PDT.zip.uploaded"
"2016-10-29 00:49:58 PDT","I","test2@match_com","UploadManagerService","Processing data for hour /storage/emulated/0/.MATCH/data/2016-10-26/22-PDT.zip.uploaded"
"2016-10-29 00:49:58 PDT","I","test2@match_com","UploadManagerService","Processing data for hour /storage/emulated/0/.MATCH/data/2016-10-26/18-PDT.zip.uploaded"
"2016-10-29 00:49:58 PDT","I","test2@match_com","UploadManagerService","Processing data for hour /storage/emulated/0/.MATCH/data/2016-10-26/20-PDT.zip.uploaded"
"2016-10-29 00:49:58 PDT","I","test2@match_com","UploadManagerService","Processing data for hour /storage/emulated/0/.MATCH/data/2016-10-26/23-PDT.zip.uploaded"
"2016-10-29 00:49:58 PDT","I","test2@match_com","UploadManagerService","Processing data for date - /storage/emulated/0/.MATCH/data/2016-10-27"
"2016-10-29 00:49:58 PDT","I","test2@match_com","UploadManagerService","Processing data for hour /storage/emulated/0/.MATCH/data/2016-10-27/01-PDT.zip.uploaded"
"2016-10-29 00:49:58 PDT","I","test2@match_com","UploadManagerService","Processing data for hour /storage/emulated/0/.MATCH/data/2016-10-27/03-PDT.zip.uploaded"
"2016-10-29 00:49:58 PDT","I","test2@match_com","UploadManagerService","Processing data for hour /storage/emulated/0/.MATCH/data/2016-10-27/04-PDT.zip.uploaded"
"2016-10-29 00:49:58 PDT","I","test2@match_com","UploadManagerService","Processing data for hour /storage/emulated/0/.MATCH/data/2016-10-27/06-PDT.zip.uploaded"
"2016-10-29 00:49:58 PDT","I","test2@match_com","UploadManagerService","Processing data for hour /storage/emulated/0/.MATCH/data/2016-10-27/00-PDT.zip.uploaded"
"2016-10-29 00:49:58 PDT","I","test2@match_com","UploadManagerService","Processing data for hour /storage/emulated/0/.MATCH/data/2016-10-27/02-PDT.zip.uploaded"
"2016-10-29 00:49:58 PDT","I","test2@match_com","UploadManagerService","Processing data for hour /storage/emulated/0/.MATCH/data/2016-10-27/05-PDT.zip.uploaded"
"2016-10-29 00:49:58 PDT","I","test2@match_com","UploadManagerService","Processing data for date - /storage/emulated/0/.MATCH/data/2016-10-28"
"2016-10-29 00:49:58 PDT","I","test2@match_com","UploadManagerService","Processing data for hour /storage/emulated/0/.MATCH/data/2016-10-28/13-PDT.zip"
"2016-10-29 00:49:58 PDT","I","test2@match_com","UploadManagerService","Processing data for hour /storage/emulated/0/.MATCH/data/2016-10-28/14-PDT.zip"
"2016-10-29 00:49:58 PDT","I","test2@match_com","UploadManagerService","Processing data for hour /storage/emulated/0/.MATCH/data/2016-10-28/15-PDT.zip"
"2016-10-29 00:49:58 PDT","I","test2@match_com","UploadManagerService","Processing data for hour /storage/emulated/0/.MATCH/data/2016-10-28/16-PDT.zip"
"2016-10-29 00:49:58 PDT","I","test2@match_com","UploadManagerService","Processing data for hour /storage/emulated/0/.MATCH/data/2016-10-28/17-PDT.zip"
"2016-10-29 00:49:58 PDT","I","test2@match_com","UploadManagerService","Processing data for hour /storage/emulated/0/.MATCH/data/2016-10-28/18-PDT.zip"
"2016-10-29 00:49:58 PDT","I","test2@match_com","UploadManagerService","Processing data for hour /storage/emulated/0/.MATCH/data/2016-10-28/19-PDT.zip"
"2016-10-29 00:49:58 PDT","I","test2@match_com","UploadManagerService","Processing data for hour /storage/emulated/0/.MATCH/data/2016-10-28/20-PDT.zip"
"2016-10-29 00:49:58 PDT","I","test2@match_com","UploadManagerService","Processing data for hour /storage/emulated/0/.MATCH/data/2016-10-28/21-PDT.zip"
"2016-10-29 00:49:58 PDT","I","test2@match_com","UploadManagerService","Processing data for hour /storage/emulated/0/.MATCH/data/2016-10-28/22-PDT.zip"
"2016-10-29 00:49:58 PDT","I","test2@match_com","UploadManagerService","Processing data for hour /storage/emulated/0/.MATCH/data/2016-10-28/23-PDT.zip"
"2016-10-29 00:49:58 PDT","I","test2@match_com","UploadManagerService","Processing data for date - /storage/emulated/0/.MATCH/data/2016-10-29"
"2016-10-29 00:49:58 PDT","I","test2@match_com","UploadManagerService","Processing data for hour /storage/emulated/0/.MATCH/data/2016-10-29/00-PDT"
"2016-10-29 00:49:58 PDT","I","test2@match_com","UploadManagerService","Internet is not connected. Not trying to upload files."
"2016-10-29 00:49:58 PDT","I","test2@match_com","SurveyManagerService","Inside onCreate"
"2016-10-29 00:49:58 PDT","I","test2@match_com","SurveyManagerService","Current time is - Sat Oct 29 00:49:58 PDT 2016"
"2016-10-29 00:49:58 PDT","I","test2@match_com","SurveyManagerService","Start Date is - Tue Oct 25 19:00:00 PDT 2016"
"2016-10-29 00:49:58 PDT","I","test2@match_com","SurveyManagerService","End Date is - Tue Nov 01 16:00:00 PDT 2016"
"2016-10-29 00:49:58 PDT","I","test2@match_com","SurveyManagerService","Scheduling Survey for - KEY_EMA_0730TO0800_CHILD"
"2016-10-29 00:49:58 PDT","I","test2@match_com","SurveyManagerService","Survey KEY_EMA_0730TO0800_CHILD is already scheduled"
"2016-10-29 00:49:58 PDT","I","test2@match_com","SurveyManagerService","Scheduling Survey for - KEY_EMA_0930TO1000_CHILD"
"2016-10-29 00:49:58 PDT","I","test2@match_com","SurveyManagerService","Survey KEY_EMA_0930TO1000_CHILD is already scheduled"
"2016-10-29 00:49:58 PDT","I","test2@match_com","SurveyManagerService","Scheduling Survey for - KEY_EMA_1130TO1200_CHILD"
"2016-10-29 00:49:58 PDT","I","test2@match_com","SurveyManagerService","Survey KEY_EMA_1130TO1200_CHILD is already scheduled"
"2016-10-29 00:49:58 PDT","I","test2@match_com","SurveyManagerService","Scheduling Survey for - KEY_EMA_1330TO1400_CHILD"
"2016-10-29 00:49:58 PDT","I","test2@match_com","SurveyManagerService","Survey KEY_EMA_1330TO1400_CHILD is already scheduled"
"2016-10-29 00:49:58 PDT","I","test2@match_com","SurveyManagerService","Scheduling Survey for - KEY_EMA_1530TO1600_CHILD"
"2016-10-29 00:49:58 PDT","I","test2@match_com","SurveyManagerService","Survey KEY_EMA_1530TO1600_CHILD is already scheduled"
"2016-10-29 00:49:58 PDT","I","test2@match_com","SurveyManagerService","Scheduling Survey for - KEY_EMA_1730TO1800_CHILD"
"2016-10-29 00:49:58 PDT","I","test2@match_com","SurveyManagerService","Survey KEY_EMA_1730TO1800_CHILD is already scheduled"
"2016-10-29 00:49:58 PDT","I","test2@match_com","SurveyManagerService","Scheduling Survey for - KEY_EMA_1930TO2000_CHILD"
"2016-10-29 00:49:58 PDT","I","test2@match_com","SurveyManagerService","Survey KEY_EMA_1930TO2000_CHILD is already scheduled"
"2016-10-29 00:49:58 PDT","I","test2@match_com","SurveyManagerService","Saliva surveys are already scheduled"
"2016-10-29 00:49:58 PDT","I","test2@match_com","SurveyManagerService","Survey KEY_SALIVA_BEDTIME scheduled for Sat Oct 29 21:46:58 PDT 2016"
"2016-10-29 00:49:58 PDT","I","test2@match_com","SurveyManagerService","Survey Schedule for KEY_EMA_0730TO0800_CHILD is Sat Oct 29 07:47:17 PDT 2016"
"2016-10-29 00:49:58 PDT","I","test2@match_com","SurveyManagerService","Still not time to prompt the survey"
"2016-10-29 00:49:58 PDT","I","test2@match_com","SurveyManagerService","Survey Schedule for KEY_EMA_0930TO1000_CHILD is Sat Oct 29 09:57:24 PDT 2016"
"2016-10-29 00:49:58 PDT","I","test2@match_com","SurveyManagerService","Still not time to prompt the survey"
"2016-10-29 00:49:58 PDT","I","test2@match_com","SurveyManagerService","Survey Schedule for KEY_EMA_1130TO1200_CHILD is Sat Oct 29 11:45:10 PDT 2016"
"2016-10-29 00:49:58 PDT","I","test2@match_com","SurveyManagerService","Still not time to prompt the survey"
"2016-10-29 00:49:58 PDT","I","test2@match_com","SurveyManagerService","Survey Schedule for KEY_EMA_1330TO1400_CHILD is Sat Oct 29 13:44:02 PDT 2016"
"2016-10-29 00:49:58 PDT","I","test2@match_com","SurveyManagerService","Still not time to prompt the survey"
"2016-10-29 00:49:58 PDT","I","test2@match_com","SurveyManagerService","Survey Schedule for KEY_EMA_1530TO1600_CHILD is Sat Oct 29 15:33:41 PDT 2016"
"2016-10-29 00:49:58 PDT","I","test2@match_com","SurveyManagerService","Still not time to prompt the survey"
"2016-10-29 00:49:58 PDT","I","test2@match_com","SurveyManagerService","Survey Schedule for KEY_EMA_1730TO1800_CHILD is Sat Oct 29 17:47:43 PDT 2016"
"2016-10-29 00:49:58 PDT","I","test2@match_com","SurveyManagerService","Still not time to prompt the survey"
"2016-10-29 00:49:58 PDT","I","test2@match_com","SurveyManagerService","Survey Schedule for KEY_EMA_1930TO2000_CHILD is Sat Oct 29 19:36:11 PDT 2016"
"2016-10-29 00:49:58 PDT","I","test2@match_com","SurveyManagerService","Still not time to prompt the survey"
"2016-10-29 00:49:58 PDT","I","test2@match_com","SurveyManagerService","KEY_SALIVA_WAKING is scheduled for Sat Oct 29 06:46:56 PDT 2016"
"2016-10-29 00:49:58 PDT","I","test2@match_com","SurveyManagerService","Prompt KEY_SALIVA_WAKING is in the future - Sat Oct 29 06:46:56 PDT 2016"
"2016-10-29 00:49:58 PDT","I","test2@match_com","SurveyManagerService","KEY_SALIVA_WAKING_PLUS_30 is scheduled for Sat Oct 29 07:16:56 PDT 2016"
"2016-10-29 00:49:58 PDT","I","test2@match_com","SurveyManagerService","Prompt KEY_SALIVA_WAKING_PLUS_30 is in the future - Sat Oct 29 07:16:56 PDT 2016"
"2016-10-29 00:49:58 PDT","I","test2@match_com","SurveyManagerService","KEY_SALIVA_AFTERNOON_4TO430_CHILD is scheduled for Sat Oct 29 16:16:27 PDT 2016"
"2016-10-29 00:49:58 PDT","I","test2@match_com","SurveyManagerService","Prompt KEY_SALIVA_AFTERNOON_4TO430_CHILD is in the future - Sat Oct 29 16:16:27 PDT 2016"
"2016-10-29 00:49:58 PDT","I","test2@match_com","SurveyManagerService","KEY_SALIVA_BEDTIME is scheduled for Sat Oct 29 21:46:58 PDT 2016"
"2016-10-29 00:49:58 PDT","I","test2@match_com","SurveyManagerService","Prompt KEY_SALIVA_BEDTIME is in the future - Sat Oct 29 21:46:58 PDT 2016"
"2016-10-29 00:49:58 PDT","I","test2@match_com","MinuteService","Inside onDestroy"
"2016-10-29 00:49:58 PDT","I","test2@match_com","UploadManagerService","Inside onDestroy"
"2016-10-29 00:49:58 PDT","I","test2@match_com","SurveyManagerService","Inside onDestroy"
"2016-10-29 00:49:58 PDT","I","test2@match_com","Zipper","unzipFileWithEncryption"
"2016-10-29 00:49:58 PDT","I","test2@match_com","Zipper","Deleting File - /storage/emulated/0/.MATCH/data/2016-10-29/00-PDT/GPS.csv.zip"
"2016-10-29 00:49:58 PDT","I","test2@match_com","Zipper","zipFileWithEncryption - /storage/emulated/0/.MATCH/data/2016-10-29/00-PDT/GPS.csv"
"2016-10-29 00:49:58 PDT","I","test2@match_com","Zipper","Creating ZipFile - /storage/emulated/0/.MATCH/data/2016-10-29/00-PDT/GPS.csv.zip"
"2016-10-29 00:49:58 PDT","I","test2@match_com","Zipper","Deleting File - /storage/emulated/0/.MATCH/data/2016-10-29/00-PDT/GPS.csv"
"2016-10-29 00:50:01 PDT","I","test2@match_com","UploadManagerService","Inside onCreate"
"2016-10-29 00:50:01 PDT","I","test2@match_com","UploadManagerService","Processing Logs"
"2016-10-29 00:50:01 PDT","I","test2@match_com","UploadManagerService","Processing Logs for Date - /storage/emulated/0/.MATCH/logs/2016-10-26"
"2016-10-29 00:50:01 PDT","I","test2@match_com","UploadManagerService","Processing Logs for Date - /storage/emulated/0/.MATCH/logs/2016-10-27"
"2016-10-29 00:50:01 PDT","I","test2@match_com","UploadManagerService","Processing Logs for Date - /storage/emulated/0/.MATCH/logs/2016-10-28"
"2016-10-29 00:50:01 PDT","I","test2@match_com","UploadManagerService","Processing Logs for Date - /storage/emulated/0/.MATCH/logs/2016-10-29"
"2016-10-29 00:50:01 PDT","I","test2@match_com","UploadManagerService","Processing Surveys"
"2016-10-29 00:50:01 PDT","I","test2@match_com","UploadManagerService","Processing Data files"
"2016-10-29 00:50:01 PDT","I","test2@match_com","UploadManagerService","Processing data for date - /storage/emulated/0/.MATCH/data/2016-10-26"
"2016-10-29 00:50:01 PDT","I","test2@match_com","UploadManagerService","Processing data for hour /storage/emulated/0/.MATCH/data/2016-10-26/19-PDT.zip.uploaded"
"2016-10-29 00:50:01 PDT","I","test2@match_com","UploadManagerService","Processing data for hour /storage/emulated/0/.MATCH/data/2016-10-26/13-PDT.zip.uploaded"
"2016-10-29 00:50:01 PDT","I","test2@match_com","UploadManagerService","Processing data for hour /storage/emulated/0/.MATCH/data/2016-10-26/14-PDT.zip.uploaded"
"2016-10-29 00:50:01 PDT","I","test2@match_com","UploadManagerService","Processing data for hour /storage/emulated/0/.MATCH/data/2016-10-26/15-PDT.zip.uploaded"
"2016-10-29 00:50:01 PDT","I","test2@match_com","UploadManagerService","Processing data for hour /storage/emulated/0/.MATCH/data/2016-10-26/16-PDT.zip.uploaded"
"2016-10-29 00:50:01 PDT","I","test2@match_com","UploadManagerService","Processing data for hour /storage/emulated/0/.MATCH/data/2016-10-26/17-PDT.zip.uploaded"
"2016-10-29 00:50:01 PDT","I","test2@match_com","UploadManagerService","Processing data for hour /storage/emulated/0/.MATCH/data/2016-10-26/21-PDT.zip.uploaded"
"2016-10-29 00:50:01 PDT","I","test2@match_com","UploadManagerService","Processing data for hour /storage/emulated/0/.MATCH/data/2016-10-26/22-PDT.zip.uploaded"
"2016-10-29 00:50:01 PDT","I","test2@match_com","UploadManagerService","Processing data for hour /storage/emulated/0/.MATCH/data/2016-10-26/18-PDT.zip.uploaded"
"2016-10-29 00:50:01 PDT","I","test2@match_com","UploadManagerService","Processing data for hour /storage/emulated/0/.MATCH/data/2016-10-26/20-PDT.zip.uploaded"
"2016-10-29 00:50:01 PDT","I","test2@match_com","UploadManagerService","Processing data for hour /storage/emulated/0/.MATCH/data/2016-10-26/23-PDT.zip.uploaded"
"2016-10-29 00:50:01 PDT","I","test2@match_com","UploadManagerService","Processing data for date - /storage/emulated/0/.MATCH/data/2016-10-27"
"2016-10-29 00:50:01 PDT","I","test2@match_com","UploadManagerService","Processing data for hour /storage/emulated/0/.MATCH/data/2016-10-27/01-PDT.zip.uploaded"
"2016-10-29 00:50:01 PDT","I","test2@match_com","UploadManagerService","Processing data for hour /storage/emulated/0/.MATCH/data/2016-10-27/03-PDT.zip.uploaded"
"2016-10-29 00:50:01 PDT","I","test2@match_com","UploadManagerService","Processing data for hour /storage/emulated/0/.MATCH/data/2016-10-27/04-PDT.zip.uploaded"
"2016-10-29 00:50:01 PDT","I","test2@match_com","UploadManagerService","Processing data for hour /storage/emulated/0/.MATCH/data/2016-10-27/06-PDT.zip.uploaded"
"2016-10-29 00:50:01 PDT","I","test2@match_com","UploadManagerService","Processing data for hour /storage/emulated/0/.MATCH/data/2016-10-27/00-PDT.zip.uploaded"
"2016-10-29 00:50:01 PDT","I","test2@match_com","UploadManagerService","Processing data for hour /storage/emulated/0/.MATCH/data/2016-10-27/02-PDT.zip.uploaded"
"2016-10-29 00:50:01 PDT","I","test2@match_com","UploadManagerService","Processing data for hour /storage/emulated/0/.MATCH/data/2016-10-27/05-PDT.zip.uploaded"
"2016-10-29 00:50:01 PDT","I","test2@match_com","UploadManagerService","Processing data for date - /storage/emulated/0/.MATCH/data/2016-10-28"
"2016-10-29 00:50:01 PDT","I","test2@match_com","UploadManagerService","Processing data for hour /storage/emulated/0/.MATCH/data/2016-10-28/13-PDT.zip"
"2016-10-29 00:50:01 PDT","I","test2@match_com","UploadManagerService","Processing data for hour /storage/emulated/0/.MATCH/data/2016-10-28/14-PDT.zip"
"2016-10-29 00:50:01 PDT","I","test2@match_com","UploadManagerService","Processing data for hour /storage/emulated/0/.MATCH/data/2016-10-28/15-PDT.zip"
"2016-10-29 00:50:01 PDT","I","test2@match_com","UploadManagerService","Processing data for hour /storage/emulated/0/.MATCH/data/2016-10-28/16-PDT.zip"
"2016-10-29 00:50:01 PDT","I","test2@match_com","UploadManagerService","Processing data for hour /storage/emulated/0/.MATCH/data/2016-10-28/17-PDT.zip"
"2016-10-29 00:50:01 PDT","I","test2@match_com","UploadManagerService","Processing data for hour /storage/emulated/0/.MATCH/data/2016-10-28/18-PDT.zip"
"2016-10-29 00:50:01 PDT","I","test2@match_com","UploadManagerService","Processing data for hour /storage/emulated/0/.MATCH/data/2016-10-28/19-PDT.zip"
"2016-10-29 00:50:01 PDT","I","test2@match_com","UploadManagerService","Processing data for hour /storage/emulated/0/.MATCH/data/2016-10-28/20-PDT.zip"
"2016-10-29 00:50:01 PDT","I","test2@match_com","UploadManagerService","Processing data for hour /storage/emulated/0/.MATCH/data/2016-10-28/21-PDT.zip"
"2016-10-29 00:50:01 PDT","I","test2@match_com","UploadManagerService","Processing data for hour /storage/emulated/0/.MATCH/data/2016-10-28/22-PDT.zip"
"2016-10-29 00:50:01 PDT","I","test2@match_com","UploadManagerService","Processing data for hour /storage/emulated/0/.MATCH/data/2016-10-28/23-PDT.zip"
"2016-10-29 00:50:01 PDT","I","test2@match_com","UploadManagerService","Processing data for date - /storage/emulated/0/.MATCH/data/2016-10-29"
"2016-10-29 00:50:01 PDT","I","test2@match_com","UploadManagerService","Processing data for hour /storage/emulated/0/.MATCH/data/2016-10-29/00-PDT"
"2016-10-29 00:50:01 PDT","I","test2@match_com","UploadManagerService","Internet is not connected. Not trying to upload files."
"2016-10-29 00:50:01 PDT","I","test2@match_com","MinuteService","Inside onCreate"
"2016-10-29 00:50:01 PDT","I","test2@match_com","MinuteService","Minute Service Alarm was set by - MinuteService"
"2016-10-29 00:50:01 PDT","I","test2@match_com","MinuteService","Time since previous run - 3"
"2016-10-29 00:50:01 PDT","I","test2@match_com","MinuteService","Previous run within last 50 seconds, ignoring this run"
"2016-10-29 00:50:01 PDT","I","test2@match_com","UploadManagerService","Inside onDestroy"
"2016-10-29 00:50:01 PDT","I","test2@match_com","MinuteService","Inside onDestroy"
"2016-10-29 00:50:02 PDT","I","test2@match_com","BackupMinuteService","Inside onCreate"
"2016-10-29 00:50:02 PDT","I","test2@match_com","Util","Inside setBackupMinuteServiceAlarm"
"2016-10-29 00:50:02 PDT","I","test2@match_com","Util","BackupMinuteService last run at - Sat Oct 29 00:50:02 PDT 2016"
"2016-10-29 00:50:02 PDT","I","test2@match_com","Util","BackupMinuteService next run at - Sat Oct 29 00:51:02 PDT 2016"
"2016-10-29 00:50:02 PDT","I","test2@match_com","MinuteService","Inside onCreate"
"2016-10-29 00:50:02 PDT","I","test2@match_com","MinuteService","Minute Service Alarm was set by - MinuteService"
"2016-10-29 00:50:02 PDT","I","test2@match_com","MinuteService","Time since previous run - 5"
"2016-10-29 00:50:02 PDT","I","test2@match_com","MinuteService","Previous run within last 50 seconds, ignoring this run"
"2016-10-29 00:50:02 PDT","I","test2@match_com","BackupMinuteService","Inside onDestroy"
"2016-10-29 00:50:02 PDT","I","test2@match_com","MinuteService","Inside onDestroy"
"2016-10-29 00:50:02 PDT","I","test2@match_com","AlwaysOnService","Received Intent - android.intent.action.TIME_TICK"
"2016-10-29 00:50:52 PDT","I","test2@match_com","AlwaysOnService","Received Intent - android.intent.action.BATTERY_CHANGED"
"2016-10-29 00:50:57 PDT","I","test2@match_com","MinuteService","Inside onCreate"
"2016-10-29 00:50:57 PDT","I","test2@match_com","MinuteService","Minute Service Alarm was set by - MinuteService"
"2016-10-29 00:50:57 PDT","I","test2@match_com","MinuteService","Time since previous run - 60"
"2016-10-29 00:50:57 PDT","I","test2@match_com","MinuteService","Setting Minute Service Last Run"
"2016-10-29 00:50:57 PDT","I","test2@match_com","MinuteService","Setting Minute Service Alarm"
"2016-10-29 00:50:57 PDT","I","test2@match_com","Util","Inside setMinuteServiceAlarmFromMinuteService"
"2016-10-29 00:50:57 PDT","I","test2@match_com","Util","MinuteService last run at - Sat Oct 29 00:50:57 PDT 2016"
"2016-10-29 00:50:57 PDT","I","test2@match_com","Util","MinuteService next run at - Sat Oct 29 00:51:57 PDT 2016"
"2016-10-29 00:50:57 PDT","I","test2@match_com","MinuteService","Setting Minute Service Backup Alarm"
"2016-10-29 00:50:57 PDT","I","test2@match_com","Util","Inside setBackupMinuteServiceAlarm"
"2016-10-29 00:50:57 PDT","I","test2@match_com","Util","BackupMinuteService last run at - Sat Oct 29 00:50:02 PDT 2016"
"2016-10-29 00:50:57 PDT","I","test2@match_com","Util","BackupMinuteService next run at - Sat Oct 29 00:51:02 PDT 2016"
"2016-10-29 00:50:57 PDT","I","test2@match_com","MinuteService","Initializing MATCHConstants"
"2016-10-29 00:50:57 PDT","I","test2@match_com","MinuteService","Notifying user about minute service run"
"2016-10-29 00:50:57 PDT","I","test2@match_com","MinuteService","Writing status to Firebase Database"
"2016-10-29 00:50:57 PDT","I","test2@match_com","MinuteService","Logging Network Status"
"2016-10-29 00:50:57 PDT","I","test2@match_com","ConnectivityManager","isConnected - false - isWifi - false - isMobileInternet - false"
"2016-10-29 00:50:57 PDT","I","test2@match_com","MinuteService","Logging Battery Status"
"2016-10-29 00:50:57 PDT","I","test2@match_com","BatteryManager","Percentage - 92 - isCharging - true - isUSBCharging - false - isACCharging - true - isWirelessCharging - false"
"2016-10-29 00:50:57 PDT","I","test2@match_com","MinuteService","Logging Memory Status"
"2016-10-29 00:50:57 PDT","I","test2@match_com","MemoryManager","Total Memory,898,Available Memory,414,Threshold Memory,144,IsLowMemory,false"
"2016-10-29 00:50:57 PDT","I","test2@match_com","MinuteService","Logging Storage Status"
"2016-10-29 00:50:58 PDT","I","test2@match_com","StorageManager","Internal Total,2247,Internal Free,589,External Total,4637,External Free,3935"
"2016-10-29 00:50:58 PDT","I","test2@match_com","MinuteService","Logging Power Status"
"2016-10-29 00:50:58 PDT","I","test2@match_com","PowerManager","isDeviceIdleMode - false - isInteractive - false - isPowerSaveMode - false - isSustainedPerformanceModeSupported - false"
"2016-10-29 00:50:58 PDT","I","test2@match_com","MinuteService","Logging Notifications Status"
"2016-10-29 00:50:58 PDT","I","test2@match_com","NotificationManager","AreNotificationsEnabled - true - Importance - Unspecified"
"2016-10-29 00:50:58 PDT","I","test2@match_com","MinuteService","Logging Location"
"2016-10-29 00:50:58 PDT","I","test2@match_com","MinuteService","Fetching latest study data"
"2016-10-29 00:50:58 PDT","I","test2@match_com","MinuteService","Starting UploadManagerService"
"2016-10-29 00:50:58 PDT","I","test2@match_com","MinuteService","Starting SurveyManagerService"
"2016-10-29 00:50:58 PDT","I","test2@match_com","UploadManagerService","Inside onCreate"
"2016-10-29 00:50:58 PDT","I","test2@match_com","UploadManagerService","Processing Logs"
"2016-10-29 00:50:58 PDT","I","test2@match_com","UploadManagerService","Processing Logs for Date - /storage/emulated/0/.MATCH/logs/2016-10-26"
"2016-10-29 00:50:58 PDT","I","test2@match_com","UploadManagerService","Processing Logs for Date - /storage/emulated/0/.MATCH/logs/2016-10-27"
"2016-10-29 00:50:58 PDT","I","test2@match_com","UploadManagerService","Processing Logs for Date - /storage/emulated/0/.MATCH/logs/2016-10-28"
"2016-10-29 00:50:58 PDT","I","test2@match_com","UploadManagerService","Processing Logs for Date - /storage/emulated/0/.MATCH/logs/2016-10-29"
"2016-10-29 00:50:58 PDT","I","test2@match_com","UploadManagerService","Processing Surveys"
"2016-10-29 00:50:58 PDT","I","test2@match_com","UploadManagerService","Processing Data files"
"2016-10-29 00:50:58 PDT","I","test2@match_com","UploadManagerService","Processing data for date - /storage/emulated/0/.MATCH/data/2016-10-26"
"2016-10-29 00:50:58 PDT","I","test2@match_com","UploadManagerService","Processing data for hour /storage/emulated/0/.MATCH/data/2016-10-26/19-PDT.zip.uploaded"
"2016-10-29 00:50:58 PDT","I","test2@match_com","UploadManagerService","Processing data for hour /storage/emulated/0/.MATCH/data/2016-10-26/13-PDT.zip.uploaded"
"2016-10-29 00:50:58 PDT","I","test2@match_com","UploadManagerService","Processing data for hour /storage/emulated/0/.MATCH/data/2016-10-26/14-PDT.zip.uploaded"
"2016-10-29 00:50:58 PDT","I","test2@match_com","UploadManagerService","Processing data for hour /storage/emulated/0/.MATCH/data/2016-10-26/15-PDT.zip.uploaded"
"2016-10-29 00:50:58 PDT","I","test2@match_com","UploadManagerService","Processing data for hour /storage/emulated/0/.MATCH/data/2016-10-26/16-PDT.zip.uploaded"
"2016-10-29 00:50:58 PDT","I","test2@match_com","UploadManagerService","Processing data for hour /storage/emulated/0/.MATCH/data/2016-10-26/17-PDT.zip.uploaded"
"2016-10-29 00:50:58 PDT","I","test2@match_com","UploadManagerService","Processing data for hour /storage/emulated/0/.MATCH/data/2016-10-26/21-PDT.zip.uploaded"
"2016-10-29 00:50:58 PDT","I","test2@match_com","UploadManagerService","Processing data for hour /storage/emulated/0/.MATCH/data/2016-10-26/22-PDT.zip.uploaded"
"2016-10-29 00:50:58 PDT","I","test2@match_com","UploadManagerService","Processing data for hour /storage/emulated/0/.MATCH/data/2016-10-26/18-PDT.zip.uploaded"
"2016-10-29 00:50:58 PDT","I","test2@match_com","UploadManagerService","Processing data for hour /storage/emulated/0/.MATCH/data/2016-10-26/20-PDT.zip.uploaded"
"2016-10-29 00:50:58 PDT","I","test2@match_com","UploadManagerService","Processing data for hour /storage/emulated/0/.MATCH/data/2016-10-26/23-PDT.zip.uploaded"
"2016-10-29 00:50:58 PDT","I","test2@match_com","UploadManagerService","Processing data for date - /storage/emulated/0/.MATCH/data/2016-10-27"
"2016-10-29 00:50:58 PDT","I","test2@match_com","UploadManagerService","Processing data for hour /storage/emulated/0/.MATCH/data/2016-10-27/01-PDT.zip.uploaded"
"2016-10-29 00:50:58 PDT","I","test2@match_com","UploadManagerService","Processing data for hour /storage/emulated/0/.MATCH/data/2016-10-27/03-PDT.zip.uploaded"
"2016-10-29 00:50:58 PDT","I","test2@match_com","UploadManagerService","Processing data for hour /storage/emulated/0/.MATCH/data/2016-10-27/04-PDT.zip.uploaded"
"2016-10-29 00:50:58 PDT","I","test2@match_com","UploadManagerService","Processing data for hour /storage/emulated/0/.MATCH/data/2016-10-27/06-PDT.zip.uploaded"
"2016-10-29 00:50:58 PDT","I","test2@match_com","UploadManagerService","Processing data for hour /storage/emulated/0/.MATCH/data/2016-10-27/00-PDT.zip.uploaded"
"2016-10-29 00:50:58 PDT","I","test2@match_com","UploadManagerService","Processing data for hour /storage/emulated/0/.MATCH/data/2016-10-27/02-PDT.zip.uploaded"
"2016-10-29 00:50:58 PDT","I","test2@match_com","UploadManagerService","Processing data for hour /storage/emulated/0/.MATCH/data/2016-10-27/05-PDT.zip.uploaded"
"2016-10-29 00:50:58 PDT","I","test2@match_com","UploadManagerService","Processing data for date - /storage/emulated/0/.MATCH/data/2016-10-28"
"2016-10-29 00:50:58 PDT","I","test2@match_com","UploadManagerService","Processing data for hour /storage/emulated/0/.MATCH/data/2016-10-28/13-PDT.zip"
"2016-10-29 00:50:58 PDT","I","test2@match_com","UploadManagerService","Processing data for hour /storage/emulated/0/.MATCH/data/2016-10-28/14-PDT.zip"
"2016-10-29 00:50:58 PDT","I","test2@match_com","UploadManagerService","Processing data for hour /storage/emulated/0/.MATCH/data/2016-10-28/15-PDT.zip"
"2016-10-29 00:50:58 PDT","I","test2@match_com","UploadManagerService","Processing data for hour /storage/emulated/0/.MATCH/data/2016-10-28/16-PDT.zip"
"2016-10-29 00:50:58 PDT","I","test2@match_com","UploadManagerService","Processing data for hour /storage/emulated/0/.MATCH/data/2016-10-28/17-PDT.zip"
"2016-10-29 00:50:58 PDT","I","test2@match_com","UploadManagerService","Processing data for hour /storage/emulated/0/.MATCH/data/2016-10-28/18-PDT.zip"
"2016-10-29 00:50:58 PDT","I","test2@match_com","UploadManagerService","Processing data for hour /storage/emulated/0/.MATCH/data/2016-10-28/19-PDT.zip"
"2016-10-29 00:50:58 PDT","I","test2@match_com","UploadManagerService","Processing data for hour /storage/emulated/0/.MATCH/data/2016-10-28/20-PDT.zip"
"2016-10-29 00:50:58 PDT","I","test2@match_com","UploadManagerService","Processing data for hour /storage/emulated/0/.MATCH/data/2016-10-28/21-PDT.zip"
"2016-10-29 00:50:58 PDT","I","test2@match_com","UploadManagerService","Processing data for hour /storage/emulated/0/.MATCH/data/2016-10-28/22-PDT.zip"
"2016-10-29 00:50:58 PDT","I","test2@match_com","UploadManagerService","Processing data for hour /storage/emulated/0/.MATCH/data/2016-10-28/23-PDT.zip"
"2016-10-29 00:50:58 PDT","I","test2@match_com","UploadManagerService","Processing data for date - /storage/emulated/0/.MATCH/data/2016-10-29"
"2016-10-29 00:50:58 PDT","I","test2@match_com","UploadManagerService","Processing data for hour /storage/emulated/0/.MATCH/data/2016-10-29/00-PDT"
"2016-10-29 00:50:58 PDT","I","test2@match_com","UploadManagerService","Internet is not connected. Not trying to upload files."
"2016-10-29 00:50:58 PDT","I","test2@match_com","SurveyManagerService","Inside onCreate"
"2016-10-29 00:50:58 PDT","I","test2@match_com","SurveyManagerService","Current time is - Sat Oct 29 00:50:58 PDT 2016"
"2016-10-29 00:50:58 PDT","I","test2@match_com","SurveyManagerService","Start Date is - Tue Oct 25 19:00:00 PDT 2016"
"2016-10-29 00:50:58 PDT","I","test2@match_com","SurveyManagerService","End Date is - Tue Nov 01 16:00:00 PDT 2016"
"2016-10-29 00:50:58 PDT","I","test2@match_com","SurveyManagerService","Scheduling Survey for - KEY_EMA_0730TO0800_CHILD"
"2016-10-29 00:50:58 PDT","I","test2@match_com","SurveyManagerService","Survey KEY_EMA_0730TO0800_CHILD is already scheduled"
"2016-10-29 00:50:58 PDT","I","test2@match_com","SurveyManagerService","Scheduling Survey for - KEY_EMA_0930TO1000_CHILD"
"2016-10-29 00:50:58 PDT","I","test2@match_com","SurveyManagerService","Survey KEY_EMA_0930TO1000_CHILD is already scheduled"
"2016-10-29 00:50:58 PDT","I","test2@match_com","SurveyManagerService","Scheduling Survey for - KEY_EMA_1130TO1200_CHILD"
"2016-10-29 00:50:58 PDT","I","test2@match_com","SurveyManagerService","Survey KEY_EMA_1130TO1200_CHILD is already scheduled"
"2016-10-29 00:50:58 PDT","I","test2@match_com","SurveyManagerService","Scheduling Survey for - KEY_EMA_1330TO1400_CHILD"
"2016-10-29 00:50:58 PDT","I","test2@match_com","SurveyManagerService","Survey KEY_EMA_1330TO1400_CHILD is already scheduled"
"2016-10-29 00:50:58 PDT","I","test2@match_com","SurveyManagerService","Scheduling Survey for - KEY_EMA_1530TO1600_CHILD"
"2016-10-29 00:50:58 PDT","I","test2@match_com","SurveyManagerService","Survey KEY_EMA_1530TO1600_CHILD is already scheduled"
"2016-10-29 00:50:58 PDT","I","test2@match_com","SurveyManagerService","Scheduling Survey for - KEY_EMA_1730TO1800_CHILD"
"2016-10-29 00:50:58 PDT","I","test2@match_com","SurveyManagerService","Survey KEY_EMA_1730TO1800_CHILD is already scheduled"
"2016-10-29 00:50:58 PDT","I","test2@match_com","SurveyManagerService","Scheduling Survey for - KEY_EMA_1930TO2000_CHILD"
"2016-10-29 00:50:58 PDT","I","test2@match_com","SurveyManagerService","Survey KEY_EMA_1930TO2000_CHILD is already scheduled"
"2016-10-29 00:50:58 PDT","I","test2@match_com","SurveyManagerService","Saliva surveys are already scheduled"
"2016-10-29 00:50:58 PDT","I","test2@match_com","SurveyManagerService","Survey KEY_SALIVA_BEDTIME scheduled for Sat Oct 29 21:46:58 PDT 2016"
"2016-10-29 00:50:58 PDT","I","test2@match_com","SurveyManagerService","Survey Schedule for KEY_EMA_0730TO0800_CHILD is Sat Oct 29 07:47:17 PDT 2016"
"2016-10-29 00:50:58 PDT","I","test2@match_com","SurveyManagerService","Still not time to prompt the survey"
"2016-10-29 00:50:58 PDT","I","test2@match_com","SurveyManagerService","Survey Schedule for KEY_EMA_0930TO1000_CHILD is Sat Oct 29 09:57:24 PDT 2016"
"2016-10-29 00:50:58 PDT","I","test2@match_com","SurveyManagerService","Still not time to prompt the survey"
"2016-10-29 00:50:58 PDT","I","test2@match_com","SurveyManagerService","Survey Schedule for KEY_EMA_1130TO1200_CHILD is Sat Oct 29 11:45:10 PDT 2016"
"2016-10-29 00:50:58 PDT","I","test2@match_com","SurveyManagerService","Still not time to prompt the survey"
"2016-10-29 00:50:58 PDT","I","test2@match_com","SurveyManagerService","Survey Schedule for KEY_EMA_1330TO1400_CHILD is Sat Oct 29 13:44:02 PDT 2016"
"2016-10-29 00:50:58 PDT","I","test2@match_com","SurveyManagerService","Still not time to prompt the survey"
"2016-10-29 00:50:58 PDT","I","test2@match_com","SurveyManagerService","Survey Schedule for KEY_EMA_1530TO1600_CHILD is Sat Oct 29 15:33:41 PDT 2016"
"2016-10-29 00:50:58 PDT","I","test2@match_com","SurveyManagerService","Still not time to prompt the survey"
"2016-10-29 00:50:58 PDT","I","test2@match_com","SurveyManagerService","Survey Schedule for KEY_EMA_1730TO1800_CHILD is Sat Oct 29 17:47:43 PDT 2016"
"2016-10-29 00:50:58 PDT","I","test2@match_com","SurveyManagerService","Still not time to prompt the survey"
"2016-10-29 00:50:58 PDT","I","test2@match_com","SurveyManagerService","Survey Schedule for KEY_EMA_1930TO2000_CHILD is Sat Oct 29 19:36:11 PDT 2016"
"2016-10-29 00:50:58 PDT","I","test2@match_com","SurveyManagerService","Still not time to prompt the survey"
"2016-10-29 00:50:58 PDT","I","test2@match_com","SurveyManagerService","KEY_SALIVA_WAKING is scheduled for Sat Oct 29 06:46:56 PDT 2016"
"2016-10-29 00:50:58 PDT","I","test2@match_com","SurveyManagerService","Prompt KEY_SALIVA_WAKING is in the future - Sat Oct 29 06:46:56 PDT 2016"
"2016-10-29 00:50:58 PDT","I","test2@match_com","SurveyManagerService","KEY_SALIVA_WAKING_PLUS_30 is scheduled for Sat Oct 29 07:16:56 PDT 2016"
"2016-10-29 00:50:58 PDT","I","test2@match_com","SurveyManagerService","Prompt KEY_SALIVA_WAKING_PLUS_30 is in the future - Sat Oct 29 07:16:56 PDT 2016"
"2016-10-29 00:50:58 PDT","I","test2@match_com","SurveyManagerService","KEY_SALIVA_AFTERNOON_4TO430_CHILD is scheduled for Sat Oct 29 16:16:27 PDT 2016"
"2016-10-29 00:50:58 PDT","I","test2@match_com","SurveyManagerService","Prompt KEY_SALIVA_AFTERNOON_4TO430_CHILD is in the future - Sat Oct 29 16:16:27 PDT 2016"
"2016-10-29 00:50:58 PDT","I","test2@match_com","SurveyManagerService","KEY_SALIVA_BEDTIME is scheduled for Sat Oct 29 21:46:58 PDT 2016"
"2016-10-29 00:50:58 PDT","I","test2@match_com","SurveyManagerService","Prompt KEY_SALIVA_BEDTIME is in the future - Sat Oct 29 21:46:58 PDT 2016"
"2016-10-29 00:50:58 PDT","I","test2@match_com","MinuteService","Inside onDestroy"
"2016-10-29 00:50:58 PDT","I","test2@match_com","UploadManagerService","Inside onDestroy"
"2016-10-29 00:50:58 PDT","I","test2@match_com","SurveyManagerService","Inside onDestroy"
"2016-10-29 00:50:58 PDT","I","test2@match_com","Zipper","unzipFileWithEncryption"
"2016-10-29 00:50:58 PDT","I","test2@match_com","Zipper","Deleting File - /storage/emulated/0/.MATCH/data/2016-10-29/00-PDT/GPS.csv.zip"
"2016-10-29 00:50:58 PDT","I","test2@match_com","Zipper","zipFileWithEncryption - /storage/emulated/0/.MATCH/data/2016-10-29/00-PDT/GPS.csv"
"2016-10-29 00:50:58 PDT","I","test2@match_com","Zipper","Creating ZipFile - /storage/emulated/0/.MATCH/data/2016-10-29/00-PDT/GPS.csv.zip"
"2016-10-29 00:50:58 PDT","I","test2@match_com","Zipper","Deleting File - /storage/emulated/0/.MATCH/data/2016-10-29/00-PDT/GPS.csv"
"2016-10-29 00:51:01 PDT","I","test2@match_com","UploadManagerService","Inside onCreate"
"2016-10-29 00:51:01 PDT","I","test2@match_com","UploadManagerService","Processing Logs"
"2016-10-29 00:51:01 PDT","I","test2@match_com","UploadManagerService","Processing Logs for Date - /storage/emulated/0/.MATCH/logs/2016-10-26"
"2016-10-29 00:51:01 PDT","I","test2@match_com","UploadManagerService","Processing Logs for Date - /storage/emulated/0/.MATCH/logs/2016-10-27"
"2016-10-29 00:51:01 PDT","I","test2@match_com","UploadManagerService","Processing Logs for Date - /storage/emulated/0/.MATCH/logs/2016-10-28"
"2016-10-29 00:51:01 PDT","I","test2@match_com","UploadManagerService","Processing Logs for Date - /storage/emulated/0/.MATCH/logs/2016-10-29"
"2016-10-29 00:51:01 PDT","I","test2@match_com","UploadManagerService","Processing Surveys"
"2016-10-29 00:51:01 PDT","I","test2@match_com","UploadManagerService","Processing Data files"
"2016-10-29 00:51:01 PDT","I","test2@match_com","UploadManagerService","Processing data for date - /storage/emulated/0/.MATCH/data/2016-10-26"
"2016-10-29 00:51:01 PDT","I","test2@match_com","UploadManagerService","Processing data for hour /storage/emulated/0/.MATCH/data/2016-10-26/19-PDT.zip.uploaded"
"2016-10-29 00:51:01 PDT","I","test2@match_com","UploadManagerService","Processing data for hour /storage/emulated/0/.MATCH/data/2016-10-26/13-PDT.zip.uploaded"
"2016-10-29 00:51:01 PDT","I","test2@match_com","UploadManagerService","Processing data for hour /storage/emulated/0/.MATCH/data/2016-10-26/14-PDT.zip.uploaded"
"2016-10-29 00:51:01 PDT","I","test2@match_com","UploadManagerService","Processing data for hour /storage/emulated/0/.MATCH/data/2016-10-26/15-PDT.zip.uploaded"
"2016-10-29 00:51:01 PDT","I","test2@match_com","UploadManagerService","Processing data for hour /storage/emulated/0/.MATCH/data/2016-10-26/16-PDT.zip.uploaded"
"2016-10-29 00:51:01 PDT","I","test2@match_com","UploadManagerService","Processing data for hour /storage/emulated/0/.MATCH/data/2016-10-26/17-PDT.zip.uploaded"
"2016-10-29 00:51:01 PDT","I","test2@match_com","UploadManagerService","Processing data for hour /storage/emulated/0/.MATCH/data/2016-10-26/21-PDT.zip.uploaded"
"2016-10-29 00:51:01 PDT","I","test2@match_com","UploadManagerService","Processing data for hour /storage/emulated/0/.MATCH/data/2016-10-26/22-PDT.zip.uploaded"
"2016-10-29 00:51:01 PDT","I","test2@match_com","UploadManagerService","Processing data for hour /storage/emulated/0/.MATCH/data/2016-10-26/18-PDT.zip.uploaded"
"2016-10-29 00:51:01 PDT","I","test2@match_com","UploadManagerService","Processing data for hour /storage/emulated/0/.MATCH/data/2016-10-26/20-PDT.zip.uploaded"
"2016-10-29 00:51:01 PDT","I","test2@match_com","UploadManagerService","Processing data for hour /storage/emulated/0/.MATCH/data/2016-10-26/23-PDT.zip.uploaded"
"2016-10-29 00:51:01 PDT","I","test2@match_com","UploadManagerService","Processing data for date - /storage/emulated/0/.MATCH/data/2016-10-27"
"2016-10-29 00:51:01 PDT","I","test2@match_com","UploadManagerService","Processing data for hour /storage/emulated/0/.MATCH/data/2016-10-27/01-PDT.zip.uploaded"
"2016-10-29 00:51:01 PDT","I","test2@match_com","UploadManagerService","Processing data for hour /storage/emulated/0/.MATCH/data/2016-10-27/03-PDT.zip.uploaded"
"2016-10-29 00:51:01 PDT","I","test2@match_com","UploadManagerService","Processing data for hour /storage/emulated/0/.MATCH/data/2016-10-27/04-PDT.zip.uploaded"
"2016-10-29 00:51:01 PDT","I","test2@match_com","UploadManagerService","Processing data for hour /storage/emulated/0/.MATCH/data/2016-10-27/06-PDT.zip.uploaded"
"2016-10-29 00:51:01 PDT","I","test2@match_com","UploadManagerService","Processing data for hour /storage/emulated/0/.MATCH/data/2016-10-27/00-PDT.zip.uploaded"
"2016-10-29 00:51:01 PDT","I","test2@match_com","UploadManagerService","Processing data for hour /storage/emulated/0/.MATCH/data/2016-10-27/02-PDT.zip.uploaded"
"2016-10-29 00:51:01 PDT","I","test2@match_com","UploadManagerService","Processing data for hour /storage/emulated/0/.MATCH/data/2016-10-27/05-PDT.zip.uploaded"
"2016-10-29 00:51:01 PDT","I","test2@match_com","UploadManagerService","Processing data for date - /storage/emulated/0/.MATCH/data/2016-10-28"
"2016-10-29 00:51:01 PDT","I","test2@match_com","UploadManagerService","Processing data for hour /storage/emulated/0/.MATCH/data/2016-10-28/13-PDT.zip"
"2016-10-29 00:51:01 PDT","I","test2@match_com","UploadManagerService","Processing data for hour /storage/emulated/0/.MATCH/data/2016-10-28/14-PDT.zip"
"2016-10-29 00:51:01 PDT","I","test2@match_com","UploadManagerService","Processing data for hour /storage/emulated/0/.MATCH/data/2016-10-28/15-PDT.zip"
"2016-10-29 00:51:01 PDT","I","test2@match_com","UploadManagerService","Processing data for hour /storage/emulated/0/.MATCH/data/2016-10-28/16-PDT.zip"
"2016-10-29 00:51:01 PDT","I","test2@match_com","UploadManagerService","Processing data for hour /storage/emulated/0/.MATCH/data/2016-10-28/17-PDT.zip"
"2016-10-29 00:51:01 PDT","I","test2@match_com","UploadManagerService","Processing data for hour /storage/emulated/0/.MATCH/data/2016-10-28/18-PDT.zip"
"2016-10-29 00:51:01 PDT","I","test2@match_com","UploadManagerService","Processing data for hour /storage/emulated/0/.MATCH/data/2016-10-28/19-PDT.zip"
"2016-10-29 00:51:01 PDT","I","test2@match_com","UploadManagerService","Processing data for hour /storage/emulated/0/.MATCH/data/2016-10-28/20-PDT.zip"
"2016-10-29 00:51:01 PDT","I","test2@match_com","UploadManagerService","Processing data for hour /storage/emulated/0/.MATCH/data/2016-10-28/21-PDT.zip"
"2016-10-29 00:51:01 PDT","I","test2@match_com","UploadManagerService","Processing data for hour /storage/emulated/0/.MATCH/data/2016-10-28/22-PDT.zip"
"2016-10-29 00:51:01 PDT","I","test2@match_com","UploadManagerService","Processing data for hour /storage/emulated/0/.MATCH/data/2016-10-28/23-PDT.zip"
"2016-10-29 00:51:01 PDT","I","test2@match_com","UploadManagerService","Processing data for date - /storage/emulated/0/.MATCH/data/2016-10-29"
"2016-10-29 00:51:01 PDT","I","test2@match_com","UploadManagerService","Processing data for hour /storage/emulated/0/.MATCH/data/2016-10-29/00-PDT"
"2016-10-29 00:51:01 PDT","I","test2@match_com","UploadManagerService","Internet is not connected. Not trying to upload files."
"2016-10-29 00:51:01 PDT","I","test2@match_com","MinuteService","Inside onCreate"
"2016-10-29 00:51:01 PDT","I","test2@match_com","MinuteService","Minute Service Alarm was set by - MinuteService"
"2016-10-29 00:51:01 PDT","I","test2@match_com","MinuteService","Time since previous run - 3"
"2016-10-29 00:51:01 PDT","I","test2@match_com","MinuteService","Previous run within last 50 seconds, ignoring this run"
"2016-10-29 00:51:01 PDT","I","test2@match_com","UploadManagerService","Inside onDestroy"
"2016-10-29 00:51:01 PDT","I","test2@match_com","MinuteService","Inside onDestroy"
"2016-10-29 00:51:02 PDT","I","test2@match_com","BackupMinuteService","Inside onCreate"
"2016-10-29 00:51:02 PDT","I","test2@match_com","Util","Inside setBackupMinuteServiceAlarm"
"2016-10-29 00:51:02 PDT","I","test2@match_com","Util","BackupMinuteService last run at - Sat Oct 29 00:51:02 PDT 2016"
"2016-10-29 00:51:02 PDT","I","test2@match_com","Util","BackupMinuteService next run at - Sat Oct 29 00:52:02 PDT 2016"
"2016-10-29 00:51:02 PDT","I","test2@match_com","MinuteService","Inside onCreate"
"2016-10-29 00:51:02 PDT","I","test2@match_com","MinuteService","Minute Service Alarm was set by - MinuteService"
"2016-10-29 00:51:02 PDT","I","test2@match_com","MinuteService","Time since previous run - 5"
"2016-10-29 00:51:02 PDT","I","test2@match_com","MinuteService","Previous run within last 50 seconds, ignoring this run"
"2016-10-29 00:51:02 PDT","I","test2@match_com","BackupMinuteService","Inside onDestroy"
"2016-10-29 00:51:02 PDT","I","test2@match_com","MinuteService","Inside onDestroy"
"2016-10-29 00:51:02 PDT","I","test2@match_com","AlwaysOnService","Received Intent - android.intent.action.TIME_TICK"
"2016-10-29 00:51:19 PDT","I","test2@match_com","AlwaysOnService","Received Intent - android.intent.action.BATTERY_CHANGED"
"2016-10-29 00:51:23 PDT","I","test2@match_com","AlwaysOnService","Received Intent - android.intent.action.BATTERY_CHANGED"
"2016-10-29 00:51:57 PDT","I","test2@match_com","MinuteService","Inside onCreate"
"2016-10-29 00:51:57 PDT","I","test2@match_com","MinuteService","Minute Service Alarm was set by - MinuteService"
"2016-10-29 00:51:57 PDT","I","test2@match_com","MinuteService","Time since previous run - 60"
"2016-10-29 00:51:57 PDT","I","test2@match_com","MinuteService","Setting Minute Service Last Run"
"2016-10-29 00:51:57 PDT","I","test2@match_com","MinuteService","Setting Minute Service Alarm"
"2016-10-29 00:51:57 PDT","I","test2@match_com","Util","Inside setMinuteServiceAlarmFromMinuteService"
"2016-10-29 00:51:57 PDT","I","test2@match_com","Util","MinuteService last run at - Sat Oct 29 00:51:57 PDT 2016"
"2016-10-29 00:51:57 PDT","I","test2@match_com","Util","MinuteService next run at - Sat Oct 29 00:52:57 PDT 2016"
"2016-10-29 00:51:57 PDT","I","test2@match_com","MinuteService","Setting Minute Service Backup Alarm"
"2016-10-29 00:51:57 PDT","I","test2@match_com","Util","Inside setBackupMinuteServiceAlarm"
"2016-10-29 00:51:57 PDT","I","test2@match_com","Util","BackupMinuteService last run at - Sat Oct 29 00:51:02 PDT 2016"
"2016-10-29 00:51:57 PDT","I","test2@match_com","Util","BackupMinuteService next run at - Sat Oct 29 00:52:02 PDT 2016"
"2016-10-29 00:51:57 PDT","I","test2@match_com","MinuteService","Initializing MATCHConstants"
"2016-10-29 00:51:57 PDT","I","test2@match_com","MinuteService","Notifying user about minute service run"
"2016-10-29 00:51:57 PDT","I","test2@match_com","MinuteService","Writing status to Firebase Database"
"2016-10-29 00:51:58 PDT","I","test2@match_com","MinuteService","Logging Network Status"
"2016-10-29 00:51:58 PDT","I","test2@match_com","ConnectivityManager","isConnected - false - isWifi - false - isMobileInternet - false"
"2016-10-29 00:51:58 PDT","I","test2@match_com","MinuteService","Logging Battery Status"
"2016-10-29 00:51:58 PDT","I","test2@match_com","BatteryManager","Percentage - 93 - isCharging - true - isUSBCharging - false - isACCharging - true - isWirelessCharging - false"
"2016-10-29 00:51:58 PDT","I","test2@match_com","MinuteService","Logging Memory Status"
"2016-10-29 00:51:58 PDT","I","test2@match_com","MemoryManager","Total Memory,898,Available Memory,412,Threshold Memory,144,IsLowMemory,false"
"2016-10-29 00:51:58 PDT","I","test2@match_com","MinuteService","Logging Storage Status"
"2016-10-29 00:51:58 PDT","I","test2@match_com","StorageManager","Internal Total,2247,Internal Free,589,External Total,4637,External Free,3935"
"2016-10-29 00:51:58 PDT","I","test2@match_com","MinuteService","Logging Power Status"
"2016-10-29 00:51:58 PDT","I","test2@match_com","PowerManager","isDeviceIdleMode - false - isInteractive - false - isPowerSaveMode - false - isSustainedPerformanceModeSupported - false"
"2016-10-29 00:51:58 PDT","I","test2@match_com","MinuteService","Logging Notifications Status"
"2016-10-29 00:51:58 PDT","I","test2@match_com","NotificationManager","AreNotificationsEnabled - true - Importance - Unspecified"
"2016-10-29 00:51:58 PDT","I","test2@match_com","MinuteService","Logging Location"
"2016-10-29 00:51:58 PDT","I","test2@match_com","MinuteService","Fetching latest study data"
"2016-10-29 00:51:58 PDT","I","test2@match_com","MinuteService","Starting UploadManagerService"
"2016-10-29 00:51:58 PDT","I","test2@match_com","MinuteService","Starting SurveyManagerService"
"2016-10-29 00:51:58 PDT","I","test2@match_com","UploadManagerService","Inside onCreate"
"2016-10-29 00:51:58 PDT","I","test2@match_com","UploadManagerService","Processing Logs"
"2016-10-29 00:51:58 PDT","I","test2@match_com","UploadManagerService","Processing Logs for Date - /storage/emulated/0/.MATCH/logs/2016-10-26"
"2016-10-29 00:51:58 PDT","I","test2@match_com","UploadManagerService","Processing Logs for Date - /storage/emulated/0/.MATCH/logs/2016-10-27"
"2016-10-29 00:51:58 PDT","I","test2@match_com","UploadManagerService","Processing Logs for Date - /storage/emulated/0/.MATCH/logs/2016-10-28"
"2016-10-29 00:51:58 PDT","I","test2@match_com","UploadManagerService","Processing Logs for Date - /storage/emulated/0/.MATCH/logs/2016-10-29"
"2016-10-29 00:51:58 PDT","I","test2@match_com","UploadManagerService","Processing Surveys"
"2016-10-29 00:51:58 PDT","I","test2@match_com","UploadManagerService","Processing Data files"
"2016-10-29 00:51:58 PDT","I","test2@match_com","UploadManagerService","Processing data for date - /storage/emulated/0/.MATCH/data/2016-10-26"
"2016-10-29 00:51:58 PDT","I","test2@match_com","UploadManagerService","Processing data for hour /storage/emulated/0/.MATCH/data/2016-10-26/19-PDT.zip.uploaded"
"2016-10-29 00:51:58 PDT","I","test2@match_com","UploadManagerService","Processing data for hour /storage/emulated/0/.MATCH/data/2016-10-26/13-PDT.zip.uploaded"
"2016-10-29 00:51:58 PDT","I","test2@match_com","UploadManagerService","Processing data for hour /storage/emulated/0/.MATCH/data/2016-10-26/14-PDT.zip.uploaded"
"2016-10-29 00:51:58 PDT","I","test2@match_com","UploadManagerService","Processing data for hour /storage/emulated/0/.MATCH/data/2016-10-26/15-PDT.zip.uploaded"
"2016-10-29 00:51:58 PDT","I","test2@match_com","UploadManagerService","Processing data for hour /storage/emulated/0/.MATCH/data/2016-10-26/16-PDT.zip.uploaded"
"2016-10-29 00:51:58 PDT","I","test2@match_com","UploadManagerService","Processing data for hour /storage/emulated/0/.MATCH/data/2016-10-26/17-PDT.zip.uploaded"
"2016-10-29 00:51:58 PDT","I","test2@match_com","UploadManagerService","Processing data for hour /storage/emulated/0/.MATCH/data/2016-10-26/21-PDT.zip.uploaded"
"2016-10-29 00:51:58 PDT","I","test2@match_com","UploadManagerService","Processing data for hour /storage/emulated/0/.MATCH/data/2016-10-26/22-PDT.zip.uploaded"
"2016-10-29 00:51:58 PDT","I","test2@match_com","UploadManagerService","Processing data for hour /storage/emulated/0/.MATCH/data/2016-10-26/18-PDT.zip.uploaded"
"2016-10-29 00:51:58 PDT","I","test2@match_com","UploadManagerService","Processing data for hour /storage/emulated/0/.MATCH/data/2016-10-26/20-PDT.zip.uploaded"
"2016-10-29 00:51:58 PDT","I","test2@match_com","UploadManagerService","Processing data for hour /storage/emulated/0/.MATCH/data/2016-10-26/23-PDT.zip.uploaded"
"2016-10-29 00:51:58 PDT","I","test2@match_com","UploadManagerService","Processing data for date - /storage/emulated/0/.MATCH/data/2016-10-27"
"2016-10-29 00:51:58 PDT","I","test2@match_com","UploadManagerService","Processing data for hour /storage/emulated/0/.MATCH/data/2016-10-27/01-PDT.zip.uploaded"
"2016-10-29 00:51:58 PDT","I","test2@match_com","UploadManagerService","Processing data for hour /storage/emulated/0/.MATCH/data/2016-10-27/03-PDT.zip.uploaded"
"2016-10-29 00:51:58 PDT","I","test2@match_com","UploadManagerService","Processing data for hour /storage/emulated/0/.MATCH/data/2016-10-27/04-PDT.zip.uploaded"
"2016-10-29 00:51:58 PDT","I","test2@match_com","UploadManagerService","Processing data for hour /storage/emulated/0/.MATCH/data/2016-10-27/06-PDT.zip.uploaded"
"2016-10-29 00:51:58 PDT","I","test2@match_com","UploadManagerService","Processing data for hour /storage/emulated/0/.MATCH/data/2016-10-27/00-PDT.zip.uploaded"
"2016-10-29 00:51:58 PDT","I","test2@match_com","UploadManagerService","Processing data for hour /storage/emulated/0/.MATCH/data/2016-10-27/02-PDT.zip.uploaded"
"2016-10-29 00:51:58 PDT","I","test2@match_com","UploadManagerService","Processing data for hour /storage/emulated/0/.MATCH/data/2016-10-27/05-PDT.zip.uploaded"
"2016-10-29 00:51:58 PDT","I","test2@match_com","UploadManagerService","Processing data for date - /storage/emulated/0/.MATCH/data/2016-10-28"
"2016-10-29 00:51:58 PDT","I","test2@match_com","UploadManagerService","Processing data for hour /storage/emulated/0/.MATCH/data/2016-10-28/13-PDT.zip"
"2016-10-29 00:51:58 PDT","I","test2@match_com","UploadManagerService","Processing data for hour /storage/emulated/0/.MATCH/data/2016-10-28/14-PDT.zip"
"2016-10-29 00:51:58 PDT","I","test2@match_com","UploadManagerService","Processing data for hour /storage/emulated/0/.MATCH/data/2016-10-28/15-PDT.zip"
"2016-10-29 00:51:58 PDT","I","test2@match_com","UploadManagerService","Processing data for hour /storage/emulated/0/.MATCH/data/2016-10-28/16-PDT.zip"
"2016-10-29 00:51:58 PDT","I","test2@match_com","UploadManagerService","Processing data for hour /storage/emulated/0/.MATCH/data/2016-10-28/17-PDT.zip"
"2016-10-29 00:51:58 PDT","I","test2@match_com","UploadManagerService","Processing data for hour /storage/emulated/0/.MATCH/data/2016-10-28/18-PDT.zip"
"2016-10-29 00:51:58 PDT","I","test2@match_com","UploadManagerService","Processing data for hour /storage/emulated/0/.MATCH/data/2016-10-28/19-PDT.zip"
"2016-10-29 00:51:58 PDT","I","test2@match_com","UploadManagerService","Processing data for hour /storage/emulated/0/.MATCH/data/2016-10-28/20-PDT.zip"
"2016-10-29 00:51:58 PDT","I","test2@match_com","UploadManagerService","Processing data for hour /storage/emulated/0/.MATCH/data/2016-10-28/21-PDT.zip"
"2016-10-29 00:51:58 PDT","I","test2@match_com","UploadManagerService","Processing data for hour /storage/emulated/0/.MATCH/data/2016-10-28/22-PDT.zip"
"2016-10-29 00:51:58 PDT","I","test2@match_com","UploadManagerService","Processing data for hour /storage/emulated/0/.MATCH/data/2016-10-28/23-PDT.zip"
"2016-10-29 00:51:58 PDT","I","test2@match_com","UploadManagerService","Processing data for date - /storage/emulated/0/.MATCH/data/2016-10-29"
"2016-10-29 00:51:58 PDT","I","test2@match_com","UploadManagerService","Processing data for hour /storage/emulated/0/.MATCH/data/2016-10-29/00-PDT"
"2016-10-29 00:51:58 PDT","I","test2@match_com","UploadManagerService","Internet is not connected. Not trying to upload files."
"2016-10-29 00:51:58 PDT","I","test2@match_com","SurveyManagerService","Inside onCreate"
"2016-10-29 00:51:58 PDT","I","test2@match_com","SurveyManagerService","Current time is - Sat Oct 29 00:51:58 PDT 2016"
"2016-10-29 00:51:58 PDT","I","test2@match_com","SurveyManagerService","Start Date is - Tue Oct 25 19:00:00 PDT 2016"
"2016-10-29 00:51:58 PDT","I","test2@match_com","SurveyManagerService","End Date is - Tue Nov 01 16:00:00 PDT 2016"
"2016-10-29 00:51:58 PDT","I","test2@match_com","SurveyManagerService","Scheduling Survey for - KEY_EMA_0730TO0800_CHILD"
"2016-10-29 00:51:58 PDT","I","test2@match_com","SurveyManagerService","Survey KEY_EMA_0730TO0800_CHILD is already scheduled"
"2016-10-29 00:51:58 PDT","I","test2@match_com","SurveyManagerService","Scheduling Survey for - KEY_EMA_0930TO1000_CHILD"
"2016-10-29 00:51:58 PDT","I","test2@match_com","SurveyManagerService","Survey KEY_EMA_0930TO1000_CHILD is already scheduled"
"2016-10-29 00:51:58 PDT","I","test2@match_com","SurveyManagerService","Scheduling Survey for - KEY_EMA_1130TO1200_CHILD"
"2016-10-29 00:51:58 PDT","I","test2@match_com","SurveyManagerService","Survey KEY_EMA_1130TO1200_CHILD is already scheduled"
"2016-10-29 00:51:58 PDT","I","test2@match_com","SurveyManagerService","Scheduling Survey for - KEY_EMA_1330TO1400_CHILD"
"2016-10-29 00:51:58 PDT","I","test2@match_com","SurveyManagerService","Survey KEY_EMA_1330TO1400_CHILD is already scheduled"
"2016-10-29 00:51:58 PDT","I","test2@match_com","SurveyManagerService","Scheduling Survey for - KEY_EMA_1530TO1600_CHILD"
"2016-10-29 00:51:58 PDT","I","test2@match_com","SurveyManagerService","Survey KEY_EMA_1530TO1600_CHILD is already scheduled"
"2016-10-29 00:51:58 PDT","I","test2@match_com","SurveyManagerService","Scheduling Survey for - KEY_EMA_1730TO1800_CHILD"
"2016-10-29 00:51:58 PDT","I","test2@match_com","SurveyManagerService","Survey KEY_EMA_1730TO1800_CHILD is already scheduled"
"2016-10-29 00:51:58 PDT","I","test2@match_com","SurveyManagerService","Scheduling Survey for - KEY_EMA_1930TO2000_CHILD"
"2016-10-29 00:51:58 PDT","I","test2@match_com","SurveyManagerService","Survey KEY_EMA_1930TO2000_CHILD is already scheduled"
"2016-10-29 00:51:58 PDT","I","test2@match_com","SurveyManagerService","Saliva surveys are already scheduled"
"2016-10-29 00:51:58 PDT","I","test2@match_com","SurveyManagerService","Survey KEY_SALIVA_BEDTIME scheduled for Sat Oct 29 21:46:58 PDT 2016"
"2016-10-29 00:51:58 PDT","I","test2@match_com","SurveyManagerService","Survey Schedule for KEY_EMA_0730TO0800_CHILD is Sat Oct 29 07:47:17 PDT 2016"
"2016-10-29 00:51:58 PDT","I","test2@match_com","SurveyManagerService","Still not time to prompt the survey"
"2016-10-29 00:51:58 PDT","I","test2@match_com","SurveyManagerService","Survey Schedule for KEY_EMA_0930TO1000_CHILD is Sat Oct 29 09:57:24 PDT 2016"
"2016-10-29 00:51:58 PDT","I","test2@match_com","SurveyManagerService","Still not time to prompt the survey"
"2016-10-29 00:51:58 PDT","I","test2@match_com","SurveyManagerService","Survey Schedule for KEY_EMA_1130TO1200_CHILD is Sat Oct 29 11:45:10 PDT 2016"
"2016-10-29 00:51:58 PDT","I","test2@match_com","SurveyManagerService","Still not time to prompt the survey"
"2016-10-29 00:51:58 PDT","I","test2@match_com","SurveyManagerService","Survey Schedule for KEY_EMA_1330TO1400_CHILD is Sat Oct 29 13:44:02 PDT 2016"
"2016-10-29 00:51:58 PDT","I","test2@match_com","SurveyManagerService","Still not time to prompt the survey"
"2016-10-29 00:51:58 PDT","I","test2@match_com","SurveyManagerService","Survey Schedule for KEY_EMA_1530TO1600_CHILD is Sat Oct 29 15:33:41 PDT 2016"
"2016-10-29 00:51:58 PDT","I","test2@match_com","SurveyManagerService","Still not time to prompt the survey"
"2016-10-29 00:51:58 PDT","I","test2@match_com","SurveyManagerService","Survey Schedule for KEY_EMA_1730TO1800_CHILD is Sat Oct 29 17:47:43 PDT 2016"
"2016-10-29 00:51:58 PDT","I","test2@match_com","SurveyManagerService","Still not time to prompt the survey"
"2016-10-29 00:51:58 PDT","I","test2@match_com","SurveyManagerService","Survey Schedule for KEY_EMA_1930TO2000_CHILD is Sat Oct 29 19:36:11 PDT 2016"
"2016-10-29 00:51:58 PDT","I","test2@match_com","SurveyManagerService","Still not time to prompt the survey"
"2016-10-29 00:51:58 PDT","I","test2@match_com","SurveyManagerService","KEY_SALIVA_WAKING is scheduled for Sat Oct 29 06:46:56 PDT 2016"
"2016-10-29 00:51:58 PDT","I","test2@match_com","SurveyManagerService","Prompt KEY_SALIVA_WAKING is in the future - Sat Oct 29 06:46:56 PDT 2016"
"2016-10-29 00:51:58 PDT","I","test2@match_com","SurveyManagerService","KEY_SALIVA_WAKING_PLUS_30 is scheduled for Sat Oct 29 07:16:56 PDT 2016"
"2016-10-29 00:51:58 PDT","I","test2@match_com","SurveyManagerService","Prompt KEY_SALIVA_WAKING_PLUS_30 is in the future - Sat Oct 29 07:16:56 PDT 2016"
"2016-10-29 00:51:58 PDT","I","test2@match_com","SurveyManagerService","KEY_SALIVA_AFTERNOON_4TO430_CHILD is scheduled for Sat Oct 29 16:16:27 PDT 2016"
"2016-10-29 00:51:58 PDT","I","test2@match_com","SurveyManagerService","Prompt KEY_SALIVA_AFTERNOON_4TO430_CHILD is in the future - Sat Oct 29 16:16:27 PDT 2016"
"2016-10-29 00:51:58 PDT","I","test2@match_com","SurveyManagerService","KEY_SALIVA_BEDTIME is scheduled for Sat Oct 29 21:46:58 PDT 2016"
"2016-10-29 00:51:58 PDT","I","test2@match_com","SurveyManagerService","Prompt KEY_SALIVA_BEDTIME is in the future - Sat Oct 29 21:46:58 PDT 2016"
"2016-10-29 00:51:58 PDT","I","test2@match_com","MinuteService","Inside onDestroy"
"2016-10-29 00:51:58 PDT","I","test2@match_com","UploadManagerService","Inside onDestroy"
"2016-10-29 00:51:58 PDT","I","test2@match_com","SurveyManagerService","Inside onDestroy"
"2016-10-29 00:51:58 PDT","I","test2@match_com","Zipper","unzipFileWithEncryption"
"2016-10-29 00:51:58 PDT","I","test2@match_com","Zipper","Deleting File - /storage/emulated/0/.MATCH/data/2016-10-29/00-PDT/GPS.csv.zip"
"2016-10-29 00:51:58 PDT","I","test2@match_com","Zipper","zipFileWithEncryption - /storage/emulated/0/.MATCH/data/2016-10-29/00-PDT/GPS.csv"
"2016-10-29 00:51:58 PDT","I","test2@match_com","Zipper","Creating ZipFile - /storage/emulated/0/.MATCH/data/2016-10-29/00-PDT/GPS.csv.zip"
"2016-10-29 00:51:59 PDT","I","test2@match_com","Zipper","Deleting File - /storage/emulated/0/.MATCH/data/2016-10-29/00-PDT/GPS.csv"
"2016-10-29 00:52:01 PDT","I","test2@match_com","UploadManagerService","Inside onCreate"
"2016-10-29 00:52:01 PDT","I","test2@match_com","UploadManagerService","Processing Logs"
"2016-10-29 00:52:01 PDT","I","test2@match_com","UploadManagerService","Processing Logs for Date - /storage/emulated/0/.MATCH/logs/2016-10-26"
"2016-10-29 00:52:01 PDT","I","test2@match_com","UploadManagerService","Processing Logs for Date - /storage/emulated/0/.MATCH/logs/2016-10-27"
"2016-10-29 00:52:01 PDT","I","test2@match_com","UploadManagerService","Processing Logs for Date - /storage/emulated/0/.MATCH/logs/2016-10-28"
"2016-10-29 00:52:01 PDT","I","test2@match_com","UploadManagerService","Processing Logs for Date - /storage/emulated/0/.MATCH/logs/2016-10-29"
"2016-10-29 00:52:01 PDT","I","test2@match_com","UploadManagerService","Processing Surveys"
"2016-10-29 00:52:01 PDT","I","test2@match_com","UploadManagerService","Processing Data files"
"2016-10-29 00:52:01 PDT","I","test2@match_com","UploadManagerService","Processing data for date - /storage/emulated/0/.MATCH/data/2016-10-26"
"2016-10-29 00:52:01 PDT","I","test2@match_com","UploadManagerService","Processing data for hour /storage/emulated/0/.MATCH/data/2016-10-26/19-PDT.zip.uploaded"
"2016-10-29 00:52:01 PDT","I","test2@match_com","UploadManagerService","Processing data for hour /storage/emulated/0/.MATCH/data/2016-10-26/13-PDT.zip.uploaded"
"2016-10-29 00:52:01 PDT","I","test2@match_com","UploadManagerService","Processing data for hour /storage/emulated/0/.MATCH/data/2016-10-26/14-PDT.zip.uploaded"
"2016-10-29 00:52:01 PDT","I","test2@match_com","UploadManagerService","Processing data for hour /storage/emulated/0/.MATCH/data/2016-10-26/15-PDT.zip.uploaded"
"2016-10-29 00:52:01 PDT","I","test2@match_com","UploadManagerService","Processing data for hour /storage/emulated/0/.MATCH/data/2016-10-26/16-PDT.zip.uploaded"
"2016-10-29 00:52:01 PDT","I","test2@match_com","UploadManagerService","Processing data for hour /storage/emulated/0/.MATCH/data/2016-10-26/17-PDT.zip.uploaded"
"2016-10-29 00:52:01 PDT","I","test2@match_com","UploadManagerService","Processing data for hour /storage/emulated/0/.MATCH/data/2016-10-26/21-PDT.zip.uploaded"
"2016-10-29 00:52:01 PDT","I","test2@match_com","UploadManagerService","Processing data for hour /storage/emulated/0/.MATCH/data/2016-10-26/22-PDT.zip.uploaded"
"2016-10-29 00:52:01 PDT","I","test2@match_com","UploadManagerService","Processing data for hour /storage/emulated/0/.MATCH/data/2016-10-26/18-PDT.zip.uploaded"
"2016-10-29 00:52:01 PDT","I","test2@match_com","UploadManagerService","Processing data for hour /storage/emulated/0/.MATCH/data/2016-10-26/20-PDT.zip.uploaded"
"2016-10-29 00:52:01 PDT","I","test2@match_com","UploadManagerService","Processing data for hour /storage/emulated/0/.MATCH/data/2016-10-26/23-PDT.zip.uploaded"
"2016-10-29 00:52:01 PDT","I","test2@match_com","UploadManagerService","Processing data for date - /storage/emulated/0/.MATCH/data/2016-10-27"
"2016-10-29 00:52:01 PDT","I","test2@match_com","UploadManagerService","Processing data for hour /storage/emulated/0/.MATCH/data/2016-10-27/01-PDT.zip.uploaded"
"2016-10-29 00:52:01 PDT","I","test2@match_com","UploadManagerService","Processing data for hour /storage/emulated/0/.MATCH/data/2016-10-27/03-PDT.zip.uploaded"
"2016-10-29 00:52:01 PDT","I","test2@match_com","UploadManagerService","Processing data for hour /storage/emulated/0/.MATCH/data/2016-10-27/04-PDT.zip.uploaded"
"2016-10-29 00:52:01 PDT","I","test2@match_com","UploadManagerService","Processing data for hour /storage/emulated/0/.MATCH/data/2016-10-27/06-PDT.zip.uploaded"
"2016-10-29 00:52:01 PDT","I","test2@match_com","UploadManagerService","Processing data for hour /storage/emulated/0/.MATCH/data/2016-10-27/00-PDT.zip.uploaded"
"2016-10-29 00:52:01 PDT","I","test2@match_com","UploadManagerService","Processing data for hour /storage/emulated/0/.MATCH/data/2016-10-27/02-PDT.zip.uploaded"
"2016-10-29 00:52:01 PDT","I","test2@match_com","UploadManagerService","Processing data for hour /storage/emulated/0/.MATCH/data/2016-10-27/05-PDT.zip.uploaded"
"2016-10-29 00:52:01 PDT","I","test2@match_com","UploadManagerService","Processing data for date - /storage/emulated/0/.MATCH/data/2016-10-28"
"2016-10-29 00:52:01 PDT","I","test2@match_com","UploadManagerService","Processing data for hour /storage/emulated/0/.MATCH/data/2016-10-28/13-PDT.zip"
"2016-10-29 00:52:01 PDT","I","test2@match_com","UploadManagerService","Processing data for hour /storage/emulated/0/.MATCH/data/2016-10-28/14-PDT.zip"
"2016-10-29 00:52:01 PDT","I","test2@match_com","UploadManagerService","Processing data for hour /storage/emulated/0/.MATCH/data/2016-10-28/15-PDT.zip"
"2016-10-29 00:52:01 PDT","I","test2@match_com","UploadManagerService","Processing data for hour /storage/emulated/0/.MATCH/data/2016-10-28/16-PDT.zip"
"2016-10-29 00:52:01 PDT","I","test2@match_com","UploadManagerService","Processing data for hour /storage/emulated/0/.MATCH/data/2016-10-28/17-PDT.zip"
"2016-10-29 00:52:01 PDT","I","test2@match_com","UploadManagerService","Processing data for hour /storage/emulated/0/.MATCH/data/2016-10-28/18-PDT.zip"
"2016-10-29 00:52:01 PDT","I","test2@match_com","UploadManagerService","Processing data for hour /storage/emulated/0/.MATCH/data/2016-10-28/19-PDT.zip"
"2016-10-29 00:52:01 PDT","I","test2@match_com","UploadManagerService","Processing data for hour /storage/emulated/0/.MATCH/data/2016-10-28/20-PDT.zip"
"2016-10-29 00:52:01 PDT","I","test2@match_com","UploadManagerService","Processing data for hour /storage/emulated/0/.MATCH/data/2016-10-28/21-PDT.zip"
"2016-10-29 00:52:01 PDT","I","test2@match_com","UploadManagerService","Processing data for hour /storage/emulated/0/.MATCH/data/2016-10-28/22-PDT.zip"
"2016-10-29 00:52:01 PDT","I","test2@match_com","UploadManagerService","Processing data for hour /storage/emulated/0/.MATCH/data/2016-10-28/23-PDT.zip"
"2016-10-29 00:52:01 PDT","I","test2@match_com","UploadManagerService","Processing data for date - /storage/emulated/0/.MATCH/data/2016-10-29"
"2016-10-29 00:52:01 PDT","I","test2@match_com","UploadManagerService","Processing data for hour /storage/emulated/0/.MATCH/data/2016-10-29/00-PDT"
"2016-10-29 00:52:01 PDT","I","test2@match_com","UploadManagerService","Internet is not connected. Not trying to upload files."
"2016-10-29 00:52:01 PDT","I","test2@match_com","MinuteService","Inside onCreate"
"2016-10-29 00:52:01 PDT","I","test2@match_com","MinuteService","Minute Service Alarm was set by - MinuteService"
"2016-10-29 00:52:01 PDT","I","test2@match_com","MinuteService","Time since previous run - 3"
"2016-10-29 00:52:01 PDT","I","test2@match_com","MinuteService","Previous run within last 50 seconds, ignoring this run"
"2016-10-29 00:52:01 PDT","I","test2@match_com","UploadManagerService","Inside onDestroy"
"2016-10-29 00:52:01 PDT","I","test2@match_com","MinuteService","Inside onDestroy"
"2016-10-29 00:52:02 PDT","I","test2@match_com","BackupMinuteService","Inside onCreate"
"2016-10-29 00:52:02 PDT","I","test2@match_com","Util","Inside setBackupMinuteServiceAlarm"
"2016-10-29 00:52:02 PDT","I","test2@match_com","Util","BackupMinuteService last run at - Sat Oct 29 00:52:02 PDT 2016"
"2016-10-29 00:52:02 PDT","I","test2@match_com","Util","BackupMinuteService next run at - Sat Oct 29 00:53:02 PDT 2016"
"2016-10-29 00:52:02 PDT","I","test2@match_com","MinuteService","Inside onCreate"
"2016-10-29 00:52:02 PDT","I","test2@match_com","MinuteService","Minute Service Alarm was set by - MinuteService"
"2016-10-29 00:52:02 PDT","I","test2@match_com","MinuteService","Time since previous run - 5"
"2016-10-29 00:52:02 PDT","I","test2@match_com","MinuteService","Previous run within last 50 seconds, ignoring this run"
"2016-10-29 00:52:02 PDT","I","test2@match_com","BackupMinuteService","Inside onDestroy"
"2016-10-29 00:52:02 PDT","I","test2@match_com","MinuteService","Inside onDestroy"
"2016-10-29 00:52:03 PDT","I","test2@match_com","AlwaysOnService","Received Intent - android.intent.action.TIME_TICK"
"2016-10-29 00:52:19 PDT","I","test2@match_com","AlwaysOnService","Received Intent - android.intent.action.BATTERY_CHANGED"
"2016-10-29 00:52:23 PDT","I","test2@match_com","AlwaysOnService","Received Intent - android.intent.action.BATTERY_CHANGED"
"2016-10-29 00:52:57 PDT","I","test2@match_com","MinuteService","Inside onCreate"
"2016-10-29 00:52:57 PDT","I","test2@match_com","MinuteService","Minute Service Alarm was set by - MinuteService"
"2016-10-29 00:52:57 PDT","I","test2@match_com","MinuteService","Time since previous run - 60"
"2016-10-29 00:52:57 PDT","I","test2@match_com","MinuteService","Setting Minute Service Last Run"
"2016-10-29 00:52:57 PDT","I","test2@match_com","MinuteService","Setting Minute Service Alarm"
"2016-10-29 00:52:57 PDT","I","test2@match_com","Util","Inside setMinuteServiceAlarmFromMinuteService"
"2016-10-29 00:52:57 PDT","I","test2@match_com","Util","MinuteService last run at - Sat Oct 29 00:52:57 PDT 2016"
"2016-10-29 00:52:57 PDT","I","test2@match_com","Util","MinuteService next run at - Sat Oct 29 00:53:57 PDT 2016"
"2016-10-29 00:52:57 PDT","I","test2@match_com","MinuteService","Setting Minute Service Backup Alarm"
"2016-10-29 00:52:57 PDT","I","test2@match_com","Util","Inside setBackupMinuteServiceAlarm"
"2016-10-29 00:52:57 PDT","I","test2@match_com","Util","BackupMinuteService last run at - Sat Oct 29 00:52:02 PDT 2016"
"2016-10-29 00:52:57 PDT","I","test2@match_com","Util","BackupMinuteService next run at - Sat Oct 29 00:53:02 PDT 2016"
"2016-10-29 00:52:57 PDT","I","test2@match_com","MinuteService","Initializing MATCHConstants"
"2016-10-29 00:52:57 PDT","I","test2@match_com","MinuteService","Notifying user about minute service run"
"2016-10-29 00:52:57 PDT","I","test2@match_com","MinuteService","Writing status to Firebase Database"
"2016-10-29 00:52:58 PDT","I","test2@match_com","MinuteService","Logging Network Status"
"2016-10-29 00:52:58 PDT","I","test2@match_com","ConnectivityManager","isConnected - false - isWifi - false - isMobileInternet - false"
"2016-10-29 00:52:58 PDT","I","test2@match_com","MinuteService","Logging Battery Status"
"2016-10-29 00:52:58 PDT","I","test2@match_com","BatteryManager","Percentage - 93 - isCharging - true - isUSBCharging - false - isACCharging - true - isWirelessCharging - false"
"2016-10-29 00:52:58 PDT","I","test2@match_com","MinuteService","Logging Memory Status"
"2016-10-29 00:52:58 PDT","I","test2@match_com","MemoryManager","Total Memory,898,Available Memory,411,Threshold Memory,144,IsLowMemory,false"
"2016-10-29 00:52:58 PDT","I","test2@match_com","MinuteService","Logging Storage Status"
"2016-10-29 00:52:58 PDT","I","test2@match_com","StorageManager","Internal Total,2247,Internal Free,589,External Total,4637,External Free,3935"
"2016-10-29 00:52:58 PDT","I","test2@match_com","MinuteService","Logging Power Status"
"2016-10-29 00:52:58 PDT","I","test2@match_com","PowerManager","isDeviceIdleMode - false - isInteractive - false - isPowerSaveMode - false - isSustainedPerformanceModeSupported - false"
"2016-10-29 00:52:58 PDT","I","test2@match_com","MinuteService","Logging Notifications Status"
"2016-10-29 00:52:58 PDT","I","test2@match_com","NotificationManager","AreNotificationsEnabled - true - Importance - Unspecified"
"2016-10-29 00:52:58 PDT","I","test2@match_com","MinuteService","Logging Location"
"2016-10-29 00:52:58 PDT","I","test2@match_com","MinuteService","Fetching latest study data"
"2016-10-29 00:52:58 PDT","I","test2@match_com","MinuteService","Starting UploadManagerService"
"2016-10-29 00:52:58 PDT","I","test2@match_com","MinuteService","Starting SurveyManagerService"
"2016-10-29 00:52:58 PDT","I","test2@match_com","UploadManagerService","Inside onCreate"
"2016-10-29 00:52:58 PDT","I","test2@match_com","UploadManagerService","Processing Logs"
"2016-10-29 00:52:58 PDT","I","test2@match_com","UploadManagerService","Processing Logs for Date - /storage/emulated/0/.MATCH/logs/2016-10-26"
"2016-10-29 00:52:58 PDT","I","test2@match_com","UploadManagerService","Processing Logs for Date - /storage/emulated/0/.MATCH/logs/2016-10-27"
"2016-10-29 00:52:58 PDT","I","test2@match_com","UploadManagerService","Processing Logs for Date - /storage/emulated/0/.MATCH/logs/2016-10-28"
"2016-10-29 00:52:58 PDT","I","test2@match_com","UploadManagerService","Processing Logs for Date - /storage/emulated/0/.MATCH/logs/2016-10-29"
"2016-10-29 00:52:58 PDT","I","test2@match_com","UploadManagerService","Processing Surveys"
"2016-10-29 00:52:58 PDT","I","test2@match_com","UploadManagerService","Processing Data files"
"2016-10-29 00:52:58 PDT","I","test2@match_com","UploadManagerService","Processing data for date - /storage/emulated/0/.MATCH/data/2016-10-26"
"2016-10-29 00:52:58 PDT","I","test2@match_com","UploadManagerService","Processing data for hour /storage/emulated/0/.MATCH/data/2016-10-26/19-PDT.zip.uploaded"
"2016-10-29 00:52:58 PDT","I","test2@match_com","UploadManagerService","Processing data for hour /storage/emulated/0/.MATCH/data/2016-10-26/13-PDT.zip.uploaded"
"2016-10-29 00:52:58 PDT","I","test2@match_com","UploadManagerService","Processing data for hour /storage/emulated/0/.MATCH/data/2016-10-26/14-PDT.zip.uploaded"
"2016-10-29 00:52:58 PDT","I","test2@match_com","UploadManagerService","Processing data for hour /storage/emulated/0/.MATCH/data/2016-10-26/15-PDT.zip.uploaded"
"2016-10-29 00:52:58 PDT","I","test2@match_com","UploadManagerService","Processing data for hour /storage/emulated/0/.MATCH/data/2016-10-26/16-PDT.zip.uploaded"
"2016-10-29 00:52:58 PDT","I","test2@match_com","UploadManagerService","Processing data for hour /storage/emulated/0/.MATCH/data/2016-10-26/17-PDT.zip.uploaded"
"2016-10-29 00:52:58 PDT","I","test2@match_com","UploadManagerService","Processing data for hour /storage/emulated/0/.MATCH/data/2016-10-26/21-PDT.zip.uploaded"
"2016-10-29 00:52:58 PDT","I","test2@match_com","UploadManagerService","Processing data for hour /storage/emulated/0/.MATCH/data/2016-10-26/22-PDT.zip.uploaded"
"2016-10-29 00:52:58 PDT","I","test2@match_com","UploadManagerService","Processing data for hour /storage/emulated/0/.MATCH/data/2016-10-26/18-PDT.zip.uploaded"
"2016-10-29 00:52:58 PDT","I","test2@match_com","UploadManagerService","Processing data for hour /storage/emulated/0/.MATCH/data/2016-10-26/20-PDT.zip.uploaded"
"2016-10-29 00:52:58 PDT","I","test2@match_com","UploadManagerService","Processing data for hour /storage/emulated/0/.MATCH/data/2016-10-26/23-PDT.zip.uploaded"
"2016-10-29 00:52:58 PDT","I","test2@match_com","UploadManagerService","Processing data for date - /storage/emulated/0/.MATCH/data/2016-10-27"
"2016-10-29 00:52:58 PDT","I","test2@match_com","UploadManagerService","Processing data for hour /storage/emulated/0/.MATCH/data/2016-10-27/01-PDT.zip.uploaded"
"2016-10-29 00:52:58 PDT","I","test2@match_com","UploadManagerService","Processing data for hour /storage/emulated/0/.MATCH/data/2016-10-27/03-PDT.zip.uploaded"
"2016-10-29 00:52:58 PDT","I","test2@match_com","UploadManagerService","Processing data for hour /storage/emulated/0/.MATCH/data/2016-10-27/04-PDT.zip.uploaded"
"2016-10-29 00:52:58 PDT","I","test2@match_com","UploadManagerService","Processing data for hour /storage/emulated/0/.MATCH/data/2016-10-27/06-PDT.zip.uploaded"
"2016-10-29 00:52:58 PDT","I","test2@match_com","UploadManagerService","Processing data for hour /storage/emulated/0/.MATCH/data/2016-10-27/00-PDT.zip.uploaded"
"2016-10-29 00:52:58 PDT","I","test2@match_com","UploadManagerService","Processing data for hour /storage/emulated/0/.MATCH/data/2016-10-27/02-PDT.zip.uploaded"
"2016-10-29 00:52:58 PDT","I","test2@match_com","UploadManagerService","Processing data for hour /storage/emulated/0/.MATCH/data/2016-10-27/05-PDT.zip.uploaded"
"2016-10-29 00:52:58 PDT","I","test2@match_com","UploadManagerService","Processing data for date - /storage/emulated/0/.MATCH/data/2016-10-28"
"2016-10-29 00:52:58 PDT","I","test2@match_com","UploadManagerService","Processing data for hour /storage/emulated/0/.MATCH/data/2016-10-28/13-PDT.zip"
"2016-10-29 00:52:58 PDT","I","test2@match_com","UploadManagerService","Processing data for hour /storage/emulated/0/.MATCH/data/2016-10-28/14-PDT.zip"
"2016-10-29 00:52:58 PDT","I","test2@match_com","UploadManagerService","Processing data for hour /storage/emulated/0/.MATCH/data/2016-10-28/15-PDT.zip"
"2016-10-29 00:52:58 PDT","I","test2@match_com","UploadManagerService","Processing data for hour /storage/emulated/0/.MATCH/data/2016-10-28/16-PDT.zip"
"2016-10-29 00:52:58 PDT","I","test2@match_com","UploadManagerService","Processing data for hour /storage/emulated/0/.MATCH/data/2016-10-28/17-PDT.zip"
"2016-10-29 00:52:58 PDT","I","test2@match_com","UploadManagerService","Processing data for hour /storage/emulated/0/.MATCH/data/2016-10-28/18-PDT.zip"
"2016-10-29 00:52:58 PDT","I","test2@match_com","UploadManagerService","Processing data for hour /storage/emulated/0/.MATCH/data/2016-10-28/19-PDT.zip"
"2016-10-29 00:52:58 PDT","I","test2@match_com","UploadManagerService","Processing data for hour /storage/emulated/0/.MATCH/data/2016-10-28/20-PDT.zip"
"2016-10-29 00:52:58 PDT","I","test2@match_com","UploadManagerService","Processing data for hour /storage/emulated/0/.MATCH/data/2016-10-28/21-PDT.zip"
"2016-10-29 00:52:58 PDT","I","test2@match_com","UploadManagerService","Processing data for hour /storage/emulated/0/.MATCH/data/2016-10-28/22-PDT.zip"
"2016-10-29 00:52:58 PDT","I","test2@match_com","UploadManagerService","Processing data for hour /storage/emulated/0/.MATCH/data/2016-10-28/23-PDT.zip"
"2016-10-29 00:52:58 PDT","I","test2@match_com","UploadManagerService","Processing data for date - /storage/emulated/0/.MATCH/data/2016-10-29"
"2016-10-29 00:52:58 PDT","I","test2@match_com","UploadManagerService","Processing data for hour /storage/emulated/0/.MATCH/data/2016-10-29/00-PDT"
"2016-10-29 00:52:58 PDT","I","test2@match_com","UploadManagerService","Internet is not connected. Not trying to upload files."
"2016-10-29 00:52:58 PDT","I","test2@match_com","SurveyManagerService","Inside onCreate"
"2016-10-29 00:52:58 PDT","I","test2@match_com","SurveyManagerService","Current time is - Sat Oct 29 00:52:58 PDT 2016"
"2016-10-29 00:52:58 PDT","I","test2@match_com","SurveyManagerService","Start Date is - Tue Oct 25 19:00:00 PDT 2016"
"2016-10-29 00:52:58 PDT","I","test2@match_com","SurveyManagerService","End Date is - Tue Nov 01 16:00:00 PDT 2016"
"2016-10-29 00:52:58 PDT","I","test2@match_com","SurveyManagerService","Scheduling Survey for - KEY_EMA_0730TO0800_CHILD"
"2016-10-29 00:52:58 PDT","I","test2@match_com","SurveyManagerService","Survey KEY_EMA_0730TO0800_CHILD is already scheduled"
"2016-10-29 00:52:58 PDT","I","test2@match_com","SurveyManagerService","Scheduling Survey for - KEY_EMA_0930TO1000_CHILD"
"2016-10-29 00:52:58 PDT","I","test2@match_com","SurveyManagerService","Survey KEY_EMA_0930TO1000_CHILD is already scheduled"
"2016-10-29 00:52:58 PDT","I","test2@match_com","SurveyManagerService","Scheduling Survey for - KEY_EMA_1130TO1200_CHILD"
"2016-10-29 00:52:58 PDT","I","test2@match_com","SurveyManagerService","Survey KEY_EMA_1130TO1200_CHILD is already scheduled"
"2016-10-29 00:52:58 PDT","I","test2@match_com","SurveyManagerService","Scheduling Survey for - KEY_EMA_1330TO1400_CHILD"
"2016-10-29 00:52:58 PDT","I","test2@match_com","SurveyManagerService","Survey KEY_EMA_1330TO1400_CHILD is already scheduled"
"2016-10-29 00:52:58 PDT","I","test2@match_com","SurveyManagerService","Scheduling Survey for - KEY_EMA_1530TO1600_CHILD"
"2016-10-29 00:52:58 PDT","I","test2@match_com","SurveyManagerService","Survey KEY_EMA_1530TO1600_CHILD is already scheduled"
"2016-10-29 00:52:58 PDT","I","test2@match_com","SurveyManagerService","Scheduling Survey for - KEY_EMA_1730TO1800_CHILD"
"2016-10-29 00:52:58 PDT","I","test2@match_com","SurveyManagerService","Survey KEY_EMA_1730TO1800_CHILD is already scheduled"
"2016-10-29 00:52:58 PDT","I","test2@match_com","SurveyManagerService","Scheduling Survey for - KEY_EMA_1930TO2000_CHILD"
"2016-10-29 00:52:58 PDT","I","test2@match_com","SurveyManagerService","Survey KEY_EMA_1930TO2000_CHILD is already scheduled"
"2016-10-29 00:52:58 PDT","I","test2@match_com","SurveyManagerService","Saliva surveys are already scheduled"
"2016-10-29 00:52:58 PDT","I","test2@match_com","SurveyManagerService","Survey KEY_SALIVA_BEDTIME scheduled for Sat Oct 29 21:46:58 PDT 2016"
"2016-10-29 00:52:58 PDT","I","test2@match_com","SurveyManagerService","Survey Schedule for KEY_EMA_0730TO0800_CHILD is Sat Oct 29 07:47:17 PDT 2016"
"2016-10-29 00:52:58 PDT","I","test2@match_com","SurveyManagerService","Still not time to prompt the survey"
"2016-10-29 00:52:58 PDT","I","test2@match_com","SurveyManagerService","Survey Schedule for KEY_EMA_0930TO1000_CHILD is Sat Oct 29 09:57:24 PDT 2016"
"2016-10-29 00:52:58 PDT","I","test2@match_com","SurveyManagerService","Still not time to prompt the survey"
"2016-10-29 00:52:58 PDT","I","test2@match_com","SurveyManagerService","Survey Schedule for KEY_EMA_1130TO1200_CHILD is Sat Oct 29 11:45:10 PDT 2016"
"2016-10-29 00:52:58 PDT","I","test2@match_com","SurveyManagerService","Still not time to prompt the survey"
"2016-10-29 00:52:58 PDT","I","test2@match_com","SurveyManagerService","Survey Schedule for KEY_EMA_1330TO1400_CHILD is Sat Oct 29 13:44:02 PDT 2016"
"2016-10-29 00:52:58 PDT","I","test2@match_com","SurveyManagerService","Still not time to prompt the survey"
"2016-10-29 00:52:58 PDT","I","test2@match_com","SurveyManagerService","Survey Schedule for KEY_EMA_1530TO1600_CHILD is Sat Oct 29 15:33:41 PDT 2016"
"2016-10-29 00:52:58 PDT","I","test2@match_com","SurveyManagerService","Still not time to prompt the survey"
"2016-10-29 00:52:58 PDT","I","test2@match_com","SurveyManagerService","Survey Schedule for KEY_EMA_1730TO1800_CHILD is Sat Oct 29 17:47:43 PDT 2016"
"2016-10-29 00:52:58 PDT","I","test2@match_com","SurveyManagerService","Still not time to prompt the survey"
"2016-10-29 00:52:58 PDT","I","test2@match_com","SurveyManagerService","Survey Schedule for KEY_EMA_1930TO2000_CHILD is Sat Oct 29 19:36:11 PDT 2016"
"2016-10-29 00:52:58 PDT","I","test2@match_com","SurveyManagerService","Still not time to prompt the survey"
"2016-10-29 00:52:58 PDT","I","test2@match_com","SurveyManagerService","KEY_SALIVA_WAKING is scheduled for Sat Oct 29 06:46:56 PDT 2016"
"2016-10-29 00:52:58 PDT","I","test2@match_com","SurveyManagerService","Prompt KEY_SALIVA_WAKING is in the future - Sat Oct 29 06:46:56 PDT 2016"
"2016-10-29 00:52:58 PDT","I","test2@match_com","SurveyManagerService","KEY_SALIVA_WAKING_PLUS_30 is scheduled for Sat Oct 29 07:16:56 PDT 2016"
"2016-10-29 00:52:58 PDT","I","test2@match_com","SurveyManagerService","Prompt KEY_SALIVA_WAKING_PLUS_30 is in the future - Sat Oct 29 07:16:56 PDT 2016"
"2016-10-29 00:52:58 PDT","I","test2@match_com","SurveyManagerService","KEY_SALIVA_AFTERNOON_4TO430_CHILD is scheduled for Sat Oct 29 16:16:27 PDT 2016"
"2016-10-29 00:52:58 PDT","I","test2@match_com","SurveyManagerService","Prompt KEY_SALIVA_AFTERNOON_4TO430_CHILD is in the future - Sat Oct 29 16:16:27 PDT 2016"
"2016-10-29 00:52:58 PDT","I","test2@match_com","SurveyManagerService","KEY_SALIVA_BEDTIME is scheduled for Sat Oct 29 21:46:58 PDT 2016"
"2016-10-29 00:52:58 PDT","I","test2@match_com","SurveyManagerService","Prompt KEY_SALIVA_BEDTIME is in the future - Sat Oct 29 21:46:58 PDT 2016"
"2016-10-29 00:52:58 PDT","I","test2@match_com","MinuteService","Inside onDestroy"
"2016-10-29 00:52:58 PDT","I","test2@match_com","UploadManagerService","Inside onDestroy"
"2016-10-29 00:52:58 PDT","I","test2@match_com","SurveyManagerService","Inside onDestroy"
"2016-10-29 00:52:58 PDT","I","test2@match_com","Zipper","unzipFileWithEncryption"
"2016-10-29 00:52:58 PDT","I","test2@match_com","Zipper","Deleting File - /storage/emulated/0/.MATCH/data/2016-10-29/00-PDT/GPS.csv.zip"
"2016-10-29 00:52:58 PDT","I","test2@match_com","Zipper","zipFileWithEncryption - /storage/emulated/0/.MATCH/data/2016-10-29/00-PDT/GPS.csv"
"2016-10-29 00:52:58 PDT","I","test2@match_com","Zipper","Creating ZipFile - /storage/emulated/0/.MATCH/data/2016-10-29/00-PDT/GPS.csv.zip"
"2016-10-29 00:52:59 PDT","I","test2@match_com","Zipper","Deleting File - /storage/emulated/0/.MATCH/data/2016-10-29/00-PDT/GPS.csv"
"2016-10-29 00:53:01 PDT","I","test2@match_com","UploadManagerService","Inside onCreate"
"2016-10-29 00:53:01 PDT","I","test2@match_com","UploadManagerService","Processing Logs"
"2016-10-29 00:53:01 PDT","I","test2@match_com","UploadManagerService","Processing Logs for Date - /storage/emulated/0/.MATCH/logs/2016-10-26"
"2016-10-29 00:53:01 PDT","I","test2@match_com","UploadManagerService","Processing Logs for Date - /storage/emulated/0/.MATCH/logs/2016-10-27"
"2016-10-29 00:53:01 PDT","I","test2@match_com","UploadManagerService","Processing Logs for Date - /storage/emulated/0/.MATCH/logs/2016-10-28"
"2016-10-29 00:53:01 PDT","I","test2@match_com","UploadManagerService","Processing Logs for Date - /storage/emulated/0/.MATCH/logs/2016-10-29"
"2016-10-29 00:53:01 PDT","I","test2@match_com","UploadManagerService","Processing Surveys"
"2016-10-29 00:53:01 PDT","I","test2@match_com","UploadManagerService","Processing Data files"
"2016-10-29 00:53:01 PDT","I","test2@match_com","UploadManagerService","Processing data for date - /storage/emulated/0/.MATCH/data/2016-10-26"
"2016-10-29 00:53:01 PDT","I","test2@match_com","UploadManagerService","Processing data for hour /storage/emulated/0/.MATCH/data/2016-10-26/19-PDT.zip.uploaded"
"2016-10-29 00:53:01 PDT","I","test2@match_com","UploadManagerService","Processing data for hour /storage/emulated/0/.MATCH/data/2016-10-26/13-PDT.zip.uploaded"
"2016-10-29 00:53:01 PDT","I","test2@match_com","UploadManagerService","Processing data for hour /storage/emulated/0/.MATCH/data/2016-10-26/14-PDT.zip.uploaded"
"2016-10-29 00:53:01 PDT","I","test2@match_com","UploadManagerService","Processing data for hour /storage/emulated/0/.MATCH/data/2016-10-26/15-PDT.zip.uploaded"
"2016-10-29 00:53:01 PDT","I","test2@match_com","UploadManagerService","Processing data for hour /storage/emulated/0/.MATCH/data/2016-10-26/16-PDT.zip.uploaded"
"2016-10-29 00:53:01 PDT","I","test2@match_com","UploadManagerService","Processing data for hour /storage/emulated/0/.MATCH/data/2016-10-26/17-PDT.zip.uploaded"
"2016-10-29 00:53:01 PDT","I","test2@match_com","UploadManagerService","Processing data for hour /storage/emulated/0/.MATCH/data/2016-10-26/21-PDT.zip.uploaded"
"2016-10-29 00:53:01 PDT","I","test2@match_com","UploadManagerService","Processing data for hour /storage/emulated/0/.MATCH/data/2016-10-26/22-PDT.zip.uploaded"
"2016-10-29 00:53:01 PDT","I","test2@match_com","UploadManagerService","Processing data for hour /storage/emulated/0/.MATCH/data/2016-10-26/18-PDT.zip.uploaded"
"2016-10-29 00:53:01 PDT","I","test2@match_com","UploadManagerService","Processing data for hour /storage/emulated/0/.MATCH/data/2016-10-26/20-PDT.zip.uploaded"
"2016-10-29 00:53:01 PDT","I","test2@match_com","UploadManagerService","Processing data for hour /storage/emulated/0/.MATCH/data/2016-10-26/23-PDT.zip.uploaded"
"2016-10-29 00:53:01 PDT","I","test2@match_com","UploadManagerService","Processing data for date - /storage/emulated/0/.MATCH/data/2016-10-27"
"2016-10-29 00:53:01 PDT","I","test2@match_com","UploadManagerService","Processing data for hour /storage/emulated/0/.MATCH/data/2016-10-27/01-PDT.zip.uploaded"
"2016-10-29 00:53:01 PDT","I","test2@match_com","UploadManagerService","Processing data for hour /storage/emulated/0/.MATCH/data/2016-10-27/03-PDT.zip.uploaded"
"2016-10-29 00:53:01 PDT","I","test2@match_com","UploadManagerService","Processing data for hour /storage/emulated/0/.MATCH/data/2016-10-27/04-PDT.zip.uploaded"
"2016-10-29 00:53:01 PDT","I","test2@match_com","UploadManagerService","Processing data for hour /storage/emulated/0/.MATCH/data/2016-10-27/06-PDT.zip.uploaded"
"2016-10-29 00:53:01 PDT","I","test2@match_com","UploadManagerService","Processing data for hour /storage/emulated/0/.MATCH/data/2016-10-27/00-PDT.zip.uploaded"
"2016-10-29 00:53:01 PDT","I","test2@match_com","UploadManagerService","Processing data for hour /storage/emulated/0/.MATCH/data/2016-10-27/02-PDT.zip.uploaded"
"2016-10-29 00:53:01 PDT","I","test2@match_com","UploadManagerService","Processing data for hour /storage/emulated/0/.MATCH/data/2016-10-27/05-PDT.zip.uploaded"
"2016-10-29 00:53:01 PDT","I","test2@match_com","UploadManagerService","Processing data for date - /storage/emulated/0/.MATCH/data/2016-10-28"
"2016-10-29 00:53:01 PDT","I","test2@match_com","UploadManagerService","Processing data for hour /storage/emulated/0/.MATCH/data/2016-10-28/13-PDT.zip"
"2016-10-29 00:53:01 PDT","I","test2@match_com","UploadManagerService","Processing data for hour /storage/emulated/0/.MATCH/data/2016-10-28/14-PDT.zip"
"2016-10-29 00:53:01 PDT","I","test2@match_com","UploadManagerService","Processing data for hour /storage/emulated/0/.MATCH/data/2016-10-28/15-PDT.zip"
"2016-10-29 00:53:01 PDT","I","test2@match_com","UploadManagerService","Processing data for hour /storage/emulated/0/.MATCH/data/2016-10-28/16-PDT.zip"
"2016-10-29 00:53:01 PDT","I","test2@match_com","UploadManagerService","Processing data for hour /storage/emulated/0/.MATCH/data/2016-10-28/17-PDT.zip"
"2016-10-29 00:53:01 PDT","I","test2@match_com","UploadManagerService","Processing data for hour /storage/emulated/0/.MATCH/data/2016-10-28/18-PDT.zip"
"2016-10-29 00:53:01 PDT","I","test2@match_com","UploadManagerService","Processing data for hour /storage/emulated/0/.MATCH/data/2016-10-28/19-PDT.zip"
"2016-10-29 00:53:01 PDT","I","test2@match_com","UploadManagerService","Processing data for hour /storage/emulated/0/.MATCH/data/2016-10-28/20-PDT.zip"
"2016-10-29 00:53:01 PDT","I","test2@match_com","UploadManagerService","Processing data for hour /storage/emulated/0/.MATCH/data/2016-10-28/21-PDT.zip"
"2016-10-29 00:53:01 PDT","I","test2@match_com","UploadManagerService","Processing data for hour /storage/emulated/0/.MATCH/data/2016-10-28/22-PDT.zip"
"2016-10-29 00:53:01 PDT","I","test2@match_com","UploadManagerService","Processing data for hour /storage/emulated/0/.MATCH/data/2016-10-28/23-PDT.zip"
"2016-10-29 00:53:01 PDT","I","test2@match_com","UploadManagerService","Processing data for date - /storage/emulated/0/.MATCH/data/2016-10-29"
"2016-10-29 00:53:01 PDT","I","test2@match_com","UploadManagerService","Processing data for hour /storage/emulated/0/.MATCH/data/2016-10-29/00-PDT"
"2016-10-29 00:53:01 PDT","I","test2@match_com","UploadManagerService","Internet is not connected. Not trying to upload files."
"2016-10-29 00:53:01 PDT","I","test2@match_com","MinuteService","Inside onCreate"
"2016-10-29 00:53:01 PDT","I","test2@match_com","MinuteService","Minute Service Alarm was set by - MinuteService"
"2016-10-29 00:53:01 PDT","I","test2@match_com","MinuteService","Time since previous run - 3"
"2016-10-29 00:53:01 PDT","I","test2@match_com","MinuteService","Previous run within last 50 seconds, ignoring this run"
"2016-10-29 00:53:01 PDT","I","test2@match_com","UploadManagerService","Inside onDestroy"
"2016-10-29 00:53:01 PDT","I","test2@match_com","MinuteService","Inside onDestroy"
"2016-10-29 00:53:02 PDT","I","test2@match_com","BackupMinuteService","Inside onCreate"
"2016-10-29 00:53:02 PDT","I","test2@match_com","Util","Inside setBackupMinuteServiceAlarm"
"2016-10-29 00:53:02 PDT","I","test2@match_com","Util","BackupMinuteService last run at - Sat Oct 29 00:53:02 PDT 2016"
"2016-10-29 00:53:02 PDT","I","test2@match_com","Util","BackupMinuteService next run at - Sat Oct 29 00:54:02 PDT 2016"
"2016-10-29 00:53:02 PDT","I","test2@match_com","MinuteService","Inside onCreate"
"2016-10-29 00:53:03 PDT","I","test2@match_com","MinuteService","Minute Service Alarm was set by - MinuteService"
"2016-10-29 00:53:03 PDT","I","test2@match_com","MinuteService","Time since previous run - 5"
"2016-10-29 00:53:03 PDT","I","test2@match_com","MinuteService","Previous run within last 50 seconds, ignoring this run"
"2016-10-29 00:53:03 PDT","I","test2@match_com","BackupMinuteService","Inside onDestroy"
"2016-10-29 00:53:03 PDT","I","test2@match_com","MinuteService","Inside onDestroy"
"2016-10-29 00:53:03 PDT","I","test2@match_com","AlwaysOnService","Received Intent - android.intent.action.TIME_TICK"
"2016-10-29 00:53:19 PDT","I","test2@match_com","AlwaysOnService","Received Intent - android.intent.action.BATTERY_CHANGED"
"2016-10-29 00:53:57 PDT","I","test2@match_com","MinuteService","Inside onCreate"
"2016-10-29 00:53:57 PDT","I","test2@match_com","MinuteService","Minute Service Alarm was set by - MinuteService"
"2016-10-29 00:53:57 PDT","I","test2@match_com","MinuteService","Time since previous run - 60"
"2016-10-29 00:53:57 PDT","I","test2@match_com","MinuteService","Setting Minute Service Last Run"
"2016-10-29 00:53:57 PDT","I","test2@match_com","MinuteService","Setting Minute Service Alarm"
"2016-10-29 00:53:57 PDT","I","test2@match_com","Util","Inside setMinuteServiceAlarmFromMinuteService"
"2016-10-29 00:53:57 PDT","I","test2@match_com","Util","MinuteService last run at - Sat Oct 29 00:53:57 PDT 2016"
"2016-10-29 00:53:57 PDT","I","test2@match_com","Util","MinuteService next run at - Sat Oct 29 00:54:57 PDT 2016"
"2016-10-29 00:53:57 PDT","I","test2@match_com","MinuteService","Setting Minute Service Backup Alarm"
"2016-10-29 00:53:57 PDT","I","test2@match_com","Util","Inside setBackupMinuteServiceAlarm"
"2016-10-29 00:53:57 PDT","I","test2@match_com","Util","BackupMinuteService last run at - Sat Oct 29 00:53:02 PDT 2016"
"2016-10-29 00:53:57 PDT","I","test2@match_com","Util","BackupMinuteService next run at - Sat Oct 29 00:54:02 PDT 2016"
"2016-10-29 00:53:57 PDT","I","test2@match_com","MinuteService","Initializing MATCHConstants"
"2016-10-29 00:53:57 PDT","I","test2@match_com","MinuteService","Notifying user about minute service run"
"2016-10-29 00:53:57 PDT","I","test2@match_com","MinuteService","Writing status to Firebase Database"
"2016-10-29 00:53:58 PDT","I","test2@match_com","MinuteService","Logging Network Status"
"2016-10-29 00:53:58 PDT","I","test2@match_com","ConnectivityManager","isConnected - false - isWifi - false - isMobileInternet - false"
"2016-10-29 00:53:58 PDT","I","test2@match_com","MinuteService","Logging Battery Status"
"2016-10-29 00:53:58 PDT","I","test2@match_com","BatteryManager","Percentage - 93 - isCharging - true - isUSBCharging - false - isACCharging - true - isWirelessCharging - false"
"2016-10-29 00:53:58 PDT","I","test2@match_com","MinuteService","Logging Memory Status"
"2016-10-29 00:53:58 PDT","I","test2@match_com","MemoryManager","Total Memory,898,Available Memory,415,Threshold Memory,144,IsLowMemory,false"
"2016-10-29 00:53:58 PDT","I","test2@match_com","MinuteService","Logging Storage Status"
"2016-10-29 00:53:58 PDT","I","test2@match_com","StorageManager","Internal Total,2247,Internal Free,589,External Total,4637,External Free,3935"
"2016-10-29 00:53:58 PDT","I","test2@match_com","MinuteService","Logging Power Status"
"2016-10-29 00:53:58 PDT","I","test2@match_com","PowerManager","isDeviceIdleMode - false - isInteractive - false - isPowerSaveMode - false - isSustainedPerformanceModeSupported - false"
"2016-10-29 00:53:58 PDT","I","test2@match_com","MinuteService","Logging Notifications Status"
"2016-10-29 00:53:58 PDT","I","test2@match_com","NotificationManager","AreNotificationsEnabled - true - Importance - Unspecified"
"2016-10-29 00:53:58 PDT","I","test2@match_com","MinuteService","Logging Location"
"2016-10-29 00:53:58 PDT","I","test2@match_com","MinuteService","Fetching latest study data"
"2016-10-29 00:53:58 PDT","I","test2@match_com","MinuteService","Starting UploadManagerService"
"2016-10-29 00:53:58 PDT","I","test2@match_com","MinuteService","Starting SurveyManagerService"
"2016-10-29 00:53:58 PDT","I","test2@match_com","UploadManagerService","Inside onCreate"
"2016-10-29 00:53:58 PDT","I","test2@match_com","UploadManagerService","Processing Logs"
"2016-10-29 00:53:58 PDT","I","test2@match_com","UploadManagerService","Processing Logs for Date - /storage/emulated/0/.MATCH/logs/2016-10-26"
"2016-10-29 00:53:58 PDT","I","test2@match_com","UploadManagerService","Processing Logs for Date - /storage/emulated/0/.MATCH/logs/2016-10-27"
"2016-10-29 00:53:58 PDT","I","test2@match_com","UploadManagerService","Processing Logs for Date - /storage/emulated/0/.MATCH/logs/2016-10-28"
"2016-10-29 00:53:58 PDT","I","test2@match_com","UploadManagerService","Processing Logs for Date - /storage/emulated/0/.MATCH/logs/2016-10-29"
"2016-10-29 00:53:58 PDT","I","test2@match_com","UploadManagerService","Processing Surveys"
"2016-10-29 00:53:58 PDT","I","test2@match_com","UploadManagerService","Processing Data files"
"2016-10-29 00:53:58 PDT","I","test2@match_com","UploadManagerService","Processing data for date - /storage/emulated/0/.MATCH/data/2016-10-26"
"2016-10-29 00:53:58 PDT","I","test2@match_com","UploadManagerService","Processing data for hour /storage/emulated/0/.MATCH/data/2016-10-26/19-PDT.zip.uploaded"
"2016-10-29 00:53:58 PDT","I","test2@match_com","UploadManagerService","Processing data for hour /storage/emulated/0/.MATCH/data/2016-10-26/13-PDT.zip.uploaded"
"2016-10-29 00:53:58 PDT","I","test2@match_com","UploadManagerService","Processing data for hour /storage/emulated/0/.MATCH/data/2016-10-26/14-PDT.zip.uploaded"
"2016-10-29 00:53:58 PDT","I","test2@match_com","UploadManagerService","Processing data for hour /storage/emulated/0/.MATCH/data/2016-10-26/15-PDT.zip.uploaded"
"2016-10-29 00:53:58 PDT","I","test2@match_com","UploadManagerService","Processing data for hour /storage/emulated/0/.MATCH/data/2016-10-26/16-PDT.zip.uploaded"
"2016-10-29 00:53:58 PDT","I","test2@match_com","UploadManagerService","Processing data for hour /storage/emulated/0/.MATCH/data/2016-10-26/17-PDT.zip.uploaded"
"2016-10-29 00:53:58 PDT","I","test2@match_com","UploadManagerService","Processing data for hour /storage/emulated/0/.MATCH/data/2016-10-26/21-PDT.zip.uploaded"
"2016-10-29 00:53:58 PDT","I","test2@match_com","UploadManagerService","Processing data for hour /storage/emulated/0/.MATCH/data/2016-10-26/22-PDT.zip.uploaded"
"2016-10-29 00:53:58 PDT","I","test2@match_com","UploadManagerService","Processing data for hour /storage/emulated/0/.MATCH/data/2016-10-26/18-PDT.zip.uploaded"
"2016-10-29 00:53:58 PDT","I","test2@match_com","UploadManagerService","Processing data for hour /storage/emulated/0/.MATCH/data/2016-10-26/20-PDT.zip.uploaded"
"2016-10-29 00:53:58 PDT","I","test2@match_com","UploadManagerService","Processing data for hour /storage/emulated/0/.MATCH/data/2016-10-26/23-PDT.zip.uploaded"
"2016-10-29 00:53:58 PDT","I","test2@match_com","UploadManagerService","Processing data for date - /storage/emulated/0/.MATCH/data/2016-10-27"
"2016-10-29 00:53:58 PDT","I","test2@match_com","UploadManagerService","Processing data for hour /storage/emulated/0/.MATCH/data/2016-10-27/01-PDT.zip.uploaded"
"2016-10-29 00:53:58 PDT","I","test2@match_com","UploadManagerService","Processing data for hour /storage/emulated/0/.MATCH/data/2016-10-27/03-PDT.zip.uploaded"
"2016-10-29 00:53:58 PDT","I","test2@match_com","UploadManagerService","Processing data for hour /storage/emulated/0/.MATCH/data/2016-10-27/04-PDT.zip.uploaded"
"2016-10-29 00:53:58 PDT","I","test2@match_com","UploadManagerService","Processing data for hour /storage/emulated/0/.MATCH/data/2016-10-27/06-PDT.zip.uploaded"
"2016-10-29 00:53:58 PDT","I","test2@match_com","UploadManagerService","Processing data for hour /storage/emulated/0/.MATCH/data/2016-10-27/00-PDT.zip.uploaded"
"2016-10-29 00:53:58 PDT","I","test2@match_com","UploadManagerService","Processing data for hour /storage/emulated/0/.MATCH/data/2016-10-27/02-PDT.zip.uploaded"
"2016-10-29 00:53:58 PDT","I","test2@match_com","UploadManagerService","Processing data for hour /storage/emulated/0/.MATCH/data/2016-10-27/05-PDT.zip.uploaded"
"2016-10-29 00:53:58 PDT","I","test2@match_com","UploadManagerService","Processing data for date - /storage/emulated/0/.MATCH/data/2016-10-28"
"2016-10-29 00:53:58 PDT","I","test2@match_com","UploadManagerService","Processing data for hour /storage/emulated/0/.MATCH/data/2016-10-28/13-PDT.zip"
"2016-10-29 00:53:58 PDT","I","test2@match_com","UploadManagerService","Processing data for hour /storage/emulated/0/.MATCH/data/2016-10-28/14-PDT.zip"
"2016-10-29 00:53:58 PDT","I","test2@match_com","UploadManagerService","Processing data for hour /storage/emulated/0/.MATCH/data/2016-10-28/15-PDT.zip"
"2016-10-29 00:53:58 PDT","I","test2@match_com","UploadManagerService","Processing data for hour /storage/emulated/0/.MATCH/data/2016-10-28/16-PDT.zip"
"2016-10-29 00:53:58 PDT","I","test2@match_com","UploadManagerService","Processing data for hour /storage/emulated/0/.MATCH/data/2016-10-28/17-PDT.zip"
"2016-10-29 00:53:58 PDT","I","test2@match_com","UploadManagerService","Processing data for hour /storage/emulated/0/.MATCH/data/2016-10-28/18-PDT.zip"
"2016-10-29 00:53:58 PDT","I","test2@match_com","UploadManagerService","Processing data for hour /storage/emulated/0/.MATCH/data/2016-10-28/19-PDT.zip"
"2016-10-29 00:53:58 PDT","I","test2@match_com","UploadManagerService","Processing data for hour /storage/emulated/0/.MATCH/data/2016-10-28/20-PDT.zip"
"2016-10-29 00:53:58 PDT","I","test2@match_com","UploadManagerService","Processing data for hour /storage/emulated/0/.MATCH/data/2016-10-28/21-PDT.zip"
"2016-10-29 00:53:58 PDT","I","test2@match_com","UploadManagerService","Processing data for hour /storage/emulated/0/.MATCH/data/2016-10-28/22-PDT.zip"
"2016-10-29 00:53:58 PDT","I","test2@match_com","UploadManagerService","Processing data for hour /storage/emulated/0/.MATCH/data/2016-10-28/23-PDT.zip"
"2016-10-29 00:53:58 PDT","I","test2@match_com","UploadManagerService","Processing data for date - /storage/emulated/0/.MATCH/data/2016-10-29"
"2016-10-29 00:53:58 PDT","I","test2@match_com","UploadManagerService","Processing data for hour /storage/emulated/0/.MATCH/data/2016-10-29/00-PDT"
"2016-10-29 00:53:58 PDT","I","test2@match_com","UploadManagerService","Internet is not connected. Not trying to upload files."
"2016-10-29 00:53:58 PDT","I","test2@match_com","SurveyManagerService","Inside onCreate"
"2016-10-29 00:53:58 PDT","I","test2@match_com","SurveyManagerService","Current time is - Sat Oct 29 00:53:58 PDT 2016"
"2016-10-29 00:53:58 PDT","I","test2@match_com","SurveyManagerService","Start Date is - Tue Oct 25 19:00:00 PDT 2016"
"2016-10-29 00:53:58 PDT","I","test2@match_com","SurveyManagerService","End Date is - Tue Nov 01 16:00:00 PDT 2016"
"2016-10-29 00:53:58 PDT","I","test2@match_com","SurveyManagerService","Scheduling Survey for - KEY_EMA_0730TO0800_CHILD"
"2016-10-29 00:53:58 PDT","I","test2@match_com","SurveyManagerService","Survey KEY_EMA_0730TO0800_CHILD is already scheduled"
"2016-10-29 00:53:58 PDT","I","test2@match_com","SurveyManagerService","Scheduling Survey for - KEY_EMA_0930TO1000_CHILD"
"2016-10-29 00:53:58 PDT","I","test2@match_com","SurveyManagerService","Survey KEY_EMA_0930TO1000_CHILD is already scheduled"
"2016-10-29 00:53:58 PDT","I","test2@match_com","SurveyManagerService","Scheduling Survey for - KEY_EMA_1130TO1200_CHILD"
"2016-10-29 00:53:58 PDT","I","test2@match_com","SurveyManagerService","Survey KEY_EMA_1130TO1200_CHILD is already scheduled"
"2016-10-29 00:53:58 PDT","I","test2@match_com","SurveyManagerService","Scheduling Survey for - KEY_EMA_1330TO1400_CHILD"
"2016-10-29 00:53:58 PDT","I","test2@match_com","SurveyManagerService","Survey KEY_EMA_1330TO1400_CHILD is already scheduled"
"2016-10-29 00:53:58 PDT","I","test2@match_com","SurveyManagerService","Scheduling Survey for - KEY_EMA_1530TO1600_CHILD"
"2016-10-29 00:53:58 PDT","I","test2@match_com","SurveyManagerService","Survey KEY_EMA_1530TO1600_CHILD is already scheduled"
"2016-10-29 00:53:58 PDT","I","test2@match_com","SurveyManagerService","Scheduling Survey for - KEY_EMA_1730TO1800_CHILD"
"2016-10-29 00:53:58 PDT","I","test2@match_com","SurveyManagerService","Survey KEY_EMA_1730TO1800_CHILD is already scheduled"
"2016-10-29 00:53:58 PDT","I","test2@match_com","SurveyManagerService","Scheduling Survey for - KEY_EMA_1930TO2000_CHILD"
"2016-10-29 00:53:58 PDT","I","test2@match_com","SurveyManagerService","Survey KEY_EMA_1930TO2000_CHILD is already scheduled"
"2016-10-29 00:53:58 PDT","I","test2@match_com","SurveyManagerService","Saliva surveys are already scheduled"
"2016-10-29 00:53:58 PDT","I","test2@match_com","SurveyManagerService","Survey KEY_SALIVA_BEDTIME scheduled for Sat Oct 29 21:46:58 PDT 2016"
"2016-10-29 00:53:58 PDT","I","test2@match_com","SurveyManagerService","Survey Schedule for KEY_EMA_0730TO0800_CHILD is Sat Oct 29 07:47:17 PDT 2016"
"2016-10-29 00:53:58 PDT","I","test2@match_com","SurveyManagerService","Still not time to prompt the survey"
"2016-10-29 00:53:58 PDT","I","test2@match_com","SurveyManagerService","Survey Schedule for KEY_EMA_0930TO1000_CHILD is Sat Oct 29 09:57:24 PDT 2016"
"2016-10-29 00:53:58 PDT","I","test2@match_com","SurveyManagerService","Still not time to prompt the survey"
"2016-10-29 00:53:58 PDT","I","test2@match_com","SurveyManagerService","Survey Schedule for KEY_EMA_1130TO1200_CHILD is Sat Oct 29 11:45:10 PDT 2016"
"2016-10-29 00:53:58 PDT","I","test2@match_com","SurveyManagerService","Still not time to prompt the survey"
"2016-10-29 00:53:58 PDT","I","test2@match_com","SurveyManagerService","Survey Schedule for KEY_EMA_1330TO1400_CHILD is Sat Oct 29 13:44:02 PDT 2016"
"2016-10-29 00:53:58 PDT","I","test2@match_com","SurveyManagerService","Still not time to prompt the survey"
"2016-10-29 00:53:58 PDT","I","test2@match_com","SurveyManagerService","Survey Schedule for KEY_EMA_1530TO1600_CHILD is Sat Oct 29 15:33:41 PDT 2016"
"2016-10-29 00:53:58 PDT","I","test2@match_com","SurveyManagerService","Still not time to prompt the survey"
"2016-10-29 00:53:58 PDT","I","test2@match_com","SurveyManagerService","Survey Schedule for KEY_EMA_1730TO1800_CHILD is Sat Oct 29 17:47:43 PDT 2016"
"2016-10-29 00:53:58 PDT","I","test2@match_com","SurveyManagerService","Still not time to prompt the survey"
"2016-10-29 00:53:58 PDT","I","test2@match_com","SurveyManagerService","Survey Schedule for KEY_EMA_1930TO2000_CHILD is Sat Oct 29 19:36:11 PDT 2016"
"2016-10-29 00:53:58 PDT","I","test2@match_com","SurveyManagerService","Still not time to prompt the survey"
"2016-10-29 00:53:58 PDT","I","test2@match_com","SurveyManagerService","KEY_SALIVA_WAKING is scheduled for Sat Oct 29 06:46:56 PDT 2016"
"2016-10-29 00:53:58 PDT","I","test2@match_com","SurveyManagerService","Prompt KEY_SALIVA_WAKING is in the future - Sat Oct 29 06:46:56 PDT 2016"
"2016-10-29 00:53:58 PDT","I","test2@match_com","SurveyManagerService","KEY_SALIVA_WAKING_PLUS_30 is scheduled for Sat Oct 29 07:16:56 PDT 2016"
"2016-10-29 00:53:58 PDT","I","test2@match_com","SurveyManagerService","Prompt KEY_SALIVA_WAKING_PLUS_30 is in the future - Sat Oct 29 07:16:56 PDT 2016"
"2016-10-29 00:53:58 PDT","I","test2@match_com","SurveyManagerService","KEY_SALIVA_AFTERNOON_4TO430_CHILD is scheduled for Sat Oct 29 16:16:27 PDT 2016"
"2016-10-29 00:53:58 PDT","I","test2@match_com","SurveyManagerService","Prompt KEY_SALIVA_AFTERNOON_4TO430_CHILD is in the future - Sat Oct 29 16:16:27 PDT 2016"
"2016-10-29 00:53:58 PDT","I","test2@match_com","SurveyManagerService","KEY_SALIVA_BEDTIME is scheduled for Sat Oct 29 21:46:58 PDT 2016"
"2016-10-29 00:53:58 PDT","I","test2@match_com","SurveyManagerService","Prompt KEY_SALIVA_BEDTIME is in the future - Sat Oct 29 21:46:58 PDT 2016"
"2016-10-29 00:53:58 PDT","I","test2@match_com","MinuteService","Inside onDestroy"
"2016-10-29 00:53:58 PDT","I","test2@match_com","UploadManagerService","Inside onDestroy"
"2016-10-29 00:53:58 PDT","I","test2@match_com","SurveyManagerService","Inside onDestroy"
"2016-10-29 00:53:58 PDT","I","test2@match_com","Zipper","unzipFileWithEncryption"
"2016-10-29 00:53:58 PDT","I","test2@match_com","Zipper","Deleting File - /storage/emulated/0/.MATCH/data/2016-10-29/00-PDT/GPS.csv.zip"
"2016-10-29 00:53:58 PDT","I","test2@match_com","Zipper","zipFileWithEncryption - /storage/emulated/0/.MATCH/data/2016-10-29/00-PDT/GPS.csv"
"2016-10-29 00:53:58 PDT","I","test2@match_com","Zipper","Creating ZipFile - /storage/emulated/0/.MATCH/data/2016-10-29/00-PDT/GPS.csv.zip"
"2016-10-29 00:53:59 PDT","I","test2@match_com","Zipper","Deleting File - /storage/emulated/0/.MATCH/data/2016-10-29/00-PDT/GPS.csv"
"2016-10-29 00:54:01 PDT","I","test2@match_com","UploadManagerService","Inside onCreate"
"2016-10-29 00:54:01 PDT","I","test2@match_com","UploadManagerService","Processing Logs"
"2016-10-29 00:54:01 PDT","I","test2@match_com","UploadManagerService","Processing Logs for Date - /storage/emulated/0/.MATCH/logs/2016-10-26"
"2016-10-29 00:54:01 PDT","I","test2@match_com","UploadManagerService","Processing Logs for Date - /storage/emulated/0/.MATCH/logs/2016-10-27"
"2016-10-29 00:54:01 PDT","I","test2@match_com","UploadManagerService","Processing Logs for Date - /storage/emulated/0/.MATCH/logs/2016-10-28"
"2016-10-29 00:54:01 PDT","I","test2@match_com","UploadManagerService","Processing Logs for Date - /storage/emulated/0/.MATCH/logs/2016-10-29"
"2016-10-29 00:54:01 PDT","I","test2@match_com","UploadManagerService","Processing Surveys"
"2016-10-29 00:54:01 PDT","I","test2@match_com","UploadManagerService","Processing Data files"
"2016-10-29 00:54:01 PDT","I","test2@match_com","UploadManagerService","Processing data for date - /storage/emulated/0/.MATCH/data/2016-10-26"
"2016-10-29 00:54:01 PDT","I","test2@match_com","UploadManagerService","Processing data for hour /storage/emulated/0/.MATCH/data/2016-10-26/19-PDT.zip.uploaded"
"2016-10-29 00:54:01 PDT","I","test2@match_com","UploadManagerService","Processing data for hour /storage/emulated/0/.MATCH/data/2016-10-26/13-PDT.zip.uploaded"
"2016-10-29 00:54:01 PDT","I","test2@match_com","UploadManagerService","Processing data for hour /storage/emulated/0/.MATCH/data/2016-10-26/14-PDT.zip.uploaded"
"2016-10-29 00:54:01 PDT","I","test2@match_com","UploadManagerService","Processing data for hour /storage/emulated/0/.MATCH/data/2016-10-26/15-PDT.zip.uploaded"
"2016-10-29 00:54:01 PDT","I","test2@match_com","UploadManagerService","Processing data for hour /storage/emulated/0/.MATCH/data/2016-10-26/16-PDT.zip.uploaded"
"2016-10-29 00:54:01 PDT","I","test2@match_com","UploadManagerService","Processing data for hour /storage/emulated/0/.MATCH/data/2016-10-26/17-PDT.zip.uploaded"
"2016-10-29 00:54:01 PDT","I","test2@match_com","UploadManagerService","Processing data for hour /storage/emulated/0/.MATCH/data/2016-10-26/21-PDT.zip.uploaded"
"2016-10-29 00:54:01 PDT","I","test2@match_com","UploadManagerService","Processing data for hour /storage/emulated/0/.MATCH/data/2016-10-26/22-PDT.zip.uploaded"
"2016-10-29 00:54:01 PDT","I","test2@match_com","UploadManagerService","Processing data for hour /storage/emulated/0/.MATCH/data/2016-10-26/18-PDT.zip.uploaded"
"2016-10-29 00:54:01 PDT","I","test2@match_com","UploadManagerService","Processing data for hour /storage/emulated/0/.MATCH/data/2016-10-26/20-PDT.zip.uploaded"
"2016-10-29 00:54:01 PDT","I","test2@match_com","UploadManagerService","Processing data for hour /storage/emulated/0/.MATCH/data/2016-10-26/23-PDT.zip.uploaded"
"2016-10-29 00:54:01 PDT","I","test2@match_com","UploadManagerService","Processing data for date - /storage/emulated/0/.MATCH/data/2016-10-27"
"2016-10-29 00:54:01 PDT","I","test2@match_com","UploadManagerService","Processing data for hour /storage/emulated/0/.MATCH/data/2016-10-27/01-PDT.zip.uploaded"
"2016-10-29 00:54:01 PDT","I","test2@match_com","UploadManagerService","Processing data for hour /storage/emulated/0/.MATCH/data/2016-10-27/03-PDT.zip.uploaded"
"2016-10-29 00:54:01 PDT","I","test2@match_com","UploadManagerService","Processing data for hour /storage/emulated/0/.MATCH/data/2016-10-27/04-PDT.zip.uploaded"
"2016-10-29 00:54:01 PDT","I","test2@match_com","UploadManagerService","Processing data for hour /storage/emulated/0/.MATCH/data/2016-10-27/06-PDT.zip.uploaded"
"2016-10-29 00:54:01 PDT","I","test2@match_com","UploadManagerService","Processing data for hour /storage/emulated/0/.MATCH/data/2016-10-27/00-PDT.zip.uploaded"
"2016-10-29 00:54:01 PDT","I","test2@match_com","UploadManagerService","Processing data for hour /storage/emulated/0/.MATCH/data/2016-10-27/02-PDT.zip.uploaded"
"2016-10-29 00:54:01 PDT","I","test2@match_com","UploadManagerService","Processing data for hour /storage/emulated/0/.MATCH/data/2016-10-27/05-PDT.zip.uploaded"
"2016-10-29 00:54:01 PDT","I","test2@match_com","UploadManagerService","Processing data for date - /storage/emulated/0/.MATCH/data/2016-10-28"
"2016-10-29 00:54:01 PDT","I","test2@match_com","UploadManagerService","Processing data for hour /storage/emulated/0/.MATCH/data/2016-10-28/13-PDT.zip"
"2016-10-29 00:54:01 PDT","I","test2@match_com","UploadManagerService","Processing data for hour /storage/emulated/0/.MATCH/data/2016-10-28/14-PDT.zip"
"2016-10-29 00:54:01 PDT","I","test2@match_com","UploadManagerService","Processing data for hour /storage/emulated/0/.MATCH/data/2016-10-28/15-PDT.zip"
"2016-10-29 00:54:01 PDT","I","test2@match_com","UploadManagerService","Processing data for hour /storage/emulated/0/.MATCH/data/2016-10-28/16-PDT.zip"
"2016-10-29 00:54:01 PDT","I","test2@match_com","UploadManagerService","Processing data for hour /storage/emulated/0/.MATCH/data/2016-10-28/17-PDT.zip"
"2016-10-29 00:54:01 PDT","I","test2@match_com","UploadManagerService","Processing data for hour /storage/emulated/0/.MATCH/data/2016-10-28/18-PDT.zip"
"2016-10-29 00:54:01 PDT","I","test2@match_com","UploadManagerService","Processing data for hour /storage/emulated/0/.MATCH/data/2016-10-28/19-PDT.zip"
"2016-10-29 00:54:01 PDT","I","test2@match_com","UploadManagerService","Processing data for hour /storage/emulated/0/.MATCH/data/2016-10-28/20-PDT.zip"
"2016-10-29 00:54:01 PDT","I","test2@match_com","UploadManagerService","Processing data for hour /storage/emulated/0/.MATCH/data/2016-10-28/21-PDT.zip"
"2016-10-29 00:54:01 PDT","I","test2@match_com","UploadManagerService","Processing data for hour /storage/emulated/0/.MATCH/data/2016-10-28/22-PDT.zip"
"2016-10-29 00:54:01 PDT","I","test2@match_com","UploadManagerService","Processing data for hour /storage/emulated/0/.MATCH/data/2016-10-28/23-PDT.zip"
"2016-10-29 00:54:01 PDT","I","test2@match_com","UploadManagerService","Processing data for date - /storage/emulated/0/.MATCH/data/2016-10-29"
"2016-10-29 00:54:01 PDT","I","test2@match_com","UploadManagerService","Processing data for hour /storage/emulated/0/.MATCH/data/2016-10-29/00-PDT"
"2016-10-29 00:54:01 PDT","I","test2@match_com","UploadManagerService","Internet is not connected. Not trying to upload files."
"2016-10-29 00:54:01 PDT","I","test2@match_com","MinuteService","Inside onCreate"
"2016-10-29 00:54:01 PDT","I","test2@match_com","MinuteService","Minute Service Alarm was set by - MinuteService"
"2016-10-29 00:54:01 PDT","I","test2@match_com","MinuteService","Time since previous run - 3"
"2016-10-29 00:54:01 PDT","I","test2@match_com","MinuteService","Previous run within last 50 seconds, ignoring this run"
"2016-10-29 00:54:01 PDT","I","test2@match_com","UploadManagerService","Inside onDestroy"
"2016-10-29 00:54:01 PDT","I","test2@match_com","MinuteService","Inside onDestroy"
"2016-10-29 00:54:02 PDT","I","test2@match_com","BackupMinuteService","Inside onCreate"
"2016-10-29 00:54:02 PDT","I","test2@match_com","Util","Inside setBackupMinuteServiceAlarm"
"2016-10-29 00:54:02 PDT","I","test2@match_com","Util","BackupMinuteService last run at - Sat Oct 29 00:54:02 PDT 2016"
"2016-10-29 00:54:02 PDT","I","test2@match_com","Util","BackupMinuteService next run at - Sat Oct 29 00:55:02 PDT 2016"
"2016-10-29 00:54:03 PDT","I","test2@match_com","MinuteService","Inside onCreate"
"2016-10-29 00:54:03 PDT","I","test2@match_com","MinuteService","Minute Service Alarm was set by - MinuteService"
"2016-10-29 00:54:03 PDT","I","test2@match_com","MinuteService","Time since previous run - 5"
"2016-10-29 00:54:03 PDT","I","test2@match_com","MinuteService","Previous run within last 50 seconds, ignoring this run"
"2016-10-29 00:54:03 PDT","I","test2@match_com","BackupMinuteService","Inside onDestroy"
"2016-10-29 00:54:03 PDT","I","test2@match_com","MinuteService","Inside onDestroy"
"2016-10-29 00:54:03 PDT","I","test2@match_com","AlwaysOnService","Received Intent - android.intent.action.TIME_TICK"
"2016-10-29 00:54:19 PDT","I","test2@match_com","AlwaysOnService","Received Intent - android.intent.action.BATTERY_CHANGED"
"2016-10-29 00:54:23 PDT","I","test2@match_com","AlwaysOnService","Received Intent - android.intent.action.BATTERY_CHANGED"
"2016-10-29 00:54:57 PDT","I","test2@match_com","MinuteService","Inside onCreate"
"2016-10-29 00:54:57 PDT","I","test2@match_com","MinuteService","Minute Service Alarm was set by - MinuteService"
"2016-10-29 00:54:57 PDT","I","test2@match_com","MinuteService","Time since previous run - 60"
"2016-10-29 00:54:57 PDT","I","test2@match_com","MinuteService","Setting Minute Service Last Run"
"2016-10-29 00:54:57 PDT","I","test2@match_com","MinuteService","Setting Minute Service Alarm"
"2016-10-29 00:54:57 PDT","I","test2@match_com","Util","Inside setMinuteServiceAlarmFromMinuteService"
"2016-10-29 00:54:57 PDT","I","test2@match_com","Util","MinuteService last run at - Sat Oct 29 00:54:57 PDT 2016"
"2016-10-29 00:54:57 PDT","I","test2@match_com","Util","MinuteService next run at - Sat Oct 29 00:55:57 PDT 2016"
"2016-10-29 00:54:58 PDT","I","test2@match_com","MinuteService","Setting Minute Service Backup Alarm"
"2016-10-29 00:54:58 PDT","I","test2@match_com","Util","Inside setBackupMinuteServiceAlarm"
"2016-10-29 00:54:58 PDT","I","test2@match_com","Util","BackupMinuteService last run at - Sat Oct 29 00:54:02 PDT 2016"
"2016-10-29 00:54:58 PDT","I","test2@match_com","Util","BackupMinuteService next run at - Sat Oct 29 00:55:02 PDT 2016"
"2016-10-29 00:54:58 PDT","I","test2@match_com","MinuteService","Initializing MATCHConstants"
"2016-10-29 00:54:58 PDT","I","test2@match_com","MinuteService","Notifying user about minute service run"
"2016-10-29 00:54:58 PDT","I","test2@match_com","MinuteService","Writing status to Firebase Database"
"2016-10-29 00:54:58 PDT","I","test2@match_com","MinuteService","Logging Network Status"
"2016-10-29 00:54:58 PDT","I","test2@match_com","ConnectivityManager","isConnected - false - isWifi - false - isMobileInternet - false"
"2016-10-29 00:54:58 PDT","I","test2@match_com","MinuteService","Logging Battery Status"
"2016-10-29 00:54:58 PDT","I","test2@match_com","BatteryManager","Percentage - 93 - isCharging - true - isUSBCharging - false - isACCharging - true - isWirelessCharging - false"
"2016-10-29 00:54:58 PDT","I","test2@match_com","MinuteService","Logging Memory Status"
"2016-10-29 00:54:58 PDT","I","test2@match_com","MemoryManager","Total Memory,898,Available Memory,413,Threshold Memory,144,IsLowMemory,false"
"2016-10-29 00:54:58 PDT","I","test2@match_com","MinuteService","Logging Storage Status"
"2016-10-29 00:54:58 PDT","I","test2@match_com","StorageManager","Internal Total,2247,Internal Free,589,External Total,4637,External Free,3935"
"2016-10-29 00:54:58 PDT","I","test2@match_com","MinuteService","Logging Power Status"
"2016-10-29 00:54:58 PDT","I","test2@match_com","PowerManager","isDeviceIdleMode - false - isInteractive - false - isPowerSaveMode - false - isSustainedPerformanceModeSupported - false"
"2016-10-29 00:54:58 PDT","I","test2@match_com","MinuteService","Logging Notifications Status"
"2016-10-29 00:54:58 PDT","I","test2@match_com","NotificationManager","AreNotificationsEnabled - true - Importance - Unspecified"
"2016-10-29 00:54:58 PDT","I","test2@match_com","MinuteService","Logging Location"
"2016-10-29 00:54:58 PDT","I","test2@match_com","MinuteService","Fetching latest study data"
"2016-10-29 00:54:58 PDT","I","test2@match_com","MinuteService","Starting UploadManagerService"
"2016-10-29 00:54:58 PDT","I","test2@match_com","MinuteService","Starting SurveyManagerService"
"2016-10-29 00:54:58 PDT","I","test2@match_com","UploadManagerService","Inside onCreate"
"2016-10-29 00:54:58 PDT","I","test2@match_com","UploadManagerService","Processing Logs"
"2016-10-29 00:54:58 PDT","I","test2@match_com","UploadManagerService","Processing Logs for Date - /storage/emulated/0/.MATCH/logs/2016-10-26"
"2016-10-29 00:54:58 PDT","I","test2@match_com","UploadManagerService","Processing Logs for Date - /storage/emulated/0/.MATCH/logs/2016-10-27"
"2016-10-29 00:54:58 PDT","I","test2@match_com","UploadManagerService","Processing Logs for Date - /storage/emulated/0/.MATCH/logs/2016-10-28"
"2016-10-29 00:54:58 PDT","I","test2@match_com","UploadManagerService","Processing Logs for Date - /storage/emulated/0/.MATCH/logs/2016-10-29"
"2016-10-29 00:54:58 PDT","I","test2@match_com","UploadManagerService","Processing Surveys"
"2016-10-29 00:54:58 PDT","I","test2@match_com","UploadManagerService","Processing Data files"
"2016-10-29 00:54:58 PDT","I","test2@match_com","UploadManagerService","Processing data for date - /storage/emulated/0/.MATCH/data/2016-10-26"
"2016-10-29 00:54:58 PDT","I","test2@match_com","UploadManagerService","Processing data for hour /storage/emulated/0/.MATCH/data/2016-10-26/19-PDT.zip.uploaded"
"2016-10-29 00:54:58 PDT","I","test2@match_com","UploadManagerService","Processing data for hour /storage/emulated/0/.MATCH/data/2016-10-26/13-PDT.zip.uploaded"
"2016-10-29 00:54:58 PDT","I","test2@match_com","UploadManagerService","Processing data for hour /storage/emulated/0/.MATCH/data/2016-10-26/14-PDT.zip.uploaded"
"2016-10-29 00:54:58 PDT","I","test2@match_com","UploadManagerService","Processing data for hour /storage/emulated/0/.MATCH/data/2016-10-26/15-PDT.zip.uploaded"
"2016-10-29 00:54:58 PDT","I","test2@match_com","UploadManagerService","Processing data for hour /storage/emulated/0/.MATCH/data/2016-10-26/16-PDT.zip.uploaded"
"2016-10-29 00:54:58 PDT","I","test2@match_com","UploadManagerService","Processing data for hour /storage/emulated/0/.MATCH/data/2016-10-26/17-PDT.zip.uploaded"
"2016-10-29 00:54:58 PDT","I","test2@match_com","UploadManagerService","Processing data for hour /storage/emulated/0/.MATCH/data/2016-10-26/21-PDT.zip.uploaded"
"2016-10-29 00:54:58 PDT","I","test2@match_com","UploadManagerService","Processing data for hour /storage/emulated/0/.MATCH/data/2016-10-26/22-PDT.zip.uploaded"
"2016-10-29 00:54:58 PDT","I","test2@match_com","UploadManagerService","Processing data for hour /storage/emulated/0/.MATCH/data/2016-10-26/18-PDT.zip.uploaded"
"2016-10-29 00:54:58 PDT","I","test2@match_com","UploadManagerService","Processing data for hour /storage/emulated/0/.MATCH/data/2016-10-26/20-PDT.zip.uploaded"
"2016-10-29 00:54:58 PDT","I","test2@match_com","UploadManagerService","Processing data for hour /storage/emulated/0/.MATCH/data/2016-10-26/23-PDT.zip.uploaded"
"2016-10-29 00:54:58 PDT","I","test2@match_com","UploadManagerService","Processing data for date - /storage/emulated/0/.MATCH/data/2016-10-27"
"2016-10-29 00:54:58 PDT","I","test2@match_com","UploadManagerService","Processing data for hour /storage/emulated/0/.MATCH/data/2016-10-27/01-PDT.zip.uploaded"
"2016-10-29 00:54:58 PDT","I","test2@match_com","UploadManagerService","Processing data for hour /storage/emulated/0/.MATCH/data/2016-10-27/03-PDT.zip.uploaded"
"2016-10-29 00:54:58 PDT","I","test2@match_com","UploadManagerService","Processing data for hour /storage/emulated/0/.MATCH/data/2016-10-27/04-PDT.zip.uploaded"
"2016-10-29 00:54:58 PDT","I","test2@match_com","UploadManagerService","Processing data for hour /storage/emulated/0/.MATCH/data/2016-10-27/06-PDT.zip.uploaded"
"2016-10-29 00:54:58 PDT","I","test2@match_com","UploadManagerService","Processing data for hour /storage/emulated/0/.MATCH/data/2016-10-27/00-PDT.zip.uploaded"
"2016-10-29 00:54:58 PDT","I","test2@match_com","UploadManagerService","Processing data for hour /storage/emulated/0/.MATCH/data/2016-10-27/02-PDT.zip.uploaded"
"2016-10-29 00:54:58 PDT","I","test2@match_com","UploadManagerService","Processing data for hour /storage/emulated/0/.MATCH/data/2016-10-27/05-PDT.zip.uploaded"
"2016-10-29 00:54:58 PDT","I","test2@match_com","UploadManagerService","Processing data for date - /storage/emulated/0/.MATCH/data/2016-10-28"
"2016-10-29 00:54:58 PDT","I","test2@match_com","UploadManagerService","Processing data for hour /storage/emulated/0/.MATCH/data/2016-10-28/13-PDT.zip"
"2016-10-29 00:54:58 PDT","I","test2@match_com","UploadManagerService","Processing data for hour /storage/emulated/0/.MATCH/data/2016-10-28/14-PDT.zip"
"2016-10-29 00:54:58 PDT","I","test2@match_com","UploadManagerService","Processing data for hour /storage/emulated/0/.MATCH/data/2016-10-28/15-PDT.zip"
"2016-10-29 00:54:58 PDT","I","test2@match_com","UploadManagerService","Processing data for hour /storage/emulated/0/.MATCH/data/2016-10-28/16-PDT.zip"
"2016-10-29 00:54:58 PDT","I","test2@match_com","UploadManagerService","Processing data for hour /storage/emulated/0/.MATCH/data/2016-10-28/17-PDT.zip"
"2016-10-29 00:54:58 PDT","I","test2@match_com","UploadManagerService","Processing data for hour /storage/emulated/0/.MATCH/data/2016-10-28/18-PDT.zip"
"2016-10-29 00:54:58 PDT","I","test2@match_com","UploadManagerService","Processing data for hour /storage/emulated/0/.MATCH/data/2016-10-28/19-PDT.zip"
"2016-10-29 00:54:58 PDT","I","test2@match_com","UploadManagerService","Processing data for hour /storage/emulated/0/.MATCH/data/2016-10-28/20-PDT.zip"
"2016-10-29 00:54:58 PDT","I","test2@match_com","UploadManagerService","Processing data for hour /storage/emulated/0/.MATCH/data/2016-10-28/21-PDT.zip"
"2016-10-29 00:54:58 PDT","I","test2@match_com","UploadManagerService","Processing data for hour /storage/emulated/0/.MATCH/data/2016-10-28/22-PDT.zip"
"2016-10-29 00:54:58 PDT","I","test2@match_com","UploadManagerService","Processing data for hour /storage/emulated/0/.MATCH/data/2016-10-28/23-PDT.zip"
"2016-10-29 00:54:58 PDT","I","test2@match_com","UploadManagerService","Processing data for date - /storage/emulated/0/.MATCH/data/2016-10-29"
"2016-10-29 00:54:58 PDT","I","test2@match_com","UploadManagerService","Processing data for hour /storage/emulated/0/.MATCH/data/2016-10-29/00-PDT"
"2016-10-29 00:54:58 PDT","I","test2@match_com","UploadManagerService","Internet is not connected. Not trying to upload files."
"2016-10-29 00:54:58 PDT","I","test2@match_com","SurveyManagerService","Inside onCreate"
"2016-10-29 00:54:58 PDT","I","test2@match_com","SurveyManagerService","Current time is - Sat Oct 29 00:54:58 PDT 2016"
"2016-10-29 00:54:58 PDT","I","test2@match_com","SurveyManagerService","Start Date is - Tue Oct 25 19:00:00 PDT 2016"
"2016-10-29 00:54:58 PDT","I","test2@match_com","SurveyManagerService","End Date is - Tue Nov 01 16:00:00 PDT 2016"
"2016-10-29 00:54:58 PDT","I","test2@match_com","SurveyManagerService","Scheduling Survey for - KEY_EMA_0730TO0800_CHILD"
"2016-10-29 00:54:58 PDT","I","test2@match_com","SurveyManagerService","Survey KEY_EMA_0730TO0800_CHILD is already scheduled"
"2016-10-29 00:54:58 PDT","I","test2@match_com","SurveyManagerService","Scheduling Survey for - KEY_EMA_0930TO1000_CHILD"
"2016-10-29 00:54:58 PDT","I","test2@match_com","SurveyManagerService","Survey KEY_EMA_0930TO1000_CHILD is already scheduled"
"2016-10-29 00:54:58 PDT","I","test2@match_com","SurveyManagerService","Scheduling Survey for - KEY_EMA_1130TO1200_CHILD"
"2016-10-29 00:54:58 PDT","I","test2@match_com","SurveyManagerService","Survey KEY_EMA_1130TO1200_CHILD is already scheduled"
"2016-10-29 00:54:58 PDT","I","test2@match_com","SurveyManagerService","Scheduling Survey for - KEY_EMA_1330TO1400_CHILD"
"2016-10-29 00:54:58 PDT","I","test2@match_com","SurveyManagerService","Survey KEY_EMA_1330TO1400_CHILD is already scheduled"
"2016-10-29 00:54:58 PDT","I","test2@match_com","SurveyManagerService","Scheduling Survey for - KEY_EMA_1530TO1600_CHILD"
"2016-10-29 00:54:58 PDT","I","test2@match_com","SurveyManagerService","Survey KEY_EMA_1530TO1600_CHILD is already scheduled"
"2016-10-29 00:54:58 PDT","I","test2@match_com","SurveyManagerService","Scheduling Survey for - KEY_EMA_1730TO1800_CHILD"
"2016-10-29 00:54:58 PDT","I","test2@match_com","SurveyManagerService","Survey KEY_EMA_1730TO1800_CHILD is already scheduled"
"2016-10-29 00:54:58 PDT","I","test2@match_com","SurveyManagerService","Scheduling Survey for - KEY_EMA_1930TO2000_CHILD"
"2016-10-29 00:54:58 PDT","I","test2@match_com","SurveyManagerService","Survey KEY_EMA_1930TO2000_CHILD is already scheduled"
"2016-10-29 00:54:58 PDT","I","test2@match_com","SurveyManagerService","Saliva surveys are already scheduled"
"2016-10-29 00:54:58 PDT","I","test2@match_com","SurveyManagerService","Survey KEY_SALIVA_BEDTIME scheduled for Sat Oct 29 21:46:58 PDT 2016"
"2016-10-29 00:54:58 PDT","I","test2@match_com","SurveyManagerService","Survey Schedule for KEY_EMA_0730TO0800_CHILD is Sat Oct 29 07:47:17 PDT 2016"
"2016-10-29 00:54:58 PDT","I","test2@match_com","SurveyManagerService","Still not time to prompt the survey"
"2016-10-29 00:54:58 PDT","I","test2@match_com","SurveyManagerService","Survey Schedule for KEY_EMA_0930TO1000_CHILD is Sat Oct 29 09:57:24 PDT 2016"
"2016-10-29 00:54:58 PDT","I","test2@match_com","SurveyManagerService","Still not time to prompt the survey"
"2016-10-29 00:54:58 PDT","I","test2@match_com","SurveyManagerService","Survey Schedule for KEY_EMA_1130TO1200_CHILD is Sat Oct 29 11:45:10 PDT 2016"
"2016-10-29 00:54:58 PDT","I","test2@match_com","SurveyManagerService","Still not time to prompt the survey"
"2016-10-29 00:54:58 PDT","I","test2@match_com","SurveyManagerService","Survey Schedule for KEY_EMA_1330TO1400_CHILD is Sat Oct 29 13:44:02 PDT 2016"
"2016-10-29 00:54:58 PDT","I","test2@match_com","SurveyManagerService","Still not time to prompt the survey"
"2016-10-29 00:54:58 PDT","I","test2@match_com","SurveyManagerService","Survey Schedule for KEY_EMA_1530TO1600_CHILD is Sat Oct 29 15:33:41 PDT 2016"
"2016-10-29 00:54:58 PDT","I","test2@match_com","SurveyManagerService","Still not time to prompt the survey"
"2016-10-29 00:54:58 PDT","I","test2@match_com","SurveyManagerService","Survey Schedule for KEY_EMA_1730TO1800_CHILD is Sat Oct 29 17:47:43 PDT 2016"
"2016-10-29 00:54:58 PDT","I","test2@match_com","SurveyManagerService","Still not time to prompt the survey"
"2016-10-29 00:54:58 PDT","I","test2@match_com","SurveyManagerService","Survey Schedule for KEY_EMA_1930TO2000_CHILD is Sat Oct 29 19:36:11 PDT 2016"
"2016-10-29 00:54:58 PDT","I","test2@match_com","SurveyManagerService","Still not time to prompt the survey"
"2016-10-29 00:54:58 PDT","I","test2@match_com","SurveyManagerService","KEY_SALIVA_WAKING is scheduled for Sat Oct 29 06:46:56 PDT 2016"
"2016-10-29 00:54:58 PDT","I","test2@match_com","SurveyManagerService","Prompt KEY_SALIVA_WAKING is in the future - Sat Oct 29 06:46:56 PDT 2016"
"2016-10-29 00:54:58 PDT","I","test2@match_com","SurveyManagerService","KEY_SALIVA_WAKING_PLUS_30 is scheduled for Sat Oct 29 07:16:56 PDT 2016"
"2016-10-29 00:54:58 PDT","I","test2@match_com","SurveyManagerService","Prompt KEY_SALIVA_WAKING_PLUS_30 is in the future - Sat Oct 29 07:16:56 PDT 2016"
"2016-10-29 00:54:58 PDT","I","test2@match_com","SurveyManagerService","KEY_SALIVA_AFTERNOON_4TO430_CHILD is scheduled for Sat Oct 29 16:16:27 PDT 2016"
"2016-10-29 00:54:58 PDT","I","test2@match_com","SurveyManagerService","Prompt KEY_SALIVA_AFTERNOON_4TO430_CHILD is in the future - Sat Oct 29 16:16:27 PDT 2016"
"2016-10-29 00:54:58 PDT","I","test2@match_com","SurveyManagerService","KEY_SALIVA_BEDTIME is scheduled for Sat Oct 29 21:46:58 PDT 2016"
"2016-10-29 00:54:58 PDT","I","test2@match_com","SurveyManagerService","Prompt KEY_SALIVA_BEDTIME is in the future - Sat Oct 29 21:46:58 PDT 2016"
"2016-10-29 00:54:58 PDT","I","test2@match_com","MinuteService","Inside onDestroy"
"2016-10-29 00:54:58 PDT","I","test2@match_com","UploadManagerService","Inside onDestroy"
"2016-10-29 00:54:58 PDT","I","test2@match_com","SurveyManagerService","Inside onDestroy"
"2016-10-29 00:54:58 PDT","I","test2@match_com","Zipper","unzipFileWithEncryption"
"2016-10-29 00:54:58 PDT","I","test2@match_com","Zipper","Deleting File - /storage/emulated/0/.MATCH/data/2016-10-29/00-PDT/GPS.csv.zip"
"2016-10-29 00:54:58 PDT","I","test2@match_com","Zipper","zipFileWithEncryption - /storage/emulated/0/.MATCH/data/2016-10-29/00-PDT/GPS.csv"
"2016-10-29 00:54:58 PDT","I","test2@match_com","Zipper","Creating ZipFile - /storage/emulated/0/.MATCH/data/2016-10-29/00-PDT/GPS.csv.zip"
"2016-10-29 00:54:59 PDT","I","test2@match_com","Zipper","Deleting File - /storage/emulated/0/.MATCH/data/2016-10-29/00-PDT/GPS.csv"
"2016-10-29 00:55:01 PDT","I","test2@match_com","UploadManagerService","Inside onCreate"
"2016-10-29 00:55:01 PDT","I","test2@match_com","UploadManagerService","Processing Logs"
"2016-10-29 00:55:01 PDT","I","test2@match_com","UploadManagerService","Processing Logs for Date - /storage/emulated/0/.MATCH/logs/2016-10-26"
"2016-10-29 00:55:01 PDT","I","test2@match_com","UploadManagerService","Processing Logs for Date - /storage/emulated/0/.MATCH/logs/2016-10-27"
"2016-10-29 00:55:01 PDT","I","test2@match_com","UploadManagerService","Processing Logs for Date - /storage/emulated/0/.MATCH/logs/2016-10-28"
"2016-10-29 00:55:01 PDT","I","test2@match_com","UploadManagerService","Processing Logs for Date - /storage/emulated/0/.MATCH/logs/2016-10-29"
"2016-10-29 00:55:01 PDT","I","test2@match_com","UploadManagerService","Processing Surveys"
"2016-10-29 00:55:01 PDT","I","test2@match_com","UploadManagerService","Processing Data files"
"2016-10-29 00:55:01 PDT","I","test2@match_com","UploadManagerService","Processing data for date - /storage/emulated/0/.MATCH/data/2016-10-26"
"2016-10-29 00:55:01 PDT","I","test2@match_com","UploadManagerService","Processing data for hour /storage/emulated/0/.MATCH/data/2016-10-26/19-PDT.zip.uploaded"
"2016-10-29 00:55:01 PDT","I","test2@match_com","UploadManagerService","Processing data for hour /storage/emulated/0/.MATCH/data/2016-10-26/13-PDT.zip.uploaded"
"2016-10-29 00:55:01 PDT","I","test2@match_com","UploadManagerService","Processing data for hour /storage/emulated/0/.MATCH/data/2016-10-26/14-PDT.zip.uploaded"
"2016-10-29 00:55:01 PDT","I","test2@match_com","UploadManagerService","Processing data for hour /storage/emulated/0/.MATCH/data/2016-10-26/15-PDT.zip.uploaded"
"2016-10-29 00:55:01 PDT","I","test2@match_com","UploadManagerService","Processing data for hour /storage/emulated/0/.MATCH/data/2016-10-26/16-PDT.zip.uploaded"
"2016-10-29 00:55:01 PDT","I","test2@match_com","UploadManagerService","Processing data for hour /storage/emulated/0/.MATCH/data/2016-10-26/17-PDT.zip.uploaded"
"2016-10-29 00:55:01 PDT","I","test2@match_com","UploadManagerService","Processing data for hour /storage/emulated/0/.MATCH/data/2016-10-26/21-PDT.zip.uploaded"
"2016-10-29 00:55:01 PDT","I","test2@match_com","UploadManagerService","Processing data for hour /storage/emulated/0/.MATCH/data/2016-10-26/22-PDT.zip.uploaded"
"2016-10-29 00:55:01 PDT","I","test2@match_com","UploadManagerService","Processing data for hour /storage/emulated/0/.MATCH/data/2016-10-26/18-PDT.zip.uploaded"
"2016-10-29 00:55:01 PDT","I","test2@match_com","UploadManagerService","Processing data for hour /storage/emulated/0/.MATCH/data/2016-10-26/20-PDT.zip.uploaded"
"2016-10-29 00:55:01 PDT","I","test2@match_com","UploadManagerService","Processing data for hour /storage/emulated/0/.MATCH/data/2016-10-26/23-PDT.zip.uploaded"
"2016-10-29 00:55:01 PDT","I","test2@match_com","UploadManagerService","Processing data for date - /storage/emulated/0/.MATCH/data/2016-10-27"
"2016-10-29 00:55:01 PDT","I","test2@match_com","UploadManagerService","Processing data for hour /storage/emulated/0/.MATCH/data/2016-10-27/01-PDT.zip.uploaded"
"2016-10-29 00:55:01 PDT","I","test2@match_com","UploadManagerService","Processing data for hour /storage/emulated/0/.MATCH/data/2016-10-27/03-PDT.zip.uploaded"
"2016-10-29 00:55:01 PDT","I","test2@match_com","UploadManagerService","Processing data for hour /storage/emulated/0/.MATCH/data/2016-10-27/04-PDT.zip.uploaded"
"2016-10-29 00:55:01 PDT","I","test2@match_com","UploadManagerService","Processing data for hour /storage/emulated/0/.MATCH/data/2016-10-27/06-PDT.zip.uploaded"
"2016-10-29 00:55:01 PDT","I","test2@match_com","UploadManagerService","Processing data for hour /storage/emulated/0/.MATCH/data/2016-10-27/00-PDT.zip.uploaded"
"2016-10-29 00:55:01 PDT","I","test2@match_com","UploadManagerService","Processing data for hour /storage/emulated/0/.MATCH/data/2016-10-27/02-PDT.zip.uploaded"
"2016-10-29 00:55:01 PDT","I","test2@match_com","UploadManagerService","Processing data for hour /storage/emulated/0/.MATCH/data/2016-10-27/05-PDT.zip.uploaded"
"2016-10-29 00:55:01 PDT","I","test2@match_com","UploadManagerService","Processing data for date - /storage/emulated/0/.MATCH/data/2016-10-28"
"2016-10-29 00:55:01 PDT","I","test2@match_com","UploadManagerService","Processing data for hour /storage/emulated/0/.MATCH/data/2016-10-28/13-PDT.zip"
"2016-10-29 00:55:01 PDT","I","test2@match_com","UploadManagerService","Processing data for hour /storage/emulated/0/.MATCH/data/2016-10-28/14-PDT.zip"
"2016-10-29 00:55:01 PDT","I","test2@match_com","UploadManagerService","Processing data for hour /storage/emulated/0/.MATCH/data/2016-10-28/15-PDT.zip"
"2016-10-29 00:55:01 PDT","I","test2@match_com","UploadManagerService","Processing data for hour /storage/emulated/0/.MATCH/data/2016-10-28/16-PDT.zip"
"2016-10-29 00:55:01 PDT","I","test2@match_com","UploadManagerService","Processing data for hour /storage/emulated/0/.MATCH/data/2016-10-28/17-PDT.zip"
"2016-10-29 00:55:01 PDT","I","test2@match_com","UploadManagerService","Processing data for hour /storage/emulated/0/.MATCH/data/2016-10-28/18-PDT.zip"
"2016-10-29 00:55:01 PDT","I","test2@match_com","UploadManagerService","Processing data for hour /storage/emulated/0/.MATCH/data/2016-10-28/19-PDT.zip"
"2016-10-29 00:55:01 PDT","I","test2@match_com","UploadManagerService","Processing data for hour /storage/emulated/0/.MATCH/data/2016-10-28/20-PDT.zip"
"2016-10-29 00:55:01 PDT","I","test2@match_com","UploadManagerService","Processing data for hour /storage/emulated/0/.MATCH/data/2016-10-28/21-PDT.zip"
"2016-10-29 00:55:01 PDT","I","test2@match_com","UploadManagerService","Processing data for hour /storage/emulated/0/.MATCH/data/2016-10-28/22-PDT.zip"
"2016-10-29 00:55:01 PDT","I","test2@match_com","UploadManagerService","Processing data for hour /storage/emulated/0/.MATCH/data/2016-10-28/23-PDT.zip"
"2016-10-29 00:55:01 PDT","I","test2@match_com","UploadManagerService","Processing data for date - /storage/emulated/0/.MATCH/data/2016-10-29"
"2016-10-29 00:55:01 PDT","I","test2@match_com","UploadManagerService","Processing data for hour /storage/emulated/0/.MATCH/data/2016-10-29/00-PDT"
"2016-10-29 00:55:01 PDT","I","test2@match_com","UploadManagerService","Internet is not connected. Not trying to upload files."
"2016-10-29 00:55:01 PDT","I","test2@match_com","MinuteService","Inside onCreate"
"2016-10-29 00:55:01 PDT","I","test2@match_com","MinuteService","Minute Service Alarm was set by - MinuteService"
"2016-10-29 00:55:01 PDT","I","test2@match_com","MinuteService","Time since previous run - 3"
"2016-10-29 00:55:01 PDT","I","test2@match_com","MinuteService","Previous run within last 50 seconds, ignoring this run"
"2016-10-29 00:55:01 PDT","I","test2@match_com","UploadManagerService","Inside onDestroy"
"2016-10-29 00:55:01 PDT","I","test2@match_com","MinuteService","Inside onDestroy"
"2016-10-29 00:55:03 PDT","I","test2@match_com","BackupMinuteService","Inside onCreate"
"2016-10-29 00:55:03 PDT","I","test2@match_com","Util","Inside setBackupMinuteServiceAlarm"
"2016-10-29 00:55:03 PDT","I","test2@match_com","Util","BackupMinuteService last run at - Sat Oct 29 00:55:03 PDT 2016"
"2016-10-29 00:55:03 PDT","I","test2@match_com","Util","BackupMinuteService next run at - Sat Oct 29 00:56:03 PDT 2016"
"2016-10-29 00:55:03 PDT","I","test2@match_com","MinuteService","Inside onCreate"
"2016-10-29 00:55:03 PDT","I","test2@match_com","MinuteService","Minute Service Alarm was set by - MinuteService"
"2016-10-29 00:55:03 PDT","I","test2@match_com","MinuteService","Time since previous run - 5"
"2016-10-29 00:55:03 PDT","I","test2@match_com","MinuteService","Previous run within last 50 seconds, ignoring this run"
"2016-10-29 00:55:03 PDT","I","test2@match_com","BackupMinuteService","Inside onDestroy"
"2016-10-29 00:55:03 PDT","I","test2@match_com","MinuteService","Inside onDestroy"
"2016-10-29 00:55:03 PDT","I","test2@match_com","AlwaysOnService","Received Intent - android.intent.action.TIME_TICK"
"2016-10-29 00:55:05 PDT","I","test2@match_com","AlwaysOnService","Received Intent - android.intent.action.BATTERY_CHANGED"
"2016-10-29 00:55:23 PDT","I","test2@match_com","AlwaysOnService","Received Intent - android.intent.action.BATTERY_CHANGED"
"2016-10-29 00:55:57 PDT","I","test2@match_com","MinuteService","Inside onCreate"
"2016-10-29 00:55:57 PDT","I","test2@match_com","MinuteService","Minute Service Alarm was set by - MinuteService"
"2016-10-29 00:55:57 PDT","I","test2@match_com","MinuteService","Time since previous run - 60"
"2016-10-29 00:55:57 PDT","I","test2@match_com","MinuteService","Setting Minute Service Last Run"
"2016-10-29 00:55:58 PDT","I","test2@match_com","MinuteService","Setting Minute Service Alarm"
"2016-10-29 00:55:58 PDT","I","test2@match_com","Util","Inside setMinuteServiceAlarmFromMinuteService"
"2016-10-29 00:55:58 PDT","I","test2@match_com","Util","MinuteService last run at - Sat Oct 29 00:55:58 PDT 2016"
"2016-10-29 00:55:58 PDT","I","test2@match_com","Util","MinuteService next run at - Sat Oct 29 00:56:58 PDT 2016"
"2016-10-29 00:55:58 PDT","I","test2@match_com","MinuteService","Setting Minute Service Backup Alarm"
"2016-10-29 00:55:58 PDT","I","test2@match_com","Util","Inside setBackupMinuteServiceAlarm"
"2016-10-29 00:55:58 PDT","I","test2@match_com","Util","BackupMinuteService last run at - Sat Oct 29 00:55:03 PDT 2016"
"2016-10-29 00:55:58 PDT","I","test2@match_com","Util","BackupMinuteService next run at - Sat Oct 29 00:56:03 PDT 2016"
"2016-10-29 00:55:58 PDT","I","test2@match_com","MinuteService","Initializing MATCHConstants"
"2016-10-29 00:55:58 PDT","I","test2@match_com","MinuteService","Notifying user about minute service run"
"2016-10-29 00:55:58 PDT","I","test2@match_com","MinuteService","Writing status to Firebase Database"
"2016-10-29 00:55:58 PDT","I","test2@match_com","MinuteService","Logging Network Status"
"2016-10-29 00:55:58 PDT","I","test2@match_com","ConnectivityManager","isConnected - false - isWifi - false - isMobileInternet - false"
"2016-10-29 00:55:58 PDT","I","test2@match_com","MinuteService","Logging Battery Status"
"2016-10-29 00:55:58 PDT","I","test2@match_com","BatteryManager","Percentage - 94 - isCharging - true - isUSBCharging - false - isACCharging - true - isWirelessCharging - false"
"2016-10-29 00:55:58 PDT","I","test2@match_com","MinuteService","Logging Memory Status"
"2016-10-29 00:55:58 PDT","I","test2@match_com","MemoryManager","Total Memory,898,Available Memory,412,Threshold Memory,144,IsLowMemory,false"
"2016-10-29 00:55:58 PDT","I","test2@match_com","MinuteService","Logging Storage Status"
"2016-10-29 00:55:58 PDT","I","test2@match_com","StorageManager","Internal Total,2247,Internal Free,589,External Total,4637,External Free,3935"
"2016-10-29 00:55:58 PDT","I","test2@match_com","MinuteService","Logging Power Status"
"2016-10-29 00:55:58 PDT","I","test2@match_com","PowerManager","isDeviceIdleMode - false - isInteractive - false - isPowerSaveMode - false - isSustainedPerformanceModeSupported - false"
"2016-10-29 00:55:58 PDT","I","test2@match_com","MinuteService","Logging Notifications Status"
"2016-10-29 00:55:58 PDT","I","test2@match_com","NotificationManager","AreNotificationsEnabled - true - Importance - Unspecified"
"2016-10-29 00:55:58 PDT","I","test2@match_com","MinuteService","Logging Location"
"2016-10-29 00:55:58 PDT","I","test2@match_com","MinuteService","Fetching latest study data"
"2016-10-29 00:55:58 PDT","I","test2@match_com","MinuteService","Starting UploadManagerService"
"2016-10-29 00:55:58 PDT","I","test2@match_com","MinuteService","Starting SurveyManagerService"
"2016-10-29 00:55:58 PDT","I","test2@match_com","UploadManagerService","Inside onCreate"
"2016-10-29 00:55:58 PDT","I","test2@match_com","UploadManagerService","Processing Logs"
"2016-10-29 00:55:58 PDT","I","test2@match_com","UploadManagerService","Processing Logs for Date - /storage/emulated/0/.MATCH/logs/2016-10-26"
"2016-10-29 00:55:58 PDT","I","test2@match_com","UploadManagerService","Processing Logs for Date - /storage/emulated/0/.MATCH/logs/2016-10-27"
"2016-10-29 00:55:58 PDT","I","test2@match_com","UploadManagerService","Processing Logs for Date - /storage/emulated/0/.MATCH/logs/2016-10-28"
"2016-10-29 00:55:58 PDT","I","test2@match_com","UploadManagerService","Processing Logs for Date - /storage/emulated/0/.MATCH/logs/2016-10-29"
"2016-10-29 00:55:58 PDT","I","test2@match_com","UploadManagerService","Processing Surveys"
"2016-10-29 00:55:58 PDT","I","test2@match_com","UploadManagerService","Processing Data files"
"2016-10-29 00:55:58 PDT","I","test2@match_com","UploadManagerService","Processing data for date - /storage/emulated/0/.MATCH/data/2016-10-26"
"2016-10-29 00:55:58 PDT","I","test2@match_com","UploadManagerService","Processing data for hour /storage/emulated/0/.MATCH/data/2016-10-26/19-PDT.zip.uploaded"
"2016-10-29 00:55:58 PDT","I","test2@match_com","UploadManagerService","Processing data for hour /storage/emulated/0/.MATCH/data/2016-10-26/13-PDT.zip.uploaded"
"2016-10-29 00:55:58 PDT","I","test2@match_com","UploadManagerService","Processing data for hour /storage/emulated/0/.MATCH/data/2016-10-26/14-PDT.zip.uploaded"
"2016-10-29 00:55:58 PDT","I","test2@match_com","UploadManagerService","Processing data for hour /storage/emulated/0/.MATCH/data/2016-10-26/15-PDT.zip.uploaded"
"2016-10-29 00:55:58 PDT","I","test2@match_com","UploadManagerService","Processing data for hour /storage/emulated/0/.MATCH/data/2016-10-26/16-PDT.zip.uploaded"
"2016-10-29 00:55:58 PDT","I","test2@match_com","UploadManagerService","Processing data for hour /storage/emulated/0/.MATCH/data/2016-10-26/17-PDT.zip.uploaded"
"2016-10-29 00:55:58 PDT","I","test2@match_com","UploadManagerService","Processing data for hour /storage/emulated/0/.MATCH/data/2016-10-26/21-PDT.zip.uploaded"
"2016-10-29 00:55:58 PDT","I","test2@match_com","UploadManagerService","Processing data for hour /storage/emulated/0/.MATCH/data/2016-10-26/22-PDT.zip.uploaded"
"2016-10-29 00:55:58 PDT","I","test2@match_com","UploadManagerService","Processing data for hour /storage/emulated/0/.MATCH/data/2016-10-26/18-PDT.zip.uploaded"
"2016-10-29 00:55:58 PDT","I","test2@match_com","UploadManagerService","Processing data for hour /storage/emulated/0/.MATCH/data/2016-10-26/20-PDT.zip.uploaded"
"2016-10-29 00:55:58 PDT","I","test2@match_com","UploadManagerService","Processing data for hour /storage/emulated/0/.MATCH/data/2016-10-26/23-PDT.zip.uploaded"
"2016-10-29 00:55:58 PDT","I","test2@match_com","UploadManagerService","Processing data for date - /storage/emulated/0/.MATCH/data/2016-10-27"
"2016-10-29 00:55:58 PDT","I","test2@match_com","UploadManagerService","Processing data for hour /storage/emulated/0/.MATCH/data/2016-10-27/01-PDT.zip.uploaded"
"2016-10-29 00:55:58 PDT","I","test2@match_com","UploadManagerService","Processing data for hour /storage/emulated/0/.MATCH/data/2016-10-27/03-PDT.zip.uploaded"
"2016-10-29 00:55:58 PDT","I","test2@match_com","UploadManagerService","Processing data for hour /storage/emulated/0/.MATCH/data/2016-10-27/04-PDT.zip.uploaded"
"2016-10-29 00:55:58 PDT","I","test2@match_com","UploadManagerService","Processing data for hour /storage/emulated/0/.MATCH/data/2016-10-27/06-PDT.zip.uploaded"
"2016-10-29 00:55:58 PDT","I","test2@match_com","UploadManagerService","Processing data for hour /storage/emulated/0/.MATCH/data/2016-10-27/00-PDT.zip.uploaded"
"2016-10-29 00:55:58 PDT","I","test2@match_com","UploadManagerService","Processing data for hour /storage/emulated/0/.MATCH/data/2016-10-27/02-PDT.zip.uploaded"
"2016-10-29 00:55:58 PDT","I","test2@match_com","UploadManagerService","Processing data for hour /storage/emulated/0/.MATCH/data/2016-10-27/05-PDT.zip.uploaded"
"2016-10-29 00:55:58 PDT","I","test2@match_com","UploadManagerService","Processing data for date - /storage/emulated/0/.MATCH/data/2016-10-28"
"2016-10-29 00:55:58 PDT","I","test2@match_com","UploadManagerService","Processing data for hour /storage/emulated/0/.MATCH/data/2016-10-28/13-PDT.zip"
"2016-10-29 00:55:58 PDT","I","test2@match_com","UploadManagerService","Processing data for hour /storage/emulated/0/.MATCH/data/2016-10-28/14-PDT.zip"
"2016-10-29 00:55:58 PDT","I","test2@match_com","UploadManagerService","Processing data for hour /storage/emulated/0/.MATCH/data/2016-10-28/15-PDT.zip"
"2016-10-29 00:55:58 PDT","I","test2@match_com","UploadManagerService","Processing data for hour /storage/emulated/0/.MATCH/data/2016-10-28/16-PDT.zip"
"2016-10-29 00:55:58 PDT","I","test2@match_com","UploadManagerService","Processing data for hour /storage/emulated/0/.MATCH/data/2016-10-28/17-PDT.zip"
"2016-10-29 00:55:58 PDT","I","test2@match_com","UploadManagerService","Processing data for hour /storage/emulated/0/.MATCH/data/2016-10-28/18-PDT.zip"
"2016-10-29 00:55:58 PDT","I","test2@match_com","UploadManagerService","Processing data for hour /storage/emulated/0/.MATCH/data/2016-10-28/19-PDT.zip"
"2016-10-29 00:55:58 PDT","I","test2@match_com","UploadManagerService","Processing data for hour /storage/emulated/0/.MATCH/data/2016-10-28/20-PDT.zip"
"2016-10-29 00:55:58 PDT","I","test2@match_com","UploadManagerService","Processing data for hour /storage/emulated/0/.MATCH/data/2016-10-28/21-PDT.zip"
"2016-10-29 00:55:58 PDT","I","test2@match_com","UploadManagerService","Processing data for hour /storage/emulated/0/.MATCH/data/2016-10-28/22-PDT.zip"
"2016-10-29 00:55:58 PDT","I","test2@match_com","UploadManagerService","Processing data for hour /storage/emulated/0/.MATCH/data/2016-10-28/23-PDT.zip"
"2016-10-29 00:55:58 PDT","I","test2@match_com","UploadManagerService","Processing data for date - /storage/emulated/0/.MATCH/data/2016-10-29"
"2016-10-29 00:55:58 PDT","I","test2@match_com","UploadManagerService","Processing data for hour /storage/emulated/0/.MATCH/data/2016-10-29/00-PDT"
"2016-10-29 00:55:58 PDT","I","test2@match_com","UploadManagerService","Internet is not connected. Not trying to upload files."
"2016-10-29 00:55:58 PDT","I","test2@match_com","SurveyManagerService","Inside onCreate"
"2016-10-29 00:55:58 PDT","I","test2@match_com","SurveyManagerService","Current time is - Sat Oct 29 00:55:58 PDT 2016"
"2016-10-29 00:55:58 PDT","I","test2@match_com","SurveyManagerService","Start Date is - Tue Oct 25 19:00:00 PDT 2016"
"2016-10-29 00:55:58 PDT","I","test2@match_com","SurveyManagerService","End Date is - Tue Nov 01 16:00:00 PDT 2016"
"2016-10-29 00:55:58 PDT","I","test2@match_com","SurveyManagerService","Scheduling Survey for - KEY_EMA_0730TO0800_CHILD"
"2016-10-29 00:55:58 PDT","I","test2@match_com","SurveyManagerService","Survey KEY_EMA_0730TO0800_CHILD is already scheduled"
"2016-10-29 00:55:58 PDT","I","test2@match_com","SurveyManagerService","Scheduling Survey for - KEY_EMA_0930TO1000_CHILD"
"2016-10-29 00:55:58 PDT","I","test2@match_com","SurveyManagerService","Survey KEY_EMA_0930TO1000_CHILD is already scheduled"
"2016-10-29 00:55:58 PDT","I","test2@match_com","SurveyManagerService","Scheduling Survey for - KEY_EMA_1130TO1200_CHILD"
"2016-10-29 00:55:58 PDT","I","test2@match_com","SurveyManagerService","Survey KEY_EMA_1130TO1200_CHILD is already scheduled"
"2016-10-29 00:55:58 PDT","I","test2@match_com","SurveyManagerService","Scheduling Survey for - KEY_EMA_1330TO1400_CHILD"
"2016-10-29 00:55:58 PDT","I","test2@match_com","SurveyManagerService","Survey KEY_EMA_1330TO1400_CHILD is already scheduled"
"2016-10-29 00:55:58 PDT","I","test2@match_com","SurveyManagerService","Scheduling Survey for - KEY_EMA_1530TO1600_CHILD"
"2016-10-29 00:55:58 PDT","I","test2@match_com","SurveyManagerService","Survey KEY_EMA_1530TO1600_CHILD is already scheduled"
"2016-10-29 00:55:58 PDT","I","test2@match_com","SurveyManagerService","Scheduling Survey for - KEY_EMA_1730TO1800_CHILD"
"2016-10-29 00:55:58 PDT","I","test2@match_com","SurveyManagerService","Survey KEY_EMA_1730TO1800_CHILD is already scheduled"
"2016-10-29 00:55:58 PDT","I","test2@match_com","SurveyManagerService","Scheduling Survey for - KEY_EMA_1930TO2000_CHILD"
"2016-10-29 00:55:58 PDT","I","test2@match_com","SurveyManagerService","Survey KEY_EMA_1930TO2000_CHILD is already scheduled"
"2016-10-29 00:55:58 PDT","I","test2@match_com","SurveyManagerService","Saliva surveys are already scheduled"
"2016-10-29 00:55:58 PDT","I","test2@match_com","SurveyManagerService","Survey KEY_SALIVA_BEDTIME scheduled for Sat Oct 29 21:46:58 PDT 2016"
"2016-10-29 00:55:58 PDT","I","test2@match_com","SurveyManagerService","Survey Schedule for KEY_EMA_0730TO0800_CHILD is Sat Oct 29 07:47:17 PDT 2016"
"2016-10-29 00:55:58 PDT","I","test2@match_com","SurveyManagerService","Still not time to prompt the survey"
"2016-10-29 00:55:58 PDT","I","test2@match_com","SurveyManagerService","Survey Schedule for KEY_EMA_0930TO1000_CHILD is Sat Oct 29 09:57:24 PDT 2016"
"2016-10-29 00:55:58 PDT","I","test2@match_com","SurveyManagerService","Still not time to prompt the survey"
"2016-10-29 00:55:58 PDT","I","test2@match_com","SurveyManagerService","Survey Schedule for KEY_EMA_1130TO1200_CHILD is Sat Oct 29 11:45:10 PDT 2016"
"2016-10-29 00:55:58 PDT","I","test2@match_com","SurveyManagerService","Still not time to prompt the survey"
"2016-10-29 00:55:58 PDT","I","test2@match_com","SurveyManagerService","Survey Schedule for KEY_EMA_1330TO1400_CHILD is Sat Oct 29 13:44:02 PDT 2016"
"2016-10-29 00:55:58 PDT","I","test2@match_com","SurveyManagerService","Still not time to prompt the survey"
"2016-10-29 00:55:58 PDT","I","test2@match_com","SurveyManagerService","Survey Schedule for KEY_EMA_1530TO1600_CHILD is Sat Oct 29 15:33:41 PDT 2016"
"2016-10-29 00:55:58 PDT","I","test2@match_com","SurveyManagerService","Still not time to prompt the survey"
"2016-10-29 00:55:58 PDT","I","test2@match_com","SurveyManagerService","Survey Schedule for KEY_EMA_1730TO1800_CHILD is Sat Oct 29 17:47:43 PDT 2016"
"2016-10-29 00:55:58 PDT","I","test2@match_com","SurveyManagerService","Still not time to prompt the survey"
"2016-10-29 00:55:58 PDT","I","test2@match_com","SurveyManagerService","Survey Schedule for KEY_EMA_1930TO2000_CHILD is Sat Oct 29 19:36:11 PDT 2016"
"2016-10-29 00:55:58 PDT","I","test2@match_com","SurveyManagerService","Still not time to prompt the survey"
"2016-10-29 00:55:58 PDT","I","test2@match_com","SurveyManagerService","KEY_SALIVA_WAKING is scheduled for Sat Oct 29 06:46:56 PDT 2016"
"2016-10-29 00:55:58 PDT","I","test2@match_com","SurveyManagerService","Prompt KEY_SALIVA_WAKING is in the future - Sat Oct 29 06:46:56 PDT 2016"
"2016-10-29 00:55:59 PDT","I","test2@match_com","SurveyManagerService","KEY_SALIVA_WAKING_PLUS_30 is scheduled for Sat Oct 29 07:16:56 PDT 2016"
"2016-10-29 00:55:59 PDT","I","test2@match_com","SurveyManagerService","Prompt KEY_SALIVA_WAKING_PLUS_30 is in the future - Sat Oct 29 07:16:56 PDT 2016"
"2016-10-29 00:55:59 PDT","I","test2@match_com","SurveyManagerService","KEY_SALIVA_AFTERNOON_4TO430_CHILD is scheduled for Sat Oct 29 16:16:27 PDT 2016"
"2016-10-29 00:55:59 PDT","I","test2@match_com","SurveyManagerService","Prompt KEY_SALIVA_AFTERNOON_4TO430_CHILD is in the future - Sat Oct 29 16:16:27 PDT 2016"
"2016-10-29 00:55:59 PDT","I","test2@match_com","SurveyManagerService","KEY_SALIVA_BEDTIME is scheduled for Sat Oct 29 21:46:58 PDT 2016"
"2016-10-29 00:55:59 PDT","I","test2@match_com","SurveyManagerService","Prompt KEY_SALIVA_BEDTIME is in the future - Sat Oct 29 21:46:58 PDT 2016"
"2016-10-29 00:55:59 PDT","I","test2@match_com","MinuteService","Inside onDestroy"
"2016-10-29 00:55:59 PDT","I","test2@match_com","UploadManagerService","Inside onDestroy"
"2016-10-29 00:55:59 PDT","I","test2@match_com","SurveyManagerService","Inside onDestroy"
"2016-10-29 00:55:59 PDT","I","test2@match_com","Zipper","unzipFileWithEncryption"
"2016-10-29 00:55:59 PDT","I","test2@match_com","Zipper","Deleting File - /storage/emulated/0/.MATCH/data/2016-10-29/00-PDT/GPS.csv.zip"
"2016-10-29 00:55:59 PDT","I","test2@match_com","Zipper","zipFileWithEncryption - /storage/emulated/0/.MATCH/data/2016-10-29/00-PDT/GPS.csv"
"2016-10-29 00:55:59 PDT","I","test2@match_com","Zipper","Creating ZipFile - /storage/emulated/0/.MATCH/data/2016-10-29/00-PDT/GPS.csv.zip"
"2016-10-29 00:55:59 PDT","I","test2@match_com","Zipper","Deleting File - /storage/emulated/0/.MATCH/data/2016-10-29/00-PDT/GPS.csv"
"2016-10-29 00:56:01 PDT","I","test2@match_com","UploadManagerService","Inside onCreate"
"2016-10-29 00:56:01 PDT","I","test2@match_com","UploadManagerService","Processing Logs"
"2016-10-29 00:56:01 PDT","I","test2@match_com","UploadManagerService","Processing Logs for Date - /storage/emulated/0/.MATCH/logs/2016-10-26"
"2016-10-29 00:56:01 PDT","I","test2@match_com","UploadManagerService","Processing Logs for Date - /storage/emulated/0/.MATCH/logs/2016-10-27"
"2016-10-29 00:56:01 PDT","I","test2@match_com","UploadManagerService","Processing Logs for Date - /storage/emulated/0/.MATCH/logs/2016-10-28"
"2016-10-29 00:56:01 PDT","I","test2@match_com","UploadManagerService","Processing Logs for Date - /storage/emulated/0/.MATCH/logs/2016-10-29"
"2016-10-29 00:56:01 PDT","I","test2@match_com","UploadManagerService","Processing Surveys"
"2016-10-29 00:56:01 PDT","I","test2@match_com","UploadManagerService","Processing Data files"
"2016-10-29 00:56:01 PDT","I","test2@match_com","UploadManagerService","Processing data for date - /storage/emulated/0/.MATCH/data/2016-10-26"
"2016-10-29 00:56:01 PDT","I","test2@match_com","UploadManagerService","Processing data for hour /storage/emulated/0/.MATCH/data/2016-10-26/19-PDT.zip.uploaded"
"2016-10-29 00:56:01 PDT","I","test2@match_com","UploadManagerService","Processing data for hour /storage/emulated/0/.MATCH/data/2016-10-26/13-PDT.zip.uploaded"
"2016-10-29 00:56:01 PDT","I","test2@match_com","UploadManagerService","Processing data for hour /storage/emulated/0/.MATCH/data/2016-10-26/14-PDT.zip.uploaded"
"2016-10-29 00:56:01 PDT","I","test2@match_com","UploadManagerService","Processing data for hour /storage/emulated/0/.MATCH/data/2016-10-26/15-PDT.zip.uploaded"
"2016-10-29 00:56:01 PDT","I","test2@match_com","UploadManagerService","Processing data for hour /storage/emulated/0/.MATCH/data/2016-10-26/16-PDT.zip.uploaded"
"2016-10-29 00:56:01 PDT","I","test2@match_com","UploadManagerService","Processing data for hour /storage/emulated/0/.MATCH/data/2016-10-26/17-PDT.zip.uploaded"
"2016-10-29 00:56:01 PDT","I","test2@match_com","UploadManagerService","Processing data for hour /storage/emulated/0/.MATCH/data/2016-10-26/21-PDT.zip.uploaded"
"2016-10-29 00:56:01 PDT","I","test2@match_com","UploadManagerService","Processing data for hour /storage/emulated/0/.MATCH/data/2016-10-26/22-PDT.zip.uploaded"
"2016-10-29 00:56:01 PDT","I","test2@match_com","UploadManagerService","Processing data for hour /storage/emulated/0/.MATCH/data/2016-10-26/18-PDT.zip.uploaded"
"2016-10-29 00:56:01 PDT","I","test2@match_com","UploadManagerService","Processing data for hour /storage/emulated/0/.MATCH/data/2016-10-26/20-PDT.zip.uploaded"
"2016-10-29 00:56:01 PDT","I","test2@match_com","UploadManagerService","Processing data for hour /storage/emulated/0/.MATCH/data/2016-10-26/23-PDT.zip.uploaded"
"2016-10-29 00:56:01 PDT","I","test2@match_com","UploadManagerService","Processing data for date - /storage/emulated/0/.MATCH/data/2016-10-27"
"2016-10-29 00:56:01 PDT","I","test2@match_com","UploadManagerService","Processing data for hour /storage/emulated/0/.MATCH/data/2016-10-27/01-PDT.zip.uploaded"
"2016-10-29 00:56:01 PDT","I","test2@match_com","UploadManagerService","Processing data for hour /storage/emulated/0/.MATCH/data/2016-10-27/03-PDT.zip.uploaded"
"2016-10-29 00:56:01 PDT","I","test2@match_com","UploadManagerService","Processing data for hour /storage/emulated/0/.MATCH/data/2016-10-27/04-PDT.zip.uploaded"
"2016-10-29 00:56:01 PDT","I","test2@match_com","UploadManagerService","Processing data for hour /storage/emulated/0/.MATCH/data/2016-10-27/06-PDT.zip.uploaded"
"2016-10-29 00:56:01 PDT","I","test2@match_com","UploadManagerService","Processing data for hour /storage/emulated/0/.MATCH/data/2016-10-27/00-PDT.zip.uploaded"
"2016-10-29 00:56:01 PDT","I","test2@match_com","UploadManagerService","Processing data for hour /storage/emulated/0/.MATCH/data/2016-10-27/02-PDT.zip.uploaded"
"2016-10-29 00:56:01 PDT","I","test2@match_com","UploadManagerService","Processing data for hour /storage/emulated/0/.MATCH/data/2016-10-27/05-PDT.zip.uploaded"
"2016-10-29 00:56:01 PDT","I","test2@match_com","UploadManagerService","Processing data for date - /storage/emulated/0/.MATCH/data/2016-10-28"
"2016-10-29 00:56:01 PDT","I","test2@match_com","UploadManagerService","Processing data for hour /storage/emulated/0/.MATCH/data/2016-10-28/13-PDT.zip"
"2016-10-29 00:56:01 PDT","I","test2@match_com","UploadManagerService","Processing data for hour /storage/emulated/0/.MATCH/data/2016-10-28/14-PDT.zip"
"2016-10-29 00:56:01 PDT","I","test2@match_com","UploadManagerService","Processing data for hour /storage/emulated/0/.MATCH/data/2016-10-28/15-PDT.zip"
"2016-10-29 00:56:01 PDT","I","test2@match_com","UploadManagerService","Processing data for hour /storage/emulated/0/.MATCH/data/2016-10-28/16-PDT.zip"
"2016-10-29 00:56:01 PDT","I","test2@match_com","UploadManagerService","Processing data for hour /storage/emulated/0/.MATCH/data/2016-10-28/17-PDT.zip"
"2016-10-29 00:56:01 PDT","I","test2@match_com","UploadManagerService","Processing data for hour /storage/emulated/0/.MATCH/data/2016-10-28/18-PDT.zip"
"2016-10-29 00:56:01 PDT","I","test2@match_com","UploadManagerService","Processing data for hour /storage/emulated/0/.MATCH/data/2016-10-28/19-PDT.zip"
"2016-10-29 00:56:01 PDT","I","test2@match_com","UploadManagerService","Processing data for hour /storage/emulated/0/.MATCH/data/2016-10-28/20-PDT.zip"
"2016-10-29 00:56:01 PDT","I","test2@match_com","UploadManagerService","Processing data for hour /storage/emulated/0/.MATCH/data/2016-10-28/21-PDT.zip"
"2016-10-29 00:56:01 PDT","I","test2@match_com","UploadManagerService","Processing data for hour /storage/emulated/0/.MATCH/data/2016-10-28/22-PDT.zip"
"2016-10-29 00:56:01 PDT","I","test2@match_com","UploadManagerService","Processing data for hour /storage/emulated/0/.MATCH/data/2016-10-28/23-PDT.zip"
"2016-10-29 00:56:01 PDT","I","test2@match_com","UploadManagerService","Processing data for date - /storage/emulated/0/.MATCH/data/2016-10-29"
"2016-10-29 00:56:01 PDT","I","test2@match_com","UploadManagerService","Processing data for hour /storage/emulated/0/.MATCH/data/2016-10-29/00-PDT"
"2016-10-29 00:56:01 PDT","I","test2@match_com","UploadManagerService","Internet is not connected. Not trying to upload files."
"2016-10-29 00:56:01 PDT","I","test2@match_com","MinuteService","Inside onCreate"
"2016-10-29 00:56:01 PDT","I","test2@match_com","MinuteService","Minute Service Alarm was set by - MinuteService"
"2016-10-29 00:56:01 PDT","I","test2@match_com","MinuteService","Time since previous run - 3"
"2016-10-29 00:56:01 PDT","I","test2@match_com","MinuteService","Previous run within last 50 seconds, ignoring this run"
"2016-10-29 00:56:01 PDT","I","test2@match_com","UploadManagerService","Inside onDestroy"
"2016-10-29 00:56:01 PDT","I","test2@match_com","MinuteService","Inside onDestroy"
"2016-10-29 00:56:03 PDT","I","test2@match_com","BackupMinuteService","Inside onCreate"
"2016-10-29 00:56:03 PDT","I","test2@match_com","Util","Inside setBackupMinuteServiceAlarm"
"2016-10-29 00:56:03 PDT","I","test2@match_com","Util","BackupMinuteService last run at - Sat Oct 29 00:56:03 PDT 2016"
"2016-10-29 00:56:03 PDT","I","test2@match_com","Util","BackupMinuteService next run at - Sat Oct 29 00:57:03 PDT 2016"
"2016-10-29 00:56:03 PDT","I","test2@match_com","MinuteService","Inside onCreate"
"2016-10-29 00:56:03 PDT","I","test2@match_com","MinuteService","Minute Service Alarm was set by - MinuteService"
"2016-10-29 00:56:03 PDT","I","test2@match_com","MinuteService","Time since previous run - 5"
"2016-10-29 00:56:03 PDT","I","test2@match_com","MinuteService","Previous run within last 50 seconds, ignoring this run"
"2016-10-29 00:56:03 PDT","I","test2@match_com","BackupMinuteService","Inside onDestroy"
"2016-10-29 00:56:03 PDT","I","test2@match_com","MinuteService","Inside onDestroy"
"2016-10-29 00:56:03 PDT","I","test2@match_com","AlwaysOnService","Received Intent - android.intent.action.TIME_TICK"
"2016-10-29 00:56:05 PDT","I","test2@match_com","AlwaysOnService","Received Intent - android.intent.action.BATTERY_CHANGED"
"2016-10-29 00:56:58 PDT","I","test2@match_com","MinuteService","Inside onCreate"
"2016-10-29 00:56:58 PDT","I","test2@match_com","MinuteService","Minute Service Alarm was set by - MinuteService"
"2016-10-29 00:56:58 PDT","I","test2@match_com","MinuteService","Time since previous run - 60"
"2016-10-29 00:56:58 PDT","I","test2@match_com","MinuteService","Setting Minute Service Last Run"
"2016-10-29 00:56:58 PDT","I","test2@match_com","MinuteService","Setting Minute Service Alarm"
"2016-10-29 00:56:58 PDT","I","test2@match_com","Util","Inside setMinuteServiceAlarmFromMinuteService"
"2016-10-29 00:56:58 PDT","I","test2@match_com","Util","MinuteService last run at - Sat Oct 29 00:56:58 PDT 2016"
"2016-10-29 00:56:58 PDT","I","test2@match_com","Util","MinuteService next run at - Sat Oct 29 00:57:58 PDT 2016"
"2016-10-29 00:56:58 PDT","I","test2@match_com","MinuteService","Setting Minute Service Backup Alarm"
"2016-10-29 00:56:58 PDT","I","test2@match_com","Util","Inside setBackupMinuteServiceAlarm"
"2016-10-29 00:56:58 PDT","I","test2@match_com","Util","BackupMinuteService last run at - Sat Oct 29 00:56:03 PDT 2016"
"2016-10-29 00:56:58 PDT","I","test2@match_com","Util","BackupMinuteService next run at - Sat Oct 29 00:57:03 PDT 2016"
"2016-10-29 00:56:58 PDT","I","test2@match_com","MinuteService","Initializing MATCHConstants"
"2016-10-29 00:56:58 PDT","I","test2@match_com","MinuteService","Notifying user about minute service run"
"2016-10-29 00:56:58 PDT","I","test2@match_com","MinuteService","Writing status to Firebase Database"
"2016-10-29 00:56:58 PDT","I","test2@match_com","MinuteService","Logging Network Status"
"2016-10-29 00:56:58 PDT","I","test2@match_com","ConnectivityManager","isConnected - false - isWifi - false - isMobileInternet - false"
"2016-10-29 00:56:58 PDT","I","test2@match_com","MinuteService","Logging Battery Status"
"2016-10-29 00:56:58 PDT","I","test2@match_com","BatteryManager","Percentage - 94 - isCharging - true - isUSBCharging - false - isACCharging - true - isWirelessCharging - false"
"2016-10-29 00:56:58 PDT","I","test2@match_com","MinuteService","Logging Memory Status"
"2016-10-29 00:56:58 PDT","I","test2@match_com","MemoryManager","Total Memory,898,Available Memory,412,Threshold Memory,144,IsLowMemory,false"
"2016-10-29 00:56:58 PDT","I","test2@match_com","MinuteService","Logging Storage Status"
"2016-10-29 00:56:58 PDT","I","test2@match_com","StorageManager","Internal Total,2247,Internal Free,589,External Total,4637,External Free,3935"
"2016-10-29 00:56:58 PDT","I","test2@match_com","MinuteService","Logging Power Status"
"2016-10-29 00:56:58 PDT","I","test2@match_com","PowerManager","isDeviceIdleMode - false - isInteractive - false - isPowerSaveMode - false - isSustainedPerformanceModeSupported - false"
"2016-10-29 00:56:58 PDT","I","test2@match_com","MinuteService","Logging Notifications Status"
"2016-10-29 00:56:58 PDT","I","test2@match_com","NotificationManager","AreNotificationsEnabled - true - Importance - Unspecified"
"2016-10-29 00:56:58 PDT","I","test2@match_com","MinuteService","Logging Location"
"2016-10-29 00:56:58 PDT","I","test2@match_com","MinuteService","Fetching latest study data"
"2016-10-29 00:56:58 PDT","I","test2@match_com","MinuteService","Starting UploadManagerService"
"2016-10-29 00:56:58 PDT","I","test2@match_com","MinuteService","Starting SurveyManagerService"
"2016-10-29 00:56:58 PDT","I","test2@match_com","UploadManagerService","Inside onCreate"
"2016-10-29 00:56:58 PDT","I","test2@match_com","UploadManagerService","Processing Logs"
"2016-10-29 00:56:58 PDT","I","test2@match_com","UploadManagerService","Processing Logs for Date - /storage/emulated/0/.MATCH/logs/2016-10-26"
"2016-10-29 00:56:58 PDT","I","test2@match_com","UploadManagerService","Processing Logs for Date - /storage/emulated/0/.MATCH/logs/2016-10-27"
"2016-10-29 00:56:58 PDT","I","test2@match_com","UploadManagerService","Processing Logs for Date - /storage/emulated/0/.MATCH/logs/2016-10-28"
"2016-10-29 00:56:58 PDT","I","test2@match_com","UploadManagerService","Processing Logs for Date - /storage/emulated/0/.MATCH/logs/2016-10-29"
"2016-10-29 00:56:58 PDT","I","test2@match_com","UploadManagerService","Processing Surveys"
"2016-10-29 00:56:58 PDT","I","test2@match_com","UploadManagerService","Processing Data files"
"2016-10-29 00:56:58 PDT","I","test2@match_com","UploadManagerService","Processing data for date - /storage/emulated/0/.MATCH/data/2016-10-26"
"2016-10-29 00:56:58 PDT","I","test2@match_com","UploadManagerService","Processing data for hour /storage/emulated/0/.MATCH/data/2016-10-26/19-PDT.zip.uploaded"
"2016-10-29 00:56:58 PDT","I","test2@match_com","UploadManagerService","Processing data for hour /storage/emulated/0/.MATCH/data/2016-10-26/13-PDT.zip.uploaded"
"2016-10-29 00:56:58 PDT","I","test2@match_com","UploadManagerService","Processing data for hour /storage/emulated/0/.MATCH/data/2016-10-26/14-PDT.zip.uploaded"
"2016-10-29 00:56:58 PDT","I","test2@match_com","UploadManagerService","Processing data for hour /storage/emulated/0/.MATCH/data/2016-10-26/15-PDT.zip.uploaded"
"2016-10-29 00:56:58 PDT","I","test2@match_com","UploadManagerService","Processing data for hour /storage/emulated/0/.MATCH/data/2016-10-26/16-PDT.zip.uploaded"
"2016-10-29 00:56:58 PDT","I","test2@match_com","UploadManagerService","Processing data for hour /storage/emulated/0/.MATCH/data/2016-10-26/17-PDT.zip.uploaded"
"2016-10-29 00:56:58 PDT","I","test2@match_com","UploadManagerService","Processing data for hour /storage/emulated/0/.MATCH/data/2016-10-26/21-PDT.zip.uploaded"
"2016-10-29 00:56:58 PDT","I","test2@match_com","UploadManagerService","Processing data for hour /storage/emulated/0/.MATCH/data/2016-10-26/22-PDT.zip.uploaded"
"2016-10-29 00:56:58 PDT","I","test2@match_com","UploadManagerService","Processing data for hour /storage/emulated/0/.MATCH/data/2016-10-26/18-PDT.zip.uploaded"
"2016-10-29 00:56:58 PDT","I","test2@match_com","UploadManagerService","Processing data for hour /storage/emulated/0/.MATCH/data/2016-10-26/20-PDT.zip.uploaded"
"2016-10-29 00:56:58 PDT","I","test2@match_com","UploadManagerService","Processing data for hour /storage/emulated/0/.MATCH/data/2016-10-26/23-PDT.zip.uploaded"
"2016-10-29 00:56:58 PDT","I","test2@match_com","UploadManagerService","Processing data for date - /storage/emulated/0/.MATCH/data/2016-10-27"
"2016-10-29 00:56:58 PDT","I","test2@match_com","UploadManagerService","Processing data for hour /storage/emulated/0/.MATCH/data/2016-10-27/01-PDT.zip.uploaded"
"2016-10-29 00:56:58 PDT","I","test2@match_com","UploadManagerService","Processing data for hour /storage/emulated/0/.MATCH/data/2016-10-27/03-PDT.zip.uploaded"
"2016-10-29 00:56:58 PDT","I","test2@match_com","UploadManagerService","Processing data for hour /storage/emulated/0/.MATCH/data/2016-10-27/04-PDT.zip.uploaded"
"2016-10-29 00:56:58 PDT","I","test2@match_com","UploadManagerService","Processing data for hour /storage/emulated/0/.MATCH/data/2016-10-27/06-PDT.zip.uploaded"
"2016-10-29 00:56:58 PDT","I","test2@match_com","UploadManagerService","Processing data for hour /storage/emulated/0/.MATCH/data/2016-10-27/00-PDT.zip.uploaded"
"2016-10-29 00:56:58 PDT","I","test2@match_com","UploadManagerService","Processing data for hour /storage/emulated/0/.MATCH/data/2016-10-27/02-PDT.zip.uploaded"
"2016-10-29 00:56:58 PDT","I","test2@match_com","UploadManagerService","Processing data for hour /storage/emulated/0/.MATCH/data/2016-10-27/05-PDT.zip.uploaded"
"2016-10-29 00:56:58 PDT","I","test2@match_com","UploadManagerService","Processing data for date - /storage/emulated/0/.MATCH/data/2016-10-28"
"2016-10-29 00:56:58 PDT","I","test2@match_com","UploadManagerService","Processing data for hour /storage/emulated/0/.MATCH/data/2016-10-28/13-PDT.zip"
"2016-10-29 00:56:58 PDT","I","test2@match_com","UploadManagerService","Processing data for hour /storage/emulated/0/.MATCH/data/2016-10-28/14-PDT.zip"
"2016-10-29 00:56:58 PDT","I","test2@match_com","UploadManagerService","Processing data for hour /storage/emulated/0/.MATCH/data/2016-10-28/15-PDT.zip"
"2016-10-29 00:56:58 PDT","I","test2@match_com","UploadManagerService","Processing data for hour /storage/emulated/0/.MATCH/data/2016-10-28/16-PDT.zip"
"2016-10-29 00:56:58 PDT","I","test2@match_com","UploadManagerService","Processing data for hour /storage/emulated/0/.MATCH/data/2016-10-28/17-PDT.zip"
"2016-10-29 00:56:58 PDT","I","test2@match_com","UploadManagerService","Processing data for hour /storage/emulated/0/.MATCH/data/2016-10-28/18-PDT.zip"
"2016-10-29 00:56:58 PDT","I","test2@match_com","UploadManagerService","Processing data for hour /storage/emulated/0/.MATCH/data/2016-10-28/19-PDT.zip"
"2016-10-29 00:56:58 PDT","I","test2@match_com","UploadManagerService","Processing data for hour /storage/emulated/0/.MATCH/data/2016-10-28/20-PDT.zip"
"2016-10-29 00:56:58 PDT","I","test2@match_com","UploadManagerService","Processing data for hour /storage/emulated/0/.MATCH/data/2016-10-28/21-PDT.zip"
"2016-10-29 00:56:58 PDT","I","test2@match_com","UploadManagerService","Processing data for hour /storage/emulated/0/.MATCH/data/2016-10-28/22-PDT.zip"
"2016-10-29 00:56:58 PDT","I","test2@match_com","UploadManagerService","Processing data for hour /storage/emulated/0/.MATCH/data/2016-10-28/23-PDT.zip"
"2016-10-29 00:56:58 PDT","I","test2@match_com","UploadManagerService","Processing data for date - /storage/emulated/0/.MATCH/data/2016-10-29"
"2016-10-29 00:56:58 PDT","I","test2@match_com","UploadManagerService","Processing data for hour /storage/emulated/0/.MATCH/data/2016-10-29/00-PDT"
"2016-10-29 00:56:58 PDT","I","test2@match_com","UploadManagerService","Internet is not connected. Not trying to upload files."
"2016-10-29 00:56:58 PDT","I","test2@match_com","SurveyManagerService","Inside onCreate"
"2016-10-29 00:56:58 PDT","I","test2@match_com","SurveyManagerService","Current time is - Sat Oct 29 00:56:58 PDT 2016"
"2016-10-29 00:56:58 PDT","I","test2@match_com","SurveyManagerService","Start Date is - Tue Oct 25 19:00:00 PDT 2016"
"2016-10-29 00:56:58 PDT","I","test2@match_com","SurveyManagerService","End Date is - Tue Nov 01 16:00:00 PDT 2016"
"2016-10-29 00:56:58 PDT","I","test2@match_com","SurveyManagerService","Scheduling Survey for - KEY_EMA_0730TO0800_CHILD"
"2016-10-29 00:56:58 PDT","I","test2@match_com","SurveyManagerService","Survey KEY_EMA_0730TO0800_CHILD is already scheduled"
"2016-10-29 00:56:58 PDT","I","test2@match_com","SurveyManagerService","Scheduling Survey for - KEY_EMA_0930TO1000_CHILD"
"2016-10-29 00:56:58 PDT","I","test2@match_com","SurveyManagerService","Survey KEY_EMA_0930TO1000_CHILD is already scheduled"
"2016-10-29 00:56:58 PDT","I","test2@match_com","SurveyManagerService","Scheduling Survey for - KEY_EMA_1130TO1200_CHILD"
"2016-10-29 00:56:58 PDT","I","test2@match_com","SurveyManagerService","Survey KEY_EMA_1130TO1200_CHILD is already scheduled"
"2016-10-29 00:56:58 PDT","I","test2@match_com","SurveyManagerService","Scheduling Survey for - KEY_EMA_1330TO1400_CHILD"
"2016-10-29 00:56:58 PDT","I","test2@match_com","SurveyManagerService","Survey KEY_EMA_1330TO1400_CHILD is already scheduled"
"2016-10-29 00:56:58 PDT","I","test2@match_com","SurveyManagerService","Scheduling Survey for - KEY_EMA_1530TO1600_CHILD"
"2016-10-29 00:56:58 PDT","I","test2@match_com","SurveyManagerService","Survey KEY_EMA_1530TO1600_CHILD is already scheduled"
"2016-10-29 00:56:58 PDT","I","test2@match_com","SurveyManagerService","Scheduling Survey for - KEY_EMA_1730TO1800_CHILD"
"2016-10-29 00:56:58 PDT","I","test2@match_com","SurveyManagerService","Survey KEY_EMA_1730TO1800_CHILD is already scheduled"
"2016-10-29 00:56:58 PDT","I","test2@match_com","SurveyManagerService","Scheduling Survey for - KEY_EMA_1930TO2000_CHILD"
"2016-10-29 00:56:58 PDT","I","test2@match_com","SurveyManagerService","Survey KEY_EMA_1930TO2000_CHILD is already scheduled"
"2016-10-29 00:56:58 PDT","I","test2@match_com","SurveyManagerService","Saliva surveys are already scheduled"
"2016-10-29 00:56:58 PDT","I","test2@match_com","SurveyManagerService","Survey KEY_SALIVA_BEDTIME scheduled for Sat Oct 29 21:46:58 PDT 2016"
"2016-10-29 00:56:58 PDT","I","test2@match_com","SurveyManagerService","Survey Schedule for KEY_EMA_0730TO0800_CHILD is Sat Oct 29 07:47:17 PDT 2016"
"2016-10-29 00:56:58 PDT","I","test2@match_com","SurveyManagerService","Still not time to prompt the survey"
"2016-10-29 00:56:58 PDT","I","test2@match_com","SurveyManagerService","Survey Schedule for KEY_EMA_0930TO1000_CHILD is Sat Oct 29 09:57:24 PDT 2016"
"2016-10-29 00:56:58 PDT","I","test2@match_com","SurveyManagerService","Still not time to prompt the survey"
"2016-10-29 00:56:58 PDT","I","test2@match_com","SurveyManagerService","Survey Schedule for KEY_EMA_1130TO1200_CHILD is Sat Oct 29 11:45:10 PDT 2016"
"2016-10-29 00:56:58 PDT","I","test2@match_com","SurveyManagerService","Still not time to prompt the survey"
"2016-10-29 00:56:58 PDT","I","test2@match_com","SurveyManagerService","Survey Schedule for KEY_EMA_1330TO1400_CHILD is Sat Oct 29 13:44:02 PDT 2016"
"2016-10-29 00:56:58 PDT","I","test2@match_com","SurveyManagerService","Still not time to prompt the survey"
"2016-10-29 00:56:58 PDT","I","test2@match_com","SurveyManagerService","Survey Schedule for KEY_EMA_1530TO1600_CHILD is Sat Oct 29 15:33:41 PDT 2016"
"2016-10-29 00:56:58 PDT","I","test2@match_com","SurveyManagerService","Still not time to prompt the survey"
"2016-10-29 00:56:58 PDT","I","test2@match_com","SurveyManagerService","Survey Schedule for KEY_EMA_1730TO1800_CHILD is Sat Oct 29 17:47:43 PDT 2016"
"2016-10-29 00:56:58 PDT","I","test2@match_com","SurveyManagerService","Still not time to prompt the survey"
"2016-10-29 00:56:58 PDT","I","test2@match_com","SurveyManagerService","Survey Schedule for KEY_EMA_1930TO2000_CHILD is Sat Oct 29 19:36:11 PDT 2016"
"2016-10-29 00:56:58 PDT","I","test2@match_com","SurveyManagerService","Still not time to prompt the survey"
"2016-10-29 00:56:58 PDT","I","test2@match_com","SurveyManagerService","KEY_SALIVA_WAKING is scheduled for Sat Oct 29 06:46:56 PDT 2016"
"2016-10-29 00:56:58 PDT","I","test2@match_com","SurveyManagerService","Prompt KEY_SALIVA_WAKING is in the future - Sat Oct 29 06:46:56 PDT 2016"
"2016-10-29 00:56:58 PDT","I","test2@match_com","SurveyManagerService","KEY_SALIVA_WAKING_PLUS_30 is scheduled for Sat Oct 29 07:16:56 PDT 2016"
"2016-10-29 00:56:58 PDT","I","test2@match_com","SurveyManagerService","Prompt KEY_SALIVA_WAKING_PLUS_30 is in the future - Sat Oct 29 07:16:56 PDT 2016"
"2016-10-29 00:56:58 PDT","I","test2@match_com","SurveyManagerService","KEY_SALIVA_AFTERNOON_4TO430_CHILD is scheduled for Sat Oct 29 16:16:27 PDT 2016"
"2016-10-29 00:56:58 PDT","I","test2@match_com","SurveyManagerService","Prompt KEY_SALIVA_AFTERNOON_4TO430_CHILD is in the future - Sat Oct 29 16:16:27 PDT 2016"
"2016-10-29 00:56:58 PDT","I","test2@match_com","SurveyManagerService","KEY_SALIVA_BEDTIME is scheduled for Sat Oct 29 21:46:58 PDT 2016"
"2016-10-29 00:56:58 PDT","I","test2@match_com","SurveyManagerService","Prompt KEY_SALIVA_BEDTIME is in the future - Sat Oct 29 21:46:58 PDT 2016"
"2016-10-29 00:56:58 PDT","I","test2@match_com","MinuteService","Inside onDestroy"
"2016-10-29 00:56:58 PDT","I","test2@match_com","UploadManagerService","Inside onDestroy"
"2016-10-29 00:56:58 PDT","I","test2@match_com","SurveyManagerService","Inside onDestroy"
"2016-10-29 00:56:58 PDT","I","test2@match_com","Zipper","unzipFileWithEncryption"
"2016-10-29 00:56:59 PDT","I","test2@match_com","Zipper","Deleting File - /storage/emulated/0/.MATCH/data/2016-10-29/00-PDT/GPS.csv.zip"
"2016-10-29 00:56:59 PDT","I","test2@match_com","Zipper","zipFileWithEncryption - /storage/emulated/0/.MATCH/data/2016-10-29/00-PDT/GPS.csv"
"2016-10-29 00:56:59 PDT","I","test2@match_com","Zipper","Creating ZipFile - /storage/emulated/0/.MATCH/data/2016-10-29/00-PDT/GPS.csv.zip"
"2016-10-29 00:56:59 PDT","I","test2@match_com","Zipper","Deleting File - /storage/emulated/0/.MATCH/data/2016-10-29/00-PDT/GPS.csv"
"2016-10-29 00:57:01 PDT","I","test2@match_com","UploadManagerService","Inside onCreate"
"2016-10-29 00:57:01 PDT","I","test2@match_com","UploadManagerService","Processing Logs"
"2016-10-29 00:57:01 PDT","I","test2@match_com","UploadManagerService","Processing Logs for Date - /storage/emulated/0/.MATCH/logs/2016-10-26"
"2016-10-29 00:57:01 PDT","I","test2@match_com","UploadManagerService","Processing Logs for Date - /storage/emulated/0/.MATCH/logs/2016-10-27"
"2016-10-29 00:57:01 PDT","I","test2@match_com","UploadManagerService","Processing Logs for Date - /storage/emulated/0/.MATCH/logs/2016-10-28"
"2016-10-29 00:57:01 PDT","I","test2@match_com","UploadManagerService","Processing Logs for Date - /storage/emulated/0/.MATCH/logs/2016-10-29"
"2016-10-29 00:57:01 PDT","I","test2@match_com","UploadManagerService","Processing Surveys"
"2016-10-29 00:57:01 PDT","I","test2@match_com","UploadManagerService","Processing Data files"
"2016-10-29 00:57:01 PDT","I","test2@match_com","UploadManagerService","Processing data for date - /storage/emulated/0/.MATCH/data/2016-10-26"
"2016-10-29 00:57:01 PDT","I","test2@match_com","UploadManagerService","Processing data for hour /storage/emulated/0/.MATCH/data/2016-10-26/19-PDT.zip.uploaded"
"2016-10-29 00:57:01 PDT","I","test2@match_com","UploadManagerService","Processing data for hour /storage/emulated/0/.MATCH/data/2016-10-26/13-PDT.zip.uploaded"
"2016-10-29 00:57:01 PDT","I","test2@match_com","UploadManagerService","Processing data for hour /storage/emulated/0/.MATCH/data/2016-10-26/14-PDT.zip.uploaded"
"2016-10-29 00:57:01 PDT","I","test2@match_com","UploadManagerService","Processing data for hour /storage/emulated/0/.MATCH/data/2016-10-26/15-PDT.zip.uploaded"
"2016-10-29 00:57:01 PDT","I","test2@match_com","UploadManagerService","Processing data for hour /storage/emulated/0/.MATCH/data/2016-10-26/16-PDT.zip.uploaded"
"2016-10-29 00:57:01 PDT","I","test2@match_com","UploadManagerService","Processing data for hour /storage/emulated/0/.MATCH/data/2016-10-26/17-PDT.zip.uploaded"
"2016-10-29 00:57:01 PDT","I","test2@match_com","UploadManagerService","Processing data for hour /storage/emulated/0/.MATCH/data/2016-10-26/21-PDT.zip.uploaded"
"2016-10-29 00:57:01 PDT","I","test2@match_com","UploadManagerService","Processing data for hour /storage/emulated/0/.MATCH/data/2016-10-26/22-PDT.zip.uploaded"
"2016-10-29 00:57:01 PDT","I","test2@match_com","UploadManagerService","Processing data for hour /storage/emulated/0/.MATCH/data/2016-10-26/18-PDT.zip.uploaded"
"2016-10-29 00:57:01 PDT","I","test2@match_com","UploadManagerService","Processing data for hour /storage/emulated/0/.MATCH/data/2016-10-26/20-PDT.zip.uploaded"
"2016-10-29 00:57:01 PDT","I","test2@match_com","UploadManagerService","Processing data for hour /storage/emulated/0/.MATCH/data/2016-10-26/23-PDT.zip.uploaded"
"2016-10-29 00:57:01 PDT","I","test2@match_com","UploadManagerService","Processing data for date - /storage/emulated/0/.MATCH/data/2016-10-27"
"2016-10-29 00:57:01 PDT","I","test2@match_com","UploadManagerService","Processing data for hour /storage/emulated/0/.MATCH/data/2016-10-27/01-PDT.zip.uploaded"
"2016-10-29 00:57:01 PDT","I","test2@match_com","UploadManagerService","Processing data for hour /storage/emulated/0/.MATCH/data/2016-10-27/03-PDT.zip.uploaded"
"2016-10-29 00:57:01 PDT","I","test2@match_com","UploadManagerService","Processing data for hour /storage/emulated/0/.MATCH/data/2016-10-27/04-PDT.zip.uploaded"
"2016-10-29 00:57:01 PDT","I","test2@match_com","UploadManagerService","Processing data for hour /storage/emulated/0/.MATCH/data/2016-10-27/06-PDT.zip.uploaded"
"2016-10-29 00:57:01 PDT","I","test2@match_com","UploadManagerService","Processing data for hour /storage/emulated/0/.MATCH/data/2016-10-27/00-PDT.zip.uploaded"
"2016-10-29 00:57:01 PDT","I","test2@match_com","UploadManagerService","Processing data for hour /storage/emulated/0/.MATCH/data/2016-10-27/02-PDT.zip.uploaded"
"2016-10-29 00:57:01 PDT","I","test2@match_com","UploadManagerService","Processing data for hour /storage/emulated/0/.MATCH/data/2016-10-27/05-PDT.zip.uploaded"
"2016-10-29 00:57:01 PDT","I","test2@match_com","UploadManagerService","Processing data for date - /storage/emulated/0/.MATCH/data/2016-10-28"
"2016-10-29 00:57:01 PDT","I","test2@match_com","UploadManagerService","Processing data for hour /storage/emulated/0/.MATCH/data/2016-10-28/13-PDT.zip"
"2016-10-29 00:57:01 PDT","I","test2@match_com","UploadManagerService","Processing data for hour /storage/emulated/0/.MATCH/data/2016-10-28/14-PDT.zip"
"2016-10-29 00:57:01 PDT","I","test2@match_com","UploadManagerService","Processing data for hour /storage/emulated/0/.MATCH/data/2016-10-28/15-PDT.zip"
"2016-10-29 00:57:01 PDT","I","test2@match_com","UploadManagerService","Processing data for hour /storage/emulated/0/.MATCH/data/2016-10-28/16-PDT.zip"
"2016-10-29 00:57:01 PDT","I","test2@match_com","UploadManagerService","Processing data for hour /storage/emulated/0/.MATCH/data/2016-10-28/17-PDT.zip"
"2016-10-29 00:57:01 PDT","I","test2@match_com","UploadManagerService","Processing data for hour /storage/emulated/0/.MATCH/data/2016-10-28/18-PDT.zip"
"2016-10-29 00:57:01 PDT","I","test2@match_com","UploadManagerService","Processing data for hour /storage/emulated/0/.MATCH/data/2016-10-28/19-PDT.zip"
"2016-10-29 00:57:01 PDT","I","test2@match_com","UploadManagerService","Processing data for hour /storage/emulated/0/.MATCH/data/2016-10-28/20-PDT.zip"
"2016-10-29 00:57:01 PDT","I","test2@match_com","UploadManagerService","Processing data for hour /storage/emulated/0/.MATCH/data/2016-10-28/21-PDT.zip"
"2016-10-29 00:57:01 PDT","I","test2@match_com","UploadManagerService","Processing data for hour /storage/emulated/0/.MATCH/data/2016-10-28/22-PDT.zip"
"2016-10-29 00:57:01 PDT","I","test2@match_com","UploadManagerService","Processing data for hour /storage/emulated/0/.MATCH/data/2016-10-28/23-PDT.zip"
"2016-10-29 00:57:01 PDT","I","test2@match_com","UploadManagerService","Processing data for date - /storage/emulated/0/.MATCH/data/2016-10-29"
"2016-10-29 00:57:01 PDT","I","test2@match_com","UploadManagerService","Processing data for hour /storage/emulated/0/.MATCH/data/2016-10-29/00-PDT"
"2016-10-29 00:57:01 PDT","I","test2@match_com","UploadManagerService","Internet is not connected. Not trying to upload files."
"2016-10-29 00:57:01 PDT","I","test2@match_com","MinuteService","Inside onCreate"
"2016-10-29 00:57:01 PDT","I","test2@match_com","MinuteService","Minute Service Alarm was set by - MinuteService"
"2016-10-29 00:57:01 PDT","I","test2@match_com","MinuteService","Time since previous run - 3"
"2016-10-29 00:57:01 PDT","I","test2@match_com","MinuteService","Previous run within last 50 seconds, ignoring this run"
"2016-10-29 00:57:01 PDT","I","test2@match_com","UploadManagerService","Inside onDestroy"
"2016-10-29 00:57:01 PDT","I","test2@match_com","MinuteService","Inside onDestroy"
"2016-10-29 00:57:03 PDT","I","test2@match_com","BackupMinuteService","Inside onCreate"
"2016-10-29 00:57:03 PDT","I","test2@match_com","Util","Inside setBackupMinuteServiceAlarm"
"2016-10-29 00:57:03 PDT","I","test2@match_com","Util","BackupMinuteService last run at - Sat Oct 29 00:57:03 PDT 2016"
"2016-10-29 00:57:03 PDT","I","test2@match_com","Util","BackupMinuteService next run at - Sat Oct 29 00:58:03 PDT 2016"
"2016-10-29 00:57:03 PDT","I","test2@match_com","MinuteService","Inside onCreate"
"2016-10-29 00:57:03 PDT","I","test2@match_com","MinuteService","Minute Service Alarm was set by - MinuteService"
"2016-10-29 00:57:03 PDT","I","test2@match_com","MinuteService","Time since previous run - 5"
"2016-10-29 00:57:03 PDT","I","test2@match_com","MinuteService","Previous run within last 50 seconds, ignoring this run"
"2016-10-29 00:57:03 PDT","I","test2@match_com","BackupMinuteService","Inside onDestroy"
"2016-10-29 00:57:03 PDT","I","test2@match_com","MinuteService","Inside onDestroy"
"2016-10-29 00:57:03 PDT","I","test2@match_com","AlwaysOnService","Received Intent - android.intent.action.TIME_TICK"
"2016-10-29 00:57:23 PDT","I","test2@match_com","AlwaysOnService","Received Intent - android.intent.action.BATTERY_CHANGED"
"2016-10-29 00:57:58 PDT","I","test2@match_com","MinuteService","Inside onCreate"
"2016-10-29 00:57:58 PDT","I","test2@match_com","MinuteService","Minute Service Alarm was set by - MinuteService"
"2016-10-29 00:57:58 PDT","I","test2@match_com","MinuteService","Time since previous run - 60"
"2016-10-29 00:57:58 PDT","I","test2@match_com","MinuteService","Setting Minute Service Last Run"
"2016-10-29 00:57:58 PDT","I","test2@match_com","MinuteService","Setting Minute Service Alarm"
"2016-10-29 00:57:58 PDT","I","test2@match_com","Util","Inside setMinuteServiceAlarmFromMinuteService"
"2016-10-29 00:57:58 PDT","I","test2@match_com","Util","MinuteService last run at - Sat Oct 29 00:57:58 PDT 2016"
"2016-10-29 00:57:58 PDT","I","test2@match_com","Util","MinuteService next run at - Sat Oct 29 00:58:58 PDT 2016"
"2016-10-29 00:57:58 PDT","I","test2@match_com","MinuteService","Setting Minute Service Backup Alarm"
"2016-10-29 00:57:58 PDT","I","test2@match_com","Util","Inside setBackupMinuteServiceAlarm"
"2016-10-29 00:57:58 PDT","I","test2@match_com","Util","BackupMinuteService last run at - Sat Oct 29 00:57:03 PDT 2016"
"2016-10-29 00:57:58 PDT","I","test2@match_com","Util","BackupMinuteService next run at - Sat Oct 29 00:58:03 PDT 2016"
"2016-10-29 00:57:58 PDT","I","test2@match_com","MinuteService","Initializing MATCHConstants"
"2016-10-29 00:57:58 PDT","I","test2@match_com","MinuteService","Notifying user about minute service run"
"2016-10-29 00:57:58 PDT","I","test2@match_com","MinuteService","Writing status to Firebase Database"
"2016-10-29 00:57:58 PDT","I","test2@match_com","MinuteService","Logging Network Status"
"2016-10-29 00:57:58 PDT","I","test2@match_com","ConnectivityManager","isConnected - false - isWifi - false - isMobileInternet - false"
"2016-10-29 00:57:58 PDT","I","test2@match_com","MinuteService","Logging Battery Status"
"2016-10-29 00:57:58 PDT","I","test2@match_com","BatteryManager","Percentage - 94 - isCharging - true - isUSBCharging - false - isACCharging - true - isWirelessCharging - false"
"2016-10-29 00:57:58 PDT","I","test2@match_com","MinuteService","Logging Memory Status"
"2016-10-29 00:57:58 PDT","I","test2@match_com","MemoryManager","Total Memory,898,Available Memory,413,Threshold Memory,144,IsLowMemory,false"
"2016-10-29 00:57:58 PDT","I","test2@match_com","MinuteService","Logging Storage Status"
"2016-10-29 00:57:58 PDT","I","test2@match_com","StorageManager","Internal Total,2247,Internal Free,589,External Total,4637,External Free,3935"
"2016-10-29 00:57:58 PDT","I","test2@match_com","MinuteService","Logging Power Status"
"2016-10-29 00:57:58 PDT","I","test2@match_com","PowerManager","isDeviceIdleMode - false - isInteractive - false - isPowerSaveMode - false - isSustainedPerformanceModeSupported - false"
"2016-10-29 00:57:58 PDT","I","test2@match_com","MinuteService","Logging Notifications Status"
"2016-10-29 00:57:58 PDT","I","test2@match_com","NotificationManager","AreNotificationsEnabled - true - Importance - Unspecified"
"2016-10-29 00:57:58 PDT","I","test2@match_com","MinuteService","Logging Location"
"2016-10-29 00:57:58 PDT","I","test2@match_com","MinuteService","Fetching latest study data"
"2016-10-29 00:57:58 PDT","I","test2@match_com","MinuteService","Starting UploadManagerService"
"2016-10-29 00:57:58 PDT","I","test2@match_com","MinuteService","Starting SurveyManagerService"
"2016-10-29 00:57:58 PDT","I","test2@match_com","UploadManagerService","Inside onCreate"
"2016-10-29 00:57:58 PDT","I","test2@match_com","UploadManagerService","Processing Logs"
"2016-10-29 00:57:58 PDT","I","test2@match_com","UploadManagerService","Processing Logs for Date - /storage/emulated/0/.MATCH/logs/2016-10-26"
"2016-10-29 00:57:58 PDT","I","test2@match_com","UploadManagerService","Processing Logs for Date - /storage/emulated/0/.MATCH/logs/2016-10-27"
"2016-10-29 00:57:58 PDT","I","test2@match_com","UploadManagerService","Processing Logs for Date - /storage/emulated/0/.MATCH/logs/2016-10-28"
"2016-10-29 00:57:58 PDT","I","test2@match_com","UploadManagerService","Processing Logs for Date - /storage/emulated/0/.MATCH/logs/2016-10-29"
"2016-10-29 00:57:58 PDT","I","test2@match_com","UploadManagerService","Processing Surveys"
"2016-10-29 00:57:58 PDT","I","test2@match_com","UploadManagerService","Processing Data files"
"2016-10-29 00:57:58 PDT","I","test2@match_com","UploadManagerService","Processing data for date - /storage/emulated/0/.MATCH/data/2016-10-26"
"2016-10-29 00:57:58 PDT","I","test2@match_com","UploadManagerService","Processing data for hour /storage/emulated/0/.MATCH/data/2016-10-26/19-PDT.zip.uploaded"
"2016-10-29 00:57:58 PDT","I","test2@match_com","UploadManagerService","Processing data for hour /storage/emulated/0/.MATCH/data/2016-10-26/13-PDT.zip.uploaded"
"2016-10-29 00:57:58 PDT","I","test2@match_com","UploadManagerService","Processing data for hour /storage/emulated/0/.MATCH/data/2016-10-26/14-PDT.zip.uploaded"
"2016-10-29 00:57:58 PDT","I","test2@match_com","UploadManagerService","Processing data for hour /storage/emulated/0/.MATCH/data/2016-10-26/15-PDT.zip.uploaded"
"2016-10-29 00:57:58 PDT","I","test2@match_com","UploadManagerService","Processing data for hour /storage/emulated/0/.MATCH/data/2016-10-26/16-PDT.zip.uploaded"
"2016-10-29 00:57:58 PDT","I","test2@match_com","UploadManagerService","Processing data for hour /storage/emulated/0/.MATCH/data/2016-10-26/17-PDT.zip.uploaded"
"2016-10-29 00:57:58 PDT","I","test2@match_com","UploadManagerService","Processing data for hour /storage/emulated/0/.MATCH/data/2016-10-26/21-PDT.zip.uploaded"
"2016-10-29 00:57:58 PDT","I","test2@match_com","UploadManagerService","Processing data for hour /storage/emulated/0/.MATCH/data/2016-10-26/22-PDT.zip.uploaded"
"2016-10-29 00:57:58 PDT","I","test2@match_com","UploadManagerService","Processing data for hour /storage/emulated/0/.MATCH/data/2016-10-26/18-PDT.zip.uploaded"
"2016-10-29 00:57:58 PDT","I","test2@match_com","UploadManagerService","Processing data for hour /storage/emulated/0/.MATCH/data/2016-10-26/20-PDT.zip.uploaded"
"2016-10-29 00:57:58 PDT","I","test2@match_com","UploadManagerService","Processing data for hour /storage/emulated/0/.MATCH/data/2016-10-26/23-PDT.zip.uploaded"
"2016-10-29 00:57:58 PDT","I","test2@match_com","UploadManagerService","Processing data for date - /storage/emulated/0/.MATCH/data/2016-10-27"
"2016-10-29 00:57:58 PDT","I","test2@match_com","UploadManagerService","Processing data for hour /storage/emulated/0/.MATCH/data/2016-10-27/01-PDT.zip.uploaded"
"2016-10-29 00:57:58 PDT","I","test2@match_com","UploadManagerService","Processing data for hour /storage/emulated/0/.MATCH/data/2016-10-27/03-PDT.zip.uploaded"
"2016-10-29 00:57:58 PDT","I","test2@match_com","UploadManagerService","Processing data for hour /storage/emulated/0/.MATCH/data/2016-10-27/04-PDT.zip.uploaded"
"2016-10-29 00:57:58 PDT","I","test2@match_com","UploadManagerService","Processing data for hour /storage/emulated/0/.MATCH/data/2016-10-27/06-PDT.zip.uploaded"
"2016-10-29 00:57:58 PDT","I","test2@match_com","UploadManagerService","Processing data for hour /storage/emulated/0/.MATCH/data/2016-10-27/00-PDT.zip.uploaded"
"2016-10-29 00:57:58 PDT","I","test2@match_com","UploadManagerService","Processing data for hour /storage/emulated/0/.MATCH/data/2016-10-27/02-PDT.zip.uploaded"
"2016-10-29 00:57:58 PDT","I","test2@match_com","UploadManagerService","Processing data for hour /storage/emulated/0/.MATCH/data/2016-10-27/05-PDT.zip.uploaded"
"2016-10-29 00:57:58 PDT","I","test2@match_com","UploadManagerService","Processing data for date - /storage/emulated/0/.MATCH/data/2016-10-28"
"2016-10-29 00:57:58 PDT","I","test2@match_com","UploadManagerService","Processing data for hour /storage/emulated/0/.MATCH/data/2016-10-28/13-PDT.zip"
"2016-10-29 00:57:58 PDT","I","test2@match_com","UploadManagerService","Processing data for hour /storage/emulated/0/.MATCH/data/2016-10-28/14-PDT.zip"
"2016-10-29 00:57:58 PDT","I","test2@match_com","UploadManagerService","Processing data for hour /storage/emulated/0/.MATCH/data/2016-10-28/15-PDT.zip"
"2016-10-29 00:57:58 PDT","I","test2@match_com","UploadManagerService","Processing data for hour /storage/emulated/0/.MATCH/data/2016-10-28/16-PDT.zip"
"2016-10-29 00:57:58 PDT","I","test2@match_com","UploadManagerService","Processing data for hour /storage/emulated/0/.MATCH/data/2016-10-28/17-PDT.zip"
"2016-10-29 00:57:58 PDT","I","test2@match_com","UploadManagerService","Processing data for hour /storage/emulated/0/.MATCH/data/2016-10-28/18-PDT.zip"
"2016-10-29 00:57:58 PDT","I","test2@match_com","UploadManagerService","Processing data for hour /storage/emulated/0/.MATCH/data/2016-10-28/19-PDT.zip"
"2016-10-29 00:57:58 PDT","I","test2@match_com","UploadManagerService","Processing data for hour /storage/emulated/0/.MATCH/data/2016-10-28/20-PDT.zip"
"2016-10-29 00:57:58 PDT","I","test2@match_com","UploadManagerService","Processing data for hour /storage/emulated/0/.MATCH/data/2016-10-28/21-PDT.zip"
"2016-10-29 00:57:58 PDT","I","test2@match_com","UploadManagerService","Processing data for hour /storage/emulated/0/.MATCH/data/2016-10-28/22-PDT.zip"
"2016-10-29 00:57:58 PDT","I","test2@match_com","UploadManagerService","Processing data for hour /storage/emulated/0/.MATCH/data/2016-10-28/23-PDT.zip"
"2016-10-29 00:57:58 PDT","I","test2@match_com","UploadManagerService","Processing data for date - /storage/emulated/0/.MATCH/data/2016-10-29"
"2016-10-29 00:57:58 PDT","I","test2@match_com","UploadManagerService","Processing data for hour /storage/emulated/0/.MATCH/data/2016-10-29/00-PDT"
"2016-10-29 00:57:58 PDT","I","test2@match_com","UploadManagerService","Internet is not connected. Not trying to upload files."
"2016-10-29 00:57:58 PDT","I","test2@match_com","SurveyManagerService","Inside onCreate"
"2016-10-29 00:57:58 PDT","I","test2@match_com","SurveyManagerService","Current time is - Sat Oct 29 00:57:58 PDT 2016"
"2016-10-29 00:57:58 PDT","I","test2@match_com","SurveyManagerService","Start Date is - Tue Oct 25 19:00:00 PDT 2016"
"2016-10-29 00:57:58 PDT","I","test2@match_com","SurveyManagerService","End Date is - Tue Nov 01 16:00:00 PDT 2016"
"2016-10-29 00:57:58 PDT","I","test2@match_com","SurveyManagerService","Scheduling Survey for - KEY_EMA_0730TO0800_CHILD"
"2016-10-29 00:57:58 PDT","I","test2@match_com","SurveyManagerService","Survey KEY_EMA_0730TO0800_CHILD is already scheduled"
"2016-10-29 00:57:58 PDT","I","test2@match_com","SurveyManagerService","Scheduling Survey for - KEY_EMA_0930TO1000_CHILD"
"2016-10-29 00:57:58 PDT","I","test2@match_com","SurveyManagerService","Survey KEY_EMA_0930TO1000_CHILD is already scheduled"
"2016-10-29 00:57:58 PDT","I","test2@match_com","SurveyManagerService","Scheduling Survey for - KEY_EMA_1130TO1200_CHILD"
"2016-10-29 00:57:58 PDT","I","test2@match_com","SurveyManagerService","Survey KEY_EMA_1130TO1200_CHILD is already scheduled"
"2016-10-29 00:57:58 PDT","I","test2@match_com","SurveyManagerService","Scheduling Survey for - KEY_EMA_1330TO1400_CHILD"
"2016-10-29 00:57:58 PDT","I","test2@match_com","SurveyManagerService","Survey KEY_EMA_1330TO1400_CHILD is already scheduled"
"2016-10-29 00:57:58 PDT","I","test2@match_com","SurveyManagerService","Scheduling Survey for - KEY_EMA_1530TO1600_CHILD"
"2016-10-29 00:57:58 PDT","I","test2@match_com","SurveyManagerService","Survey KEY_EMA_1530TO1600_CHILD is already scheduled"
"2016-10-29 00:57:58 PDT","I","test2@match_com","SurveyManagerService","Scheduling Survey for - KEY_EMA_1730TO1800_CHILD"
"2016-10-29 00:57:58 PDT","I","test2@match_com","SurveyManagerService","Survey KEY_EMA_1730TO1800_CHILD is already scheduled"
"2016-10-29 00:57:58 PDT","I","test2@match_com","SurveyManagerService","Scheduling Survey for - KEY_EMA_1930TO2000_CHILD"
"2016-10-29 00:57:58 PDT","I","test2@match_com","SurveyManagerService","Survey KEY_EMA_1930TO2000_CHILD is already scheduled"
"2016-10-29 00:57:58 PDT","I","test2@match_com","SurveyManagerService","Saliva surveys are already scheduled"
"2016-10-29 00:57:58 PDT","I","test2@match_com","SurveyManagerService","Survey KEY_SALIVA_BEDTIME scheduled for Sat Oct 29 21:46:58 PDT 2016"
"2016-10-29 00:57:58 PDT","I","test2@match_com","SurveyManagerService","Survey Schedule for KEY_EMA_0730TO0800_CHILD is Sat Oct 29 07:47:17 PDT 2016"
"2016-10-29 00:57:58 PDT","I","test2@match_com","SurveyManagerService","Still not time to prompt the survey"
"2016-10-29 00:57:58 PDT","I","test2@match_com","SurveyManagerService","Survey Schedule for KEY_EMA_0930TO1000_CHILD is Sat Oct 29 09:57:24 PDT 2016"
"2016-10-29 00:57:58 PDT","I","test2@match_com","SurveyManagerService","Still not time to prompt the survey"
"2016-10-29 00:57:58 PDT","I","test2@match_com","SurveyManagerService","Survey Schedule for KEY_EMA_1130TO1200_CHILD is Sat Oct 29 11:45:10 PDT 2016"
"2016-10-29 00:57:58 PDT","I","test2@match_com","SurveyManagerService","Still not time to prompt the survey"
"2016-10-29 00:57:58 PDT","I","test2@match_com","SurveyManagerService","Survey Schedule for KEY_EMA_1330TO1400_CHILD is Sat Oct 29 13:44:02 PDT 2016"
"2016-10-29 00:57:58 PDT","I","test2@match_com","SurveyManagerService","Still not time to prompt the survey"
"2016-10-29 00:57:58 PDT","I","test2@match_com","SurveyManagerService","Survey Schedule for KEY_EMA_1530TO1600_CHILD is Sat Oct 29 15:33:41 PDT 2016"
"2016-10-29 00:57:58 PDT","I","test2@match_com","SurveyManagerService","Still not time to prompt the survey"
"2016-10-29 00:57:58 PDT","I","test2@match_com","SurveyManagerService","Survey Schedule for KEY_EMA_1730TO1800_CHILD is Sat Oct 29 17:47:43 PDT 2016"
"2016-10-29 00:57:58 PDT","I","test2@match_com","SurveyManagerService","Still not time to prompt the survey"
"2016-10-29 00:57:58 PDT","I","test2@match_com","SurveyManagerService","Survey Schedule for KEY_EMA_1930TO2000_CHILD is Sat Oct 29 19:36:11 PDT 2016"
"2016-10-29 00:57:58 PDT","I","test2@match_com","SurveyManagerService","Still not time to prompt the survey"
"2016-10-29 00:57:58 PDT","I","test2@match_com","SurveyManagerService","KEY_SALIVA_WAKING is scheduled for Sat Oct 29 06:46:56 PDT 2016"
"2016-10-29 00:57:58 PDT","I","test2@match_com","SurveyManagerService","Prompt KEY_SALIVA_WAKING is in the future - Sat Oct 29 06:46:56 PDT 2016"
"2016-10-29 00:57:58 PDT","I","test2@match_com","SurveyManagerService","KEY_SALIVA_WAKING_PLUS_30 is scheduled for Sat Oct 29 07:16:56 PDT 2016"
"2016-10-29 00:57:58 PDT","I","test2@match_com","SurveyManagerService","Prompt KEY_SALIVA_WAKING_PLUS_30 is in the future - Sat Oct 29 07:16:56 PDT 2016"
"2016-10-29 00:57:58 PDT","I","test2@match_com","SurveyManagerService","KEY_SALIVA_AFTERNOON_4TO430_CHILD is scheduled for Sat Oct 29 16:16:27 PDT 2016"
"2016-10-29 00:57:58 PDT","I","test2@match_com","SurveyManagerService","Prompt KEY_SALIVA_AFTERNOON_4TO430_CHILD is in the future - Sat Oct 29 16:16:27 PDT 2016"
"2016-10-29 00:57:58 PDT","I","test2@match_com","SurveyManagerService","KEY_SALIVA_BEDTIME is scheduled for Sat Oct 29 21:46:58 PDT 2016"
"2016-10-29 00:57:58 PDT","I","test2@match_com","SurveyManagerService","Prompt KEY_SALIVA_BEDTIME is in the future - Sat Oct 29 21:46:58 PDT 2016"
"2016-10-29 00:57:58 PDT","I","test2@match_com","MinuteService","Inside onDestroy"
"2016-10-29 00:57:58 PDT","I","test2@match_com","UploadManagerService","Inside onDestroy"
"2016-10-29 00:57:58 PDT","I","test2@match_com","SurveyManagerService","Inside onDestroy"
"2016-10-29 00:57:59 PDT","I","test2@match_com","Zipper","unzipFileWithEncryption"
"2016-10-29 00:57:59 PDT","I","test2@match_com","Zipper","Deleting File - /storage/emulated/0/.MATCH/data/2016-10-29/00-PDT/GPS.csv.zip"
"2016-10-29 00:57:59 PDT","I","test2@match_com","Zipper","zipFileWithEncryption - /storage/emulated/0/.MATCH/data/2016-10-29/00-PDT/GPS.csv"
"2016-10-29 00:57:59 PDT","I","test2@match_com","Zipper","Creating ZipFile - /storage/emulated/0/.MATCH/data/2016-10-29/00-PDT/GPS.csv.zip"
"2016-10-29 00:57:59 PDT","I","test2@match_com","Zipper","Deleting File - /storage/emulated/0/.MATCH/data/2016-10-29/00-PDT/GPS.csv"
"2016-10-29 00:58:01 PDT","I","test2@match_com","UploadManagerService","Inside onCreate"
"2016-10-29 00:58:01 PDT","I","test2@match_com","UploadManagerService","Processing Logs"
"2016-10-29 00:58:01 PDT","I","test2@match_com","UploadManagerService","Processing Logs for Date - /storage/emulated/0/.MATCH/logs/2016-10-26"
"2016-10-29 00:58:01 PDT","I","test2@match_com","UploadManagerService","Processing Logs for Date - /storage/emulated/0/.MATCH/logs/2016-10-27"
"2016-10-29 00:58:01 PDT","I","test2@match_com","UploadManagerService","Processing Logs for Date - /storage/emulated/0/.MATCH/logs/2016-10-28"
"2016-10-29 00:58:01 PDT","I","test2@match_com","UploadManagerService","Processing Logs for Date - /storage/emulated/0/.MATCH/logs/2016-10-29"
"2016-10-29 00:58:01 PDT","I","test2@match_com","UploadManagerService","Processing Surveys"
"2016-10-29 00:58:01 PDT","I","test2@match_com","UploadManagerService","Processing Data files"
"2016-10-29 00:58:01 PDT","I","test2@match_com","UploadManagerService","Processing data for date - /storage/emulated/0/.MATCH/data/2016-10-26"
"2016-10-29 00:58:01 PDT","I","test2@match_com","UploadManagerService","Processing data for hour /storage/emulated/0/.MATCH/data/2016-10-26/19-PDT.zip.uploaded"
"2016-10-29 00:58:01 PDT","I","test2@match_com","UploadManagerService","Processing data for hour /storage/emulated/0/.MATCH/data/2016-10-26/13-PDT.zip.uploaded"
"2016-10-29 00:58:01 PDT","I","test2@match_com","UploadManagerService","Processing data for hour /storage/emulated/0/.MATCH/data/2016-10-26/14-PDT.zip.uploaded"
"2016-10-29 00:58:01 PDT","I","test2@match_com","UploadManagerService","Processing data for hour /storage/emulated/0/.MATCH/data/2016-10-26/15-PDT.zip.uploaded"
"2016-10-29 00:58:01 PDT","I","test2@match_com","UploadManagerService","Processing data for hour /storage/emulated/0/.MATCH/data/2016-10-26/16-PDT.zip.uploaded"
"2016-10-29 00:58:01 PDT","I","test2@match_com","UploadManagerService","Processing data for hour /storage/emulated/0/.MATCH/data/2016-10-26/17-PDT.zip.uploaded"
"2016-10-29 00:58:01 PDT","I","test2@match_com","UploadManagerService","Processing data for hour /storage/emulated/0/.MATCH/data/2016-10-26/21-PDT.zip.uploaded"
"2016-10-29 00:58:01 PDT","I","test2@match_com","UploadManagerService","Processing data for hour /storage/emulated/0/.MATCH/data/2016-10-26/22-PDT.zip.uploaded"
"2016-10-29 00:58:01 PDT","I","test2@match_com","UploadManagerService","Processing data for hour /storage/emulated/0/.MATCH/data/2016-10-26/18-PDT.zip.uploaded"
"2016-10-29 00:58:01 PDT","I","test2@match_com","UploadManagerService","Processing data for hour /storage/emulated/0/.MATCH/data/2016-10-26/20-PDT.zip.uploaded"
"2016-10-29 00:58:01 PDT","I","test2@match_com","UploadManagerService","Processing data for hour /storage/emulated/0/.MATCH/data/2016-10-26/23-PDT.zip.uploaded"
"2016-10-29 00:58:01 PDT","I","test2@match_com","UploadManagerService","Processing data for date - /storage/emulated/0/.MATCH/data/2016-10-27"
"2016-10-29 00:58:01 PDT","I","test2@match_com","UploadManagerService","Processing data for hour /storage/emulated/0/.MATCH/data/2016-10-27/01-PDT.zip.uploaded"
"2016-10-29 00:58:01 PDT","I","test2@match_com","UploadManagerService","Processing data for hour /storage/emulated/0/.MATCH/data/2016-10-27/03-PDT.zip.uploaded"
"2016-10-29 00:58:01 PDT","I","test2@match_com","UploadManagerService","Processing data for hour /storage/emulated/0/.MATCH/data/2016-10-27/04-PDT.zip.uploaded"
"2016-10-29 00:58:01 PDT","I","test2@match_com","UploadManagerService","Processing data for hour /storage/emulated/0/.MATCH/data/2016-10-27/06-PDT.zip.uploaded"
"2016-10-29 00:58:01 PDT","I","test2@match_com","UploadManagerService","Processing data for hour /storage/emulated/0/.MATCH/data/2016-10-27/00-PDT.zip.uploaded"
"2016-10-29 00:58:01 PDT","I","test2@match_com","UploadManagerService","Processing data for hour /storage/emulated/0/.MATCH/data/2016-10-27/02-PDT.zip.uploaded"
"2016-10-29 00:58:01 PDT","I","test2@match_com","UploadManagerService","Processing data for hour /storage/emulated/0/.MATCH/data/2016-10-27/05-PDT.zip.uploaded"
"2016-10-29 00:58:01 PDT","I","test2@match_com","UploadManagerService","Processing data for date - /storage/emulated/0/.MATCH/data/2016-10-28"
"2016-10-29 00:58:01 PDT","I","test2@match_com","UploadManagerService","Processing data for hour /storage/emulated/0/.MATCH/data/2016-10-28/13-PDT.zip"
"2016-10-29 00:58:01 PDT","I","test2@match_com","UploadManagerService","Processing data for hour /storage/emulated/0/.MATCH/data/2016-10-28/14-PDT.zip"
"2016-10-29 00:58:01 PDT","I","test2@match_com","UploadManagerService","Processing data for hour /storage/emulated/0/.MATCH/data/2016-10-28/15-PDT.zip"
"2016-10-29 00:58:01 PDT","I","test2@match_com","UploadManagerService","Processing data for hour /storage/emulated/0/.MATCH/data/2016-10-28/16-PDT.zip"
"2016-10-29 00:58:01 PDT","I","test2@match_com","UploadManagerService","Processing data for hour /storage/emulated/0/.MATCH/data/2016-10-28/17-PDT.zip"
"2016-10-29 00:58:01 PDT","I","test2@match_com","UploadManagerService","Processing data for hour /storage/emulated/0/.MATCH/data/2016-10-28/18-PDT.zip"
"2016-10-29 00:58:01 PDT","I","test2@match_com","UploadManagerService","Processing data for hour /storage/emulated/0/.MATCH/data/2016-10-28/19-PDT.zip"
"2016-10-29 00:58:01 PDT","I","test2@match_com","UploadManagerService","Processing data for hour /storage/emulated/0/.MATCH/data/2016-10-28/20-PDT.zip"
"2016-10-29 00:58:01 PDT","I","test2@match_com","UploadManagerService","Processing data for hour /storage/emulated/0/.MATCH/data/2016-10-28/21-PDT.zip"
"2016-10-29 00:58:01 PDT","I","test2@match_com","UploadManagerService","Processing data for hour /storage/emulated/0/.MATCH/data/2016-10-28/22-PDT.zip"
"2016-10-29 00:58:01 PDT","I","test2@match_com","UploadManagerService","Processing data for hour /storage/emulated/0/.MATCH/data/2016-10-28/23-PDT.zip"
"2016-10-29 00:58:01 PDT","I","test2@match_com","UploadManagerService","Processing data for date - /storage/emulated/0/.MATCH/data/2016-10-29"
"2016-10-29 00:58:01 PDT","I","test2@match_com","UploadManagerService","Processing data for hour /storage/emulated/0/.MATCH/data/2016-10-29/00-PDT"
"2016-10-29 00:58:01 PDT","I","test2@match_com","UploadManagerService","Internet is not connected. Not trying to upload files."
"2016-10-29 00:58:01 PDT","I","test2@match_com","MinuteService","Inside onCreate"
"2016-10-29 00:58:01 PDT","I","test2@match_com","MinuteService","Minute Service Alarm was set by - MinuteService"
"2016-10-29 00:58:01 PDT","I","test2@match_com","MinuteService","Time since previous run - 3"
"2016-10-29 00:58:01 PDT","I","test2@match_com","MinuteService","Previous run within last 50 seconds, ignoring this run"
"2016-10-29 00:58:01 PDT","I","test2@match_com","UploadManagerService","Inside onDestroy"
"2016-10-29 00:58:01 PDT","I","test2@match_com","MinuteService","Inside onDestroy"
"2016-10-29 00:58:03 PDT","I","test2@match_com","BackupMinuteService","Inside onCreate"
"2016-10-29 00:58:03 PDT","I","test2@match_com","Util","Inside setBackupMinuteServiceAlarm"
"2016-10-29 00:58:03 PDT","I","test2@match_com","Util","BackupMinuteService last run at - Sat Oct 29 00:58:03 PDT 2016"
"2016-10-29 00:58:03 PDT","I","test2@match_com","Util","BackupMinuteService next run at - Sat Oct 29 00:59:03 PDT 2016"
"2016-10-29 00:58:03 PDT","I","test2@match_com","MinuteService","Inside onCreate"
"2016-10-29 00:58:03 PDT","I","test2@match_com","MinuteService","Minute Service Alarm was set by - MinuteService"
"2016-10-29 00:58:03 PDT","I","test2@match_com","MinuteService","Time since previous run - 5"
"2016-10-29 00:58:03 PDT","I","test2@match_com","MinuteService","Previous run within last 50 seconds, ignoring this run"
"2016-10-29 00:58:03 PDT","I","test2@match_com","BackupMinuteService","Inside onDestroy"
"2016-10-29 00:58:03 PDT","I","test2@match_com","MinuteService","Inside onDestroy"
"2016-10-29 00:58:03 PDT","I","test2@match_com","AlwaysOnService","Received Intent - android.intent.action.TIME_TICK"
"2016-10-29 00:58:06 PDT","I","test2@match_com","AlwaysOnService","Received Intent - android.intent.action.BATTERY_CHANGED"
"2016-10-29 00:58:23 PDT","I","test2@match_com","AlwaysOnService","Received Intent - android.intent.action.BATTERY_CHANGED"
"2016-10-29 00:58:58 PDT","I","test2@match_com","MinuteService","Inside onCreate"
"2016-10-29 00:58:58 PDT","I","test2@match_com","MinuteService","Minute Service Alarm was set by - MinuteService"
"2016-10-29 00:58:58 PDT","I","test2@match_com","MinuteService","Time since previous run - 60"
"2016-10-29 00:58:58 PDT","I","test2@match_com","MinuteService","Setting Minute Service Last Run"
"2016-10-29 00:58:58 PDT","I","test2@match_com","MinuteService","Setting Minute Service Alarm"
"2016-10-29 00:58:58 PDT","I","test2@match_com","Util","Inside setMinuteServiceAlarmFromMinuteService"
"2016-10-29 00:58:58 PDT","I","test2@match_com","Util","MinuteService last run at - Sat Oct 29 00:58:58 PDT 2016"
"2016-10-29 00:58:58 PDT","I","test2@match_com","Util","MinuteService next run at - Sat Oct 29 00:59:58 PDT 2016"
"2016-10-29 00:58:58 PDT","I","test2@match_com","MinuteService","Setting Minute Service Backup Alarm"
"2016-10-29 00:58:58 PDT","I","test2@match_com","Util","Inside setBackupMinuteServiceAlarm"
"2016-10-29 00:58:58 PDT","I","test2@match_com","Util","BackupMinuteService last run at - Sat Oct 29 00:58:03 PDT 2016"
"2016-10-29 00:58:58 PDT","I","test2@match_com","Util","BackupMinuteService next run at - Sat Oct 29 00:59:03 PDT 2016"
"2016-10-29 00:58:58 PDT","I","test2@match_com","MinuteService","Initializing MATCHConstants"
"2016-10-29 00:58:58 PDT","I","test2@match_com","MinuteService","Notifying user about minute service run"
"2016-10-29 00:58:58 PDT","I","test2@match_com","MinuteService","Writing status to Firebase Database"
"2016-10-29 00:58:58 PDT","I","test2@match_com","MinuteService","Logging Network Status"
"2016-10-29 00:58:58 PDT","I","test2@match_com","ConnectivityManager","isConnected - false - isWifi - false - isMobileInternet - false"
"2016-10-29 00:58:58 PDT","I","test2@match_com","MinuteService","Logging Battery Status"
"2016-10-29 00:58:58 PDT","I","test2@match_com","BatteryManager","Percentage - 94 - isCharging - true - isUSBCharging - false - isACCharging - true - isWirelessCharging - false"
"2016-10-29 00:58:58 PDT","I","test2@match_com","MinuteService","Logging Memory Status"
"2016-10-29 00:58:58 PDT","I","test2@match_com","MemoryManager","Total Memory,898,Available Memory,413,Threshold Memory,144,IsLowMemory,false"
"2016-10-29 00:58:58 PDT","I","test2@match_com","MinuteService","Logging Storage Status"
"2016-10-29 00:58:58 PDT","I","test2@match_com","StorageManager","Internal Total,2247,Internal Free,589,External Total,4637,External Free,3935"
"2016-10-29 00:58:58 PDT","I","test2@match_com","MinuteService","Logging Power Status"
"2016-10-29 00:58:58 PDT","I","test2@match_com","PowerManager","isDeviceIdleMode - false - isInteractive - false - isPowerSaveMode - false - isSustainedPerformanceModeSupported - false"
"2016-10-29 00:58:58 PDT","I","test2@match_com","MinuteService","Logging Notifications Status"
"2016-10-29 00:58:58 PDT","I","test2@match_com","NotificationManager","AreNotificationsEnabled - true - Importance - Unspecified"
"2016-10-29 00:58:58 PDT","I","test2@match_com","MinuteService","Logging Location"
"2016-10-29 00:58:58 PDT","I","test2@match_com","MinuteService","Fetching latest study data"
"2016-10-29 00:58:58 PDT","I","test2@match_com","MinuteService","Starting UploadManagerService"
"2016-10-29 00:58:58 PDT","I","test2@match_com","MinuteService","Starting SurveyManagerService"
"2016-10-29 00:58:58 PDT","I","test2@match_com","UploadManagerService","Inside onCreate"
"2016-10-29 00:58:58 PDT","I","test2@match_com","UploadManagerService","Processing Logs"
"2016-10-29 00:58:58 PDT","I","test2@match_com","UploadManagerService","Processing Logs for Date - /storage/emulated/0/.MATCH/logs/2016-10-26"
"2016-10-29 00:58:58 PDT","I","test2@match_com","UploadManagerService","Processing Logs for Date - /storage/emulated/0/.MATCH/logs/2016-10-27"
"2016-10-29 00:58:58 PDT","I","test2@match_com","UploadManagerService","Processing Logs for Date - /storage/emulated/0/.MATCH/logs/2016-10-28"
"2016-10-29 00:58:58 PDT","I","test2@match_com","UploadManagerService","Processing Logs for Date - /storage/emulated/0/.MATCH/logs/2016-10-29"
"2016-10-29 00:58:58 PDT","I","test2@match_com","UploadManagerService","Processing Surveys"
"2016-10-29 00:58:58 PDT","I","test2@match_com","UploadManagerService","Processing Data files"
"2016-10-29 00:58:58 PDT","I","test2@match_com","UploadManagerService","Processing data for date - /storage/emulated/0/.MATCH/data/2016-10-26"
"2016-10-29 00:58:58 PDT","I","test2@match_com","UploadManagerService","Processing data for hour /storage/emulated/0/.MATCH/data/2016-10-26/19-PDT.zip.uploaded"
"2016-10-29 00:58:58 PDT","I","test2@match_com","UploadManagerService","Processing data for hour /storage/emulated/0/.MATCH/data/2016-10-26/13-PDT.zip.uploaded"
"2016-10-29 00:58:58 PDT","I","test2@match_com","UploadManagerService","Processing data for hour /storage/emulated/0/.MATCH/data/2016-10-26/14-PDT.zip.uploaded"
"2016-10-29 00:58:58 PDT","I","test2@match_com","UploadManagerService","Processing data for hour /storage/emulated/0/.MATCH/data/2016-10-26/15-PDT.zip.uploaded"
"2016-10-29 00:58:58 PDT","I","test2@match_com","UploadManagerService","Processing data for hour /storage/emulated/0/.MATCH/data/2016-10-26/16-PDT.zip.uploaded"
"2016-10-29 00:58:58 PDT","I","test2@match_com","UploadManagerService","Processing data for hour /storage/emulated/0/.MATCH/data/2016-10-26/17-PDT.zip.uploaded"
"2016-10-29 00:58:58 PDT","I","test2@match_com","UploadManagerService","Processing data for hour /storage/emulated/0/.MATCH/data/2016-10-26/21-PDT.zip.uploaded"
"2016-10-29 00:58:58 PDT","I","test2@match_com","UploadManagerService","Processing data for hour /storage/emulated/0/.MATCH/data/2016-10-26/22-PDT.zip.uploaded"
"2016-10-29 00:58:58 PDT","I","test2@match_com","UploadManagerService","Processing data for hour /storage/emulated/0/.MATCH/data/2016-10-26/18-PDT.zip.uploaded"
"2016-10-29 00:58:58 PDT","I","test2@match_com","UploadManagerService","Processing data for hour /storage/emulated/0/.MATCH/data/2016-10-26/20-PDT.zip.uploaded"
"2016-10-29 00:58:58 PDT","I","test2@match_com","UploadManagerService","Processing data for hour /storage/emulated/0/.MATCH/data/2016-10-26/23-PDT.zip.uploaded"
"2016-10-29 00:58:58 PDT","I","test2@match_com","UploadManagerService","Processing data for date - /storage/emulated/0/.MATCH/data/2016-10-27"
"2016-10-29 00:58:58 PDT","I","test2@match_com","UploadManagerService","Processing data for hour /storage/emulated/0/.MATCH/data/2016-10-27/01-PDT.zip.uploaded"
"2016-10-29 00:58:58 PDT","I","test2@match_com","UploadManagerService","Processing data for hour /storage/emulated/0/.MATCH/data/2016-10-27/03-PDT.zip.uploaded"
"2016-10-29 00:58:58 PDT","I","test2@match_com","UploadManagerService","Processing data for hour /storage/emulated/0/.MATCH/data/2016-10-27/04-PDT.zip.uploaded"
"2016-10-29 00:58:58 PDT","I","test2@match_com","UploadManagerService","Processing data for hour /storage/emulated/0/.MATCH/data/2016-10-27/06-PDT.zip.uploaded"
"2016-10-29 00:58:58 PDT","I","test2@match_com","UploadManagerService","Processing data for hour /storage/emulated/0/.MATCH/data/2016-10-27/00-PDT.zip.uploaded"
"2016-10-29 00:58:58 PDT","I","test2@match_com","UploadManagerService","Processing data for hour /storage/emulated/0/.MATCH/data/2016-10-27/02-PDT.zip.uploaded"
"2016-10-29 00:58:58 PDT","I","test2@match_com","UploadManagerService","Processing data for hour /storage/emulated/0/.MATCH/data/2016-10-27/05-PDT.zip.uploaded"
"2016-10-29 00:58:58 PDT","I","test2@match_com","UploadManagerService","Processing data for date - /storage/emulated/0/.MATCH/data/2016-10-28"
"2016-10-29 00:58:58 PDT","I","test2@match_com","UploadManagerService","Processing data for hour /storage/emulated/0/.MATCH/data/2016-10-28/13-PDT.zip"
"2016-10-29 00:58:58 PDT","I","test2@match_com","UploadManagerService","Processing data for hour /storage/emulated/0/.MATCH/data/2016-10-28/14-PDT.zip"
"2016-10-29 00:58:58 PDT","I","test2@match_com","UploadManagerService","Processing data for hour /storage/emulated/0/.MATCH/data/2016-10-28/15-PDT.zip"
"2016-10-29 00:58:58 PDT","I","test2@match_com","UploadManagerService","Processing data for hour /storage/emulated/0/.MATCH/data/2016-10-28/16-PDT.zip"
"2016-10-29 00:58:58 PDT","I","test2@match_com","UploadManagerService","Processing data for hour /storage/emulated/0/.MATCH/data/2016-10-28/17-PDT.zip"
"2016-10-29 00:58:58 PDT","I","test2@match_com","UploadManagerService","Processing data for hour /storage/emulated/0/.MATCH/data/2016-10-28/18-PDT.zip"
"2016-10-29 00:58:58 PDT","I","test2@match_com","UploadManagerService","Processing data for hour /storage/emulated/0/.MATCH/data/2016-10-28/19-PDT.zip"
"2016-10-29 00:58:58 PDT","I","test2@match_com","UploadManagerService","Processing data for hour /storage/emulated/0/.MATCH/data/2016-10-28/20-PDT.zip"
"2016-10-29 00:58:58 PDT","I","test2@match_com","UploadManagerService","Processing data for hour /storage/emulated/0/.MATCH/data/2016-10-28/21-PDT.zip"
"2016-10-29 00:58:58 PDT","I","test2@match_com","UploadManagerService","Processing data for hour /storage/emulated/0/.MATCH/data/2016-10-28/22-PDT.zip"
"2016-10-29 00:58:58 PDT","I","test2@match_com","UploadManagerService","Processing data for hour /storage/emulated/0/.MATCH/data/2016-10-28/23-PDT.zip"
"2016-10-29 00:58:58 PDT","I","test2@match_com","UploadManagerService","Processing data for date - /storage/emulated/0/.MATCH/data/2016-10-29"
"2016-10-29 00:58:58 PDT","I","test2@match_com","UploadManagerService","Processing data for hour /storage/emulated/0/.MATCH/data/2016-10-29/00-PDT"
"2016-10-29 00:58:58 PDT","I","test2@match_com","UploadManagerService","Internet is not connected. Not trying to upload files."
"2016-10-29 00:58:58 PDT","I","test2@match_com","SurveyManagerService","Inside onCreate"
"2016-10-29 00:58:58 PDT","I","test2@match_com","SurveyManagerService","Current time is - Sat Oct 29 00:58:58 PDT 2016"
"2016-10-29 00:58:58 PDT","I","test2@match_com","SurveyManagerService","Start Date is - Tue Oct 25 19:00:00 PDT 2016"
"2016-10-29 00:58:58 PDT","I","test2@match_com","SurveyManagerService","End Date is - Tue Nov 01 16:00:00 PDT 2016"
"2016-10-29 00:58:58 PDT","I","test2@match_com","SurveyManagerService","Scheduling Survey for - KEY_EMA_0730TO0800_CHILD"
"2016-10-29 00:58:58 PDT","I","test2@match_com","SurveyManagerService","Survey KEY_EMA_0730TO0800_CHILD is already scheduled"
"2016-10-29 00:58:58 PDT","I","test2@match_com","SurveyManagerService","Scheduling Survey for - KEY_EMA_0930TO1000_CHILD"
"2016-10-29 00:58:58 PDT","I","test2@match_com","SurveyManagerService","Survey KEY_EMA_0930TO1000_CHILD is already scheduled"
"2016-10-29 00:58:58 PDT","I","test2@match_com","SurveyManagerService","Scheduling Survey for - KEY_EMA_1130TO1200_CHILD"
"2016-10-29 00:58:58 PDT","I","test2@match_com","SurveyManagerService","Survey KEY_EMA_1130TO1200_CHILD is already scheduled"
"2016-10-29 00:58:58 PDT","I","test2@match_com","SurveyManagerService","Scheduling Survey for - KEY_EMA_1330TO1400_CHILD"
"2016-10-29 00:58:58 PDT","I","test2@match_com","SurveyManagerService","Survey KEY_EMA_1330TO1400_CHILD is already scheduled"
"2016-10-29 00:58:58 PDT","I","test2@match_com","SurveyManagerService","Scheduling Survey for - KEY_EMA_1530TO1600_CHILD"
"2016-10-29 00:58:58 PDT","I","test2@match_com","SurveyManagerService","Survey KEY_EMA_1530TO1600_CHILD is already scheduled"
"2016-10-29 00:58:58 PDT","I","test2@match_com","SurveyManagerService","Scheduling Survey for - KEY_EMA_1730TO1800_CHILD"
"2016-10-29 00:58:58 PDT","I","test2@match_com","SurveyManagerService","Survey KEY_EMA_1730TO1800_CHILD is already scheduled"
"2016-10-29 00:58:58 PDT","I","test2@match_com","SurveyManagerService","Scheduling Survey for - KEY_EMA_1930TO2000_CHILD"
"2016-10-29 00:58:58 PDT","I","test2@match_com","SurveyManagerService","Survey KEY_EMA_1930TO2000_CHILD is already scheduled"
"2016-10-29 00:58:58 PDT","I","test2@match_com","SurveyManagerService","Saliva surveys are already scheduled"
"2016-10-29 00:58:58 PDT","I","test2@match_com","SurveyManagerService","Survey KEY_SALIVA_BEDTIME scheduled for Sat Oct 29 21:46:58 PDT 2016"
"2016-10-29 00:58:58 PDT","I","test2@match_com","SurveyManagerService","Survey Schedule for KEY_EMA_0730TO0800_CHILD is Sat Oct 29 07:47:17 PDT 2016"
"2016-10-29 00:58:58 PDT","I","test2@match_com","SurveyManagerService","Still not time to prompt the survey"
"2016-10-29 00:58:58 PDT","I","test2@match_com","SurveyManagerService","Survey Schedule for KEY_EMA_0930TO1000_CHILD is Sat Oct 29 09:57:24 PDT 2016"
"2016-10-29 00:58:58 PDT","I","test2@match_com","SurveyManagerService","Still not time to prompt the survey"
"2016-10-29 00:58:58 PDT","I","test2@match_com","SurveyManagerService","Survey Schedule for KEY_EMA_1130TO1200_CHILD is Sat Oct 29 11:45:10 PDT 2016"
"2016-10-29 00:58:58 PDT","I","test2@match_com","SurveyManagerService","Still not time to prompt the survey"
"2016-10-29 00:58:58 PDT","I","test2@match_com","SurveyManagerService","Survey Schedule for KEY_EMA_1330TO1400_CHILD is Sat Oct 29 13:44:02 PDT 2016"
"2016-10-29 00:58:58 PDT","I","test2@match_com","SurveyManagerService","Still not time to prompt the survey"
"2016-10-29 00:58:58 PDT","I","test2@match_com","SurveyManagerService","Survey Schedule for KEY_EMA_1530TO1600_CHILD is Sat Oct 29 15:33:41 PDT 2016"
"2016-10-29 00:58:58 PDT","I","test2@match_com","SurveyManagerService","Still not time to prompt the survey"
"2016-10-29 00:58:58 PDT","I","test2@match_com","SurveyManagerService","Survey Schedule for KEY_EMA_1730TO1800_CHILD is Sat Oct 29 17:47:43 PDT 2016"
"2016-10-29 00:58:58 PDT","I","test2@match_com","SurveyManagerService","Still not time to prompt the survey"
"2016-10-29 00:58:58 PDT","I","test2@match_com","SurveyManagerService","Survey Schedule for KEY_EMA_1930TO2000_CHILD is Sat Oct 29 19:36:11 PDT 2016"
"2016-10-29 00:58:58 PDT","I","test2@match_com","SurveyManagerService","Still not time to prompt the survey"
"2016-10-29 00:58:58 PDT","I","test2@match_com","SurveyManagerService","KEY_SALIVA_WAKING is scheduled for Sat Oct 29 06:46:56 PDT 2016"
"2016-10-29 00:58:58 PDT","I","test2@match_com","SurveyManagerService","Prompt KEY_SALIVA_WAKING is in the future - Sat Oct 29 06:46:56 PDT 2016"
"2016-10-29 00:58:59 PDT","I","test2@match_com","SurveyManagerService","KEY_SALIVA_WAKING_PLUS_30 is scheduled for Sat Oct 29 07:16:56 PDT 2016"
"2016-10-29 00:58:59 PDT","I","test2@match_com","SurveyManagerService","Prompt KEY_SALIVA_WAKING_PLUS_30 is in the future - Sat Oct 29 07:16:56 PDT 2016"
"2016-10-29 00:58:59 PDT","I","test2@match_com","SurveyManagerService","KEY_SALIVA_AFTERNOON_4TO430_CHILD is scheduled for Sat Oct 29 16:16:27 PDT 2016"
"2016-10-29 00:58:59 PDT","I","test2@match_com","SurveyManagerService","Prompt KEY_SALIVA_AFTERNOON_4TO430_CHILD is in the future - Sat Oct 29 16:16:27 PDT 2016"
"2016-10-29 00:58:59 PDT","I","test2@match_com","SurveyManagerService","KEY_SALIVA_BEDTIME is scheduled for Sat Oct 29 21:46:58 PDT 2016"
"2016-10-29 00:58:59 PDT","I","test2@match_com","SurveyManagerService","Prompt KEY_SALIVA_BEDTIME is in the future - Sat Oct 29 21:46:58 PDT 2016"
"2016-10-29 00:58:59 PDT","I","test2@match_com","MinuteService","Inside onDestroy"
"2016-10-29 00:58:59 PDT","I","test2@match_com","UploadManagerService","Inside onDestroy"
"2016-10-29 00:58:59 PDT","I","test2@match_com","SurveyManagerService","Inside onDestroy"
"2016-10-29 00:58:59 PDT","I","test2@match_com","Zipper","unzipFileWithEncryption"
"2016-10-29 00:58:59 PDT","I","test2@match_com","Zipper","Deleting File - /storage/emulated/0/.MATCH/data/2016-10-29/00-PDT/GPS.csv.zip"
"2016-10-29 00:58:59 PDT","I","test2@match_com","Zipper","zipFileWithEncryption - /storage/emulated/0/.MATCH/data/2016-10-29/00-PDT/GPS.csv"
"2016-10-29 00:58:59 PDT","I","test2@match_com","Zipper","Creating ZipFile - /storage/emulated/0/.MATCH/data/2016-10-29/00-PDT/GPS.csv.zip"
"2016-10-29 00:58:59 PDT","I","test2@match_com","Zipper","Deleting File - /storage/emulated/0/.MATCH/data/2016-10-29/00-PDT/GPS.csv"
"2016-10-29 00:59:01 PDT","I","test2@match_com","UploadManagerService","Inside onCreate"
"2016-10-29 00:59:01 PDT","I","test2@match_com","UploadManagerService","Processing Logs"
"2016-10-29 00:59:01 PDT","I","test2@match_com","UploadManagerService","Processing Logs for Date - /storage/emulated/0/.MATCH/logs/2016-10-26"
"2016-10-29 00:59:01 PDT","I","test2@match_com","UploadManagerService","Processing Logs for Date - /storage/emulated/0/.MATCH/logs/2016-10-27"
"2016-10-29 00:59:01 PDT","I","test2@match_com","UploadManagerService","Processing Logs for Date - /storage/emulated/0/.MATCH/logs/2016-10-28"
"2016-10-29 00:59:01 PDT","I","test2@match_com","UploadManagerService","Processing Logs for Date - /storage/emulated/0/.MATCH/logs/2016-10-29"
"2016-10-29 00:59:01 PDT","I","test2@match_com","UploadManagerService","Processing Surveys"
"2016-10-29 00:59:01 PDT","I","test2@match_com","UploadManagerService","Processing Data files"
"2016-10-29 00:59:01 PDT","I","test2@match_com","UploadManagerService","Processing data for date - /storage/emulated/0/.MATCH/data/2016-10-26"
"2016-10-29 00:59:01 PDT","I","test2@match_com","UploadManagerService","Processing data for hour /storage/emulated/0/.MATCH/data/2016-10-26/19-PDT.zip.uploaded"
"2016-10-29 00:59:01 PDT","I","test2@match_com","UploadManagerService","Processing data for hour /storage/emulated/0/.MATCH/data/2016-10-26/13-PDT.zip.uploaded"
"2016-10-29 00:59:01 PDT","I","test2@match_com","UploadManagerService","Processing data for hour /storage/emulated/0/.MATCH/data/2016-10-26/14-PDT.zip.uploaded"
"2016-10-29 00:59:01 PDT","I","test2@match_com","UploadManagerService","Processing data for hour /storage/emulated/0/.MATCH/data/2016-10-26/15-PDT.zip.uploaded"
"2016-10-29 00:59:01 PDT","I","test2@match_com","UploadManagerService","Processing data for hour /storage/emulated/0/.MATCH/data/2016-10-26/16-PDT.zip.uploaded"
"2016-10-29 00:59:01 PDT","I","test2@match_com","UploadManagerService","Processing data for hour /storage/emulated/0/.MATCH/data/2016-10-26/17-PDT.zip.uploaded"
"2016-10-29 00:59:01 PDT","I","test2@match_com","UploadManagerService","Processing data for hour /storage/emulated/0/.MATCH/data/2016-10-26/21-PDT.zip.uploaded"
"2016-10-29 00:59:01 PDT","I","test2@match_com","UploadManagerService","Processing data for hour /storage/emulated/0/.MATCH/data/2016-10-26/22-PDT.zip.uploaded"
"2016-10-29 00:59:01 PDT","I","test2@match_com","UploadManagerService","Processing data for hour /storage/emulated/0/.MATCH/data/2016-10-26/18-PDT.zip.uploaded"
"2016-10-29 00:59:01 PDT","I","test2@match_com","UploadManagerService","Processing data for hour /storage/emulated/0/.MATCH/data/2016-10-26/20-PDT.zip.uploaded"
"2016-10-29 00:59:01 PDT","I","test2@match_com","UploadManagerService","Processing data for hour /storage/emulated/0/.MATCH/data/2016-10-26/23-PDT.zip.uploaded"
"2016-10-29 00:59:01 PDT","I","test2@match_com","UploadManagerService","Processing data for date - /storage/emulated/0/.MATCH/data/2016-10-27"
"2016-10-29 00:59:01 PDT","I","test2@match_com","UploadManagerService","Processing data for hour /storage/emulated/0/.MATCH/data/2016-10-27/01-PDT.zip.uploaded"
"2016-10-29 00:59:01 PDT","I","test2@match_com","UploadManagerService","Processing data for hour /storage/emulated/0/.MATCH/data/2016-10-27/03-PDT.zip.uploaded"
"2016-10-29 00:59:01 PDT","I","test2@match_com","UploadManagerService","Processing data for hour /storage/emulated/0/.MATCH/data/2016-10-27/04-PDT.zip.uploaded"
"2016-10-29 00:59:01 PDT","I","test2@match_com","UploadManagerService","Processing data for hour /storage/emulated/0/.MATCH/data/2016-10-27/06-PDT.zip.uploaded"
"2016-10-29 00:59:01 PDT","I","test2@match_com","UploadManagerService","Processing data for hour /storage/emulated/0/.MATCH/data/2016-10-27/00-PDT.zip.uploaded"
"2016-10-29 00:59:01 PDT","I","test2@match_com","UploadManagerService","Processing data for hour /storage/emulated/0/.MATCH/data/2016-10-27/02-PDT.zip.uploaded"
"2016-10-29 00:59:01 PDT","I","test2@match_com","UploadManagerService","Processing data for hour /storage/emulated/0/.MATCH/data/2016-10-27/05-PDT.zip.uploaded"
"2016-10-29 00:59:01 PDT","I","test2@match_com","UploadManagerService","Processing data for date - /storage/emulated/0/.MATCH/data/2016-10-28"
"2016-10-29 00:59:01 PDT","I","test2@match_com","UploadManagerService","Processing data for hour /storage/emulated/0/.MATCH/data/2016-10-28/13-PDT.zip"
"2016-10-29 00:59:01 PDT","I","test2@match_com","UploadManagerService","Processing data for hour /storage/emulated/0/.MATCH/data/2016-10-28/14-PDT.zip"
"2016-10-29 00:59:01 PDT","I","test2@match_com","UploadManagerService","Processing data for hour /storage/emulated/0/.MATCH/data/2016-10-28/15-PDT.zip"
"2016-10-29 00:59:01 PDT","I","test2@match_com","UploadManagerService","Processing data for hour /storage/emulated/0/.MATCH/data/2016-10-28/16-PDT.zip"
"2016-10-29 00:59:01 PDT","I","test2@match_com","UploadManagerService","Processing data for hour /storage/emulated/0/.MATCH/data/2016-10-28/17-PDT.zip"
"2016-10-29 00:59:01 PDT","I","test2@match_com","UploadManagerService","Processing data for hour /storage/emulated/0/.MATCH/data/2016-10-28/18-PDT.zip"
"2016-10-29 00:59:01 PDT","I","test2@match_com","UploadManagerService","Processing data for hour /storage/emulated/0/.MATCH/data/2016-10-28/19-PDT.zip"
"2016-10-29 00:59:01 PDT","I","test2@match_com","UploadManagerService","Processing data for hour /storage/emulated/0/.MATCH/data/2016-10-28/20-PDT.zip"
"2016-10-29 00:59:01 PDT","I","test2@match_com","UploadManagerService","Processing data for hour /storage/emulated/0/.MATCH/data/2016-10-28/21-PDT.zip"
"2016-10-29 00:59:01 PDT","I","test2@match_com","UploadManagerService","Processing data for hour /storage/emulated/0/.MATCH/data/2016-10-28/22-PDT.zip"
"2016-10-29 00:59:01 PDT","I","test2@match_com","UploadManagerService","Processing data for hour /storage/emulated/0/.MATCH/data/2016-10-28/23-PDT.zip"
"2016-10-29 00:59:01 PDT","I","test2@match_com","UploadManagerService","Processing data for date - /storage/emulated/0/.MATCH/data/2016-10-29"
"2016-10-29 00:59:01 PDT","I","test2@match_com","UploadManagerService","Processing data for hour /storage/emulated/0/.MATCH/data/2016-10-29/00-PDT"
"2016-10-29 00:59:01 PDT","I","test2@match_com","UploadManagerService","Internet is not connected. Not trying to upload files."
"2016-10-29 00:59:01 PDT","I","test2@match_com","MinuteService","Inside onCreate"
"2016-10-29 00:59:01 PDT","I","test2@match_com","MinuteService","Minute Service Alarm was set by - MinuteService"
"2016-10-29 00:59:01 PDT","I","test2@match_com","MinuteService","Time since previous run - 3"
"2016-10-29 00:59:01 PDT","I","test2@match_com","MinuteService","Previous run within last 50 seconds, ignoring this run"
"2016-10-29 00:59:01 PDT","I","test2@match_com","UploadManagerService","Inside onDestroy"
"2016-10-29 00:59:01 PDT","I","test2@match_com","MinuteService","Inside onDestroy"
"2016-10-29 00:59:03 PDT","I","test2@match_com","BackupMinuteService","Inside onCreate"
"2016-10-29 00:59:03 PDT","I","test2@match_com","Util","Inside setBackupMinuteServiceAlarm"
"2016-10-29 00:59:03 PDT","I","test2@match_com","Util","BackupMinuteService last run at - Sat Oct 29 00:59:03 PDT 2016"
"2016-10-29 00:59:03 PDT","I","test2@match_com","Util","BackupMinuteService next run at - Sat Oct 29 01:00:03 PDT 2016"
"2016-10-29 00:59:03 PDT","I","test2@match_com","MinuteService","Inside onCreate"
"2016-10-29 00:59:03 PDT","I","test2@match_com","MinuteService","Minute Service Alarm was set by - MinuteService"
"2016-10-29 00:59:03 PDT","I","test2@match_com","MinuteService","Time since previous run - 5"
"2016-10-29 00:59:03 PDT","I","test2@match_com","MinuteService","Previous run within last 50 seconds, ignoring this run"
"2016-10-29 00:59:03 PDT","I","test2@match_com","BackupMinuteService","Inside onDestroy"
"2016-10-29 00:59:03 PDT","I","test2@match_com","MinuteService","Inside onDestroy"
"2016-10-29 00:59:03 PDT","I","test2@match_com","AlwaysOnService","Received Intent - android.intent.action.TIME_TICK"
"2016-10-29 00:59:06 PDT","I","test2@match_com","AlwaysOnService","Received Intent - android.intent.action.BATTERY_CHANGED"
"2016-10-29 00:59:18 PDT","I","test2@match_com","AlwaysOnService","Received Intent - android.intent.action.BATTERY_CHANGED"
"2016-10-29 00:59:58 PDT","I","test2@match_com","MinuteService","Inside onCreate"
"2016-10-29 00:59:58 PDT","I","test2@match_com","MinuteService","Minute Service Alarm was set by - MinuteService"
"2016-10-29 00:59:58 PDT","I","test2@match_com","MinuteService","Time since previous run - 60"
"2016-10-29 00:59:58 PDT","I","test2@match_com","MinuteService","Setting Minute Service Last Run"
"2016-10-29 00:59:58 PDT","I","test2@match_com","MinuteService","Setting Minute Service Alarm"
"2016-10-29 00:59:58 PDT","I","test2@match_com","Util","Inside setMinuteServiceAlarmFromMinuteService"
"2016-10-29 00:59:58 PDT","I","test2@match_com","Util","MinuteService last run at - Sat Oct 29 00:59:58 PDT 2016"
"2016-10-29 00:59:58 PDT","I","test2@match_com","Util","MinuteService next run at - Sat Oct 29 01:00:58 PDT 2016"
"2016-10-29 00:59:58 PDT","I","test2@match_com","MinuteService","Setting Minute Service Backup Alarm"
"2016-10-29 00:59:58 PDT","I","test2@match_com","Util","Inside setBackupMinuteServiceAlarm"
"2016-10-29 00:59:58 PDT","I","test2@match_com","Util","BackupMinuteService last run at - Sat Oct 29 00:59:03 PDT 2016"
"2016-10-29 00:59:58 PDT","I","test2@match_com","Util","BackupMinuteService next run at - Sat Oct 29 01:00:03 PDT 2016"
"2016-10-29 00:59:58 PDT","I","test2@match_com","MinuteService","Initializing MATCHConstants"
"2016-10-29 00:59:58 PDT","I","test2@match_com","MinuteService","Notifying user about minute service run"
"2016-10-29 00:59:58 PDT","I","test2@match_com","MinuteService","Writing status to Firebase Database"
"2016-10-29 00:59:58 PDT","I","test2@match_com","MinuteService","Logging Network Status"
"2016-10-29 00:59:58 PDT","I","test2@match_com","ConnectivityManager","isConnected - false - isWifi - false - isMobileInternet - false"
"2016-10-29 00:59:58 PDT","I","test2@match_com","MinuteService","Logging Battery Status"
"2016-10-29 00:59:58 PDT","I","test2@match_com","BatteryManager","Percentage - 95 - isCharging - true - isUSBCharging - false - isACCharging - true - isWirelessCharging - false"
"2016-10-29 00:59:58 PDT","I","test2@match_com","MinuteService","Logging Memory Status"
"2016-10-29 00:59:58 PDT","I","test2@match_com","MemoryManager","Total Memory,898,Available Memory,409,Threshold Memory,144,IsLowMemory,false"
"2016-10-29 00:59:58 PDT","I","test2@match_com","MinuteService","Logging Storage Status"
"2016-10-29 00:59:58 PDT","I","test2@match_com","StorageManager","Internal Total,2247,Internal Free,589,External Total,4637,External Free,3935"
"2016-10-29 00:59:58 PDT","I","test2@match_com","MinuteService","Logging Power Status"
"2016-10-29 00:59:58 PDT","I","test2@match_com","PowerManager","isDeviceIdleMode - false - isInteractive - false - isPowerSaveMode - false - isSustainedPerformanceModeSupported - false"
"2016-10-29 00:59:58 PDT","I","test2@match_com","MinuteService","Logging Notifications Status"
"2016-10-29 00:59:58 PDT","I","test2@match_com","NotificationManager","AreNotificationsEnabled - true - Importance - Unspecified"
"2016-10-29 00:59:58 PDT","I","test2@match_com","MinuteService","Logging Location"
"2016-10-29 00:59:58 PDT","I","test2@match_com","MinuteService","Fetching latest study data"
"2016-10-29 00:59:58 PDT","I","test2@match_com","MinuteService","Starting UploadManagerService"
"2016-10-29 00:59:58 PDT","I","test2@match_com","MinuteService","Starting SurveyManagerService"
"2016-10-29 00:59:58 PDT","I","test2@match_com","UploadManagerService","Inside onCreate"
"2016-10-29 00:59:58 PDT","I","test2@match_com","UploadManagerService","Processing Logs"
"2016-10-29 00:59:58 PDT","I","test2@match_com","UploadManagerService","Processing Logs for Date - /storage/emulated/0/.MATCH/logs/2016-10-26"
"2016-10-29 00:59:58 PDT","I","test2@match_com","UploadManagerService","Processing Logs for Date - /storage/emulated/0/.MATCH/logs/2016-10-27"
"2016-10-29 00:59:58 PDT","I","test2@match_com","UploadManagerService","Processing Logs for Date - /storage/emulated/0/.MATCH/logs/2016-10-28"
"2016-10-29 00:59:58 PDT","I","test2@match_com","UploadManagerService","Processing Logs for Date - /storage/emulated/0/.MATCH/logs/2016-10-29"
"2016-10-29 00:59:58 PDT","I","test2@match_com","UploadManagerService","Processing Surveys"
"2016-10-29 00:59:58 PDT","I","test2@match_com","UploadManagerService","Processing Data files"
"2016-10-29 00:59:58 PDT","I","test2@match_com","UploadManagerService","Processing data for date - /storage/emulated/0/.MATCH/data/2016-10-26"
"2016-10-29 00:59:58 PDT","I","test2@match_com","UploadManagerService","Processing data for hour /storage/emulated/0/.MATCH/data/2016-10-26/19-PDT.zip.uploaded"
"2016-10-29 00:59:58 PDT","I","test2@match_com","UploadManagerService","Processing data for hour /storage/emulated/0/.MATCH/data/2016-10-26/13-PDT.zip.uploaded"
"2016-10-29 00:59:58 PDT","I","test2@match_com","UploadManagerService","Processing data for hour /storage/emulated/0/.MATCH/data/2016-10-26/14-PDT.zip.uploaded"
"2016-10-29 00:59:58 PDT","I","test2@match_com","UploadManagerService","Processing data for hour /storage/emulated/0/.MATCH/data/2016-10-26/15-PDT.zip.uploaded"
"2016-10-29 00:59:58 PDT","I","test2@match_com","UploadManagerService","Processing data for hour /storage/emulated/0/.MATCH/data/2016-10-26/16-PDT.zip.uploaded"
"2016-10-29 00:59:58 PDT","I","test2@match_com","UploadManagerService","Processing data for hour /storage/emulated/0/.MATCH/data/2016-10-26/17-PDT.zip.uploaded"
"2016-10-29 00:59:58 PDT","I","test2@match_com","UploadManagerService","Processing data for hour /storage/emulated/0/.MATCH/data/2016-10-26/21-PDT.zip.uploaded"
"2016-10-29 00:59:58 PDT","I","test2@match_com","UploadManagerService","Processing data for hour /storage/emulated/0/.MATCH/data/2016-10-26/22-PDT.zip.uploaded"
"2016-10-29 00:59:58 PDT","I","test2@match_com","UploadManagerService","Processing data for hour /storage/emulated/0/.MATCH/data/2016-10-26/18-PDT.zip.uploaded"
"2016-10-29 00:59:58 PDT","I","test2@match_com","UploadManagerService","Processing data for hour /storage/emulated/0/.MATCH/data/2016-10-26/20-PDT.zip.uploaded"
"2016-10-29 00:59:58 PDT","I","test2@match_com","UploadManagerService","Processing data for hour /storage/emulated/0/.MATCH/data/2016-10-26/23-PDT.zip.uploaded"
"2016-10-29 00:59:58 PDT","I","test2@match_com","UploadManagerService","Processing data for date - /storage/emulated/0/.MATCH/data/2016-10-27"
"2016-10-29 00:59:58 PDT","I","test2@match_com","UploadManagerService","Processing data for hour /storage/emulated/0/.MATCH/data/2016-10-27/01-PDT.zip.uploaded"
"2016-10-29 00:59:58 PDT","I","test2@match_com","UploadManagerService","Processing data for hour /storage/emulated/0/.MATCH/data/2016-10-27/03-PDT.zip.uploaded"
"2016-10-29 00:59:58 PDT","I","test2@match_com","UploadManagerService","Processing data for hour /storage/emulated/0/.MATCH/data/2016-10-27/04-PDT.zip.uploaded"
"2016-10-29 00:59:58 PDT","I","test2@match_com","UploadManagerService","Processing data for hour /storage/emulated/0/.MATCH/data/2016-10-27/06-PDT.zip.uploaded"
"2016-10-29 00:59:58 PDT","I","test2@match_com","UploadManagerService","Processing data for hour /storage/emulated/0/.MATCH/data/2016-10-27/00-PDT.zip.uploaded"
"2016-10-29 00:59:58 PDT","I","test2@match_com","UploadManagerService","Processing data for hour /storage/emulated/0/.MATCH/data/2016-10-27/02-PDT.zip.uploaded"
"2016-10-29 00:59:58 PDT","I","test2@match_com","UploadManagerService","Processing data for hour /storage/emulated/0/.MATCH/data/2016-10-27/05-PDT.zip.uploaded"
"2016-10-29 00:59:58 PDT","I","test2@match_com","UploadManagerService","Processing data for date - /storage/emulated/0/.MATCH/data/2016-10-28"
"2016-10-29 00:59:58 PDT","I","test2@match_com","UploadManagerService","Processing data for hour /storage/emulated/0/.MATCH/data/2016-10-28/13-PDT.zip"
"2016-10-29 00:59:58 PDT","I","test2@match_com","UploadManagerService","Processing data for hour /storage/emulated/0/.MATCH/data/2016-10-28/14-PDT.zip"
"2016-10-29 00:59:58 PDT","I","test2@match_com","UploadManagerService","Processing data for hour /storage/emulated/0/.MATCH/data/2016-10-28/15-PDT.zip"
"2016-10-29 00:59:58 PDT","I","test2@match_com","UploadManagerService","Processing data for hour /storage/emulated/0/.MATCH/data/2016-10-28/16-PDT.zip"
"2016-10-29 00:59:58 PDT","I","test2@match_com","UploadManagerService","Processing data for hour /storage/emulated/0/.MATCH/data/2016-10-28/17-PDT.zip"
"2016-10-29 00:59:58 PDT","I","test2@match_com","UploadManagerService","Processing data for hour /storage/emulated/0/.MATCH/data/2016-10-28/18-PDT.zip"
"2016-10-29 00:59:58 PDT","I","test2@match_com","UploadManagerService","Processing data for hour /storage/emulated/0/.MATCH/data/2016-10-28/19-PDT.zip"
"2016-10-29 00:59:58 PDT","I","test2@match_com","UploadManagerService","Processing data for hour /storage/emulated/0/.MATCH/data/2016-10-28/20-PDT.zip"
"2016-10-29 00:59:58 PDT","I","test2@match_com","UploadManagerService","Processing data for hour /storage/emulated/0/.MATCH/data/2016-10-28/21-PDT.zip"
"2016-10-29 00:59:58 PDT","I","test2@match_com","UploadManagerService","Processing data for hour /storage/emulated/0/.MATCH/data/2016-10-28/22-PDT.zip"
"2016-10-29 00:59:58 PDT","I","test2@match_com","UploadManagerService","Processing data for hour /storage/emulated/0/.MATCH/data/2016-10-28/23-PDT.zip"
"2016-10-29 00:59:58 PDT","I","test2@match_com","UploadManagerService","Processing data for date - /storage/emulated/0/.MATCH/data/2016-10-29"
"2016-10-29 00:59:58 PDT","I","test2@match_com","UploadManagerService","Processing data for hour /storage/emulated/0/.MATCH/data/2016-10-29/00-PDT"
"2016-10-29 00:59:58 PDT","I","test2@match_com","UploadManagerService","Internet is not connected. Not trying to upload files."
"2016-10-29 00:59:58 PDT","I","test2@match_com","SurveyManagerService","Inside onCreate"
"2016-10-29 00:59:58 PDT","I","test2@match_com","SurveyManagerService","Current time is - Sat Oct 29 00:59:58 PDT 2016"
"2016-10-29 00:59:58 PDT","I","test2@match_com","SurveyManagerService","Start Date is - Tue Oct 25 19:00:00 PDT 2016"
"2016-10-29 00:59:58 PDT","I","test2@match_com","SurveyManagerService","End Date is - Tue Nov 01 16:00:00 PDT 2016"
"2016-10-29 00:59:58 PDT","I","test2@match_com","SurveyManagerService","Scheduling Survey for - KEY_EMA_0730TO0800_CHILD"
"2016-10-29 00:59:58 PDT","I","test2@match_com","SurveyManagerService","Survey KEY_EMA_0730TO0800_CHILD is already scheduled"
"2016-10-29 00:59:58 PDT","I","test2@match_com","SurveyManagerService","Scheduling Survey for - KEY_EMA_0930TO1000_CHILD"
"2016-10-29 00:59:58 PDT","I","test2@match_com","SurveyManagerService","Survey KEY_EMA_0930TO1000_CHILD is already scheduled"
"2016-10-29 00:59:58 PDT","I","test2@match_com","SurveyManagerService","Scheduling Survey for - KEY_EMA_1130TO1200_CHILD"
"2016-10-29 00:59:58 PDT","I","test2@match_com","SurveyManagerService","Survey KEY_EMA_1130TO1200_CHILD is already scheduled"
"2016-10-29 00:59:58 PDT","I","test2@match_com","SurveyManagerService","Scheduling Survey for - KEY_EMA_1330TO1400_CHILD"
"2016-10-29 00:59:58 PDT","I","test2@match_com","SurveyManagerService","Survey KEY_EMA_1330TO1400_CHILD is already scheduled"
"2016-10-29 00:59:58 PDT","I","test2@match_com","SurveyManagerService","Scheduling Survey for - KEY_EMA_1530TO1600_CHILD"
"2016-10-29 00:59:58 PDT","I","test2@match_com","SurveyManagerService","Survey KEY_EMA_1530TO1600_CHILD is already scheduled"
"2016-10-29 00:59:58 PDT","I","test2@match_com","SurveyManagerService","Scheduling Survey for - KEY_EMA_1730TO1800_CHILD"
"2016-10-29 00:59:58 PDT","I","test2@match_com","SurveyManagerService","Survey KEY_EMA_1730TO1800_CHILD is already scheduled"
"2016-10-29 00:59:58 PDT","I","test2@match_com","SurveyManagerService","Scheduling Survey for - KEY_EMA_1930TO2000_CHILD"
"2016-10-29 00:59:58 PDT","I","test2@match_com","SurveyManagerService","Survey KEY_EMA_1930TO2000_CHILD is already scheduled"
"2016-10-29 00:59:58 PDT","I","test2@match_com","SurveyManagerService","Saliva surveys are already scheduled"
"2016-10-29 00:59:58 PDT","I","test2@match_com","SurveyManagerService","Survey KEY_SALIVA_BEDTIME scheduled for Sat Oct 29 21:46:58 PDT 2016"
"2016-10-29 00:59:58 PDT","I","test2@match_com","SurveyManagerService","Survey Schedule for KEY_EMA_0730TO0800_CHILD is Sat Oct 29 07:47:17 PDT 2016"
"2016-10-29 00:59:58 PDT","I","test2@match_com","SurveyManagerService","Still not time to prompt the survey"
"2016-10-29 00:59:58 PDT","I","test2@match_com","SurveyManagerService","Survey Schedule for KEY_EMA_0930TO1000_CHILD is Sat Oct 29 09:57:24 PDT 2016"
"2016-10-29 00:59:58 PDT","I","test2@match_com","SurveyManagerService","Still not time to prompt the survey"
"2016-10-29 00:59:58 PDT","I","test2@match_com","SurveyManagerService","Survey Schedule for KEY_EMA_1130TO1200_CHILD is Sat Oct 29 11:45:10 PDT 2016"
"2016-10-29 00:59:58 PDT","I","test2@match_com","SurveyManagerService","Still not time to prompt the survey"
"2016-10-29 00:59:59 PDT","I","test2@match_com","SurveyManagerService","Survey Schedule for KEY_EMA_1330TO1400_CHILD is Sat Oct 29 13:44:02 PDT 2016"
"2016-10-29 00:59:59 PDT","I","test2@match_com","SurveyManagerService","Still not time to prompt the survey"
"2016-10-29 00:59:59 PDT","I","test2@match_com","SurveyManagerService","Survey Schedule for KEY_EMA_1530TO1600_CHILD is Sat Oct 29 15:33:41 PDT 2016"
"2016-10-29 00:59:59 PDT","I","test2@match_com","SurveyManagerService","Still not time to prompt the survey"
"2016-10-29 00:59:59 PDT","I","test2@match_com","SurveyManagerService","Survey Schedule for KEY_EMA_1730TO1800_CHILD is Sat Oct 29 17:47:43 PDT 2016"
"2016-10-29 00:59:59 PDT","I","test2@match_com","SurveyManagerService","Still not time to prompt the survey"
"2016-10-29 00:59:59 PDT","I","test2@match_com","SurveyManagerService","Survey Schedule for KEY_EMA_1930TO2000_CHILD is Sat Oct 29 19:36:11 PDT 2016"
"2016-10-29 00:59:59 PDT","I","test2@match_com","SurveyManagerService","Still not time to prompt the survey"
"2016-10-29 00:59:59 PDT","I","test2@match_com","SurveyManagerService","KEY_SALIVA_WAKING is scheduled for Sat Oct 29 06:46:56 PDT 2016"
"2016-10-29 00:59:59 PDT","I","test2@match_com","SurveyManagerService","Prompt KEY_SALIVA_WAKING is in the future - Sat Oct 29 06:46:56 PDT 2016"
"2016-10-29 00:59:59 PDT","I","test2@match_com","SurveyManagerService","KEY_SALIVA_WAKING_PLUS_30 is scheduled for Sat Oct 29 07:16:56 PDT 2016"
"2016-10-29 00:59:59 PDT","I","test2@match_com","SurveyManagerService","Prompt KEY_SALIVA_WAKING_PLUS_30 is in the future - Sat Oct 29 07:16:56 PDT 2016"
"2016-10-29 00:59:59 PDT","I","test2@match_com","SurveyManagerService","KEY_SALIVA_AFTERNOON_4TO430_CHILD is scheduled for Sat Oct 29 16:16:27 PDT 2016"
"2016-10-29 00:59:59 PDT","I","test2@match_com","SurveyManagerService","Prompt KEY_SALIVA_AFTERNOON_4TO430_CHILD is in the future - Sat Oct 29 16:16:27 PDT 2016"
"2016-10-29 00:59:59 PDT","I","test2@match_com","SurveyManagerService","KEY_SALIVA_BEDTIME is scheduled for Sat Oct 29 21:46:58 PDT 2016"
"2016-10-29 00:59:59 PDT","I","test2@match_com","SurveyManagerService","Prompt KEY_SALIVA_BEDTIME is in the future - Sat Oct 29 21:46:58 PDT 2016"
"2016-10-29 00:59:59 PDT","I","test2@match_com","MinuteService","Inside onDestroy"
"2016-10-29 00:59:59 PDT","I","test2@match_com","UploadManagerService","Inside onDestroy"
"2016-10-29 00:59:59 PDT","I","test2@match_com","SurveyManagerService","Inside onDestroy"
"2016-10-29 00:59:59 PDT","I","test2@match_com","Zipper","unzipFileWithEncryption"
"2016-10-29 00:59:59 PDT","I","test2@match_com","Zipper","Deleting File - /storage/emulated/0/.MATCH/data/2016-10-29/00-PDT/GPS.csv.zip"
"2016-10-29 00:59:59 PDT","I","test2@match_com","Zipper","zipFileWithEncryption - /storage/emulated/0/.MATCH/data/2016-10-29/00-PDT/GPS.csv"
"2016-10-29 00:59:59 PDT","I","test2@match_com","Zipper","Creating ZipFile - /storage/emulated/0/.MATCH/data/2016-10-29/00-PDT/GPS.csv.zip"
"2016-10-29 00:59:59 PDT","I","test2@match_com","Zipper","Deleting File - /storage/emulated/0/.MATCH/data/2016-10-29/00-PDT/GPS.csv"
