"2017-03-30 13:00:39 PDT","I","lml0101@lml_com","Util","Inside setMinuteServiceAlarmFromMinuteService"
"2017-03-30 13:00:39 PDT","I","lml0101@lml_com","Util","MinuteService last run at - Thu Mar 30 13:00:38 PDT 2017"
"2017-03-30 13:00:39 PDT","I","lml0101@lml_com","Util","MinuteService next run at - Thu Mar 30 13:01:38 PDT 2017"
"2017-03-30 13:00:39 PDT","I","lml0101@lml_com","Util","Inside setBackupMinuteServiceAlarm"
"2017-03-30 13:00:39 PDT","I","lml0101@lml_com","Util","BackupMinuteService last run at - Thu Mar 30 12:50:43 PDT 2017"
"2017-03-30 13:00:39 PDT","I","lml0101@lml_com","Util","BackupMinuteService next run at - Thu Mar 30 13:00:39 PDT 2017"
"2017-03-30 13:00:44 PDT","I","lml0101@lml_com","Util","Inside setBackupMinuteServiceAlarm"
"2017-03-30 13:00:44 PDT","I","lml0101@lml_com","Util","BackupMinuteService last run at - Thu Mar 30 13:00:44 PDT 2017"
"2017-03-30 13:00:44 PDT","I","lml0101@lml_com","Util","BackupMinuteService next run at - Thu Mar 30 13:01:44 PDT 2017"
"2017-03-30 13:01:34 PDT","I","lml0101@lml_com","Util","Inside setMinuteServiceAlarmFromMinuteService"
"2017-03-30 13:01:34 PDT","I","lml0101@lml_com","Util","MinuteService last run at - Thu Mar 30 13:01:34 PDT 2017"
"2017-03-30 13:01:34 PDT","I","lml0101@lml_com","Util","MinuteService next run at - Thu Mar 30 13:02:34 PDT 2017"
"2017-03-30 13:01:34 PDT","I","lml0101@lml_com","Util","Inside setBackupMinuteServiceAlarm"
"2017-03-30 13:01:34 PDT","I","lml0101@lml_com","Util","BackupMinuteService last run at - Thu Mar 30 13:00:44 PDT 2017"
"2017-03-30 13:01:34 PDT","I","lml0101@lml_com","Util","BackupMinuteService next run at - Thu Mar 30 13:01:44 PDT 2017"
"2017-03-30 13:02:34 PDT","I","lml0101@lml_com","Util","Inside setMinuteServiceAlarmFromMinuteService"
"2017-03-30 13:02:34 PDT","I","lml0101@lml_com","Util","MinuteService last run at - Thu Mar 30 13:02:34 PDT 2017"
"2017-03-30 13:02:34 PDT","I","lml0101@lml_com","Util","MinuteService next run at - Thu Mar 30 13:03:34 PDT 2017"
"2017-03-30 13:02:34 PDT","I","lml0101@lml_com","Util","Inside setBackupMinuteServiceAlarm"
"2017-03-30 13:02:34 PDT","I","lml0101@lml_com","Util","BackupMinuteService last run at - Thu Mar 30 13:00:44 PDT 2017"
"2017-03-30 13:02:34 PDT","I","lml0101@lml_com","Util","BackupMinuteService next run at - Thu Mar 30 13:02:34 PDT 2017"
"2017-03-30 13:03:34 PDT","I","lml0101@lml_com","Util","Inside setMinuteServiceAlarmFromMinuteService"
"2017-03-30 13:03:34 PDT","I","lml0101@lml_com","Util","MinuteService last run at - Thu Mar 30 13:03:34 PDT 2017"
"2017-03-30 13:03:34 PDT","I","lml0101@lml_com","Util","MinuteService next run at - Thu Mar 30 13:04:34 PDT 2017"
"2017-03-30 13:03:34 PDT","I","lml0101@lml_com","Util","Inside setBackupMinuteServiceAlarm"
"2017-03-30 13:03:34 PDT","I","lml0101@lml_com","Util","BackupMinuteService last run at - Thu Mar 30 13:00:44 PDT 2017"
"2017-03-30 13:03:34 PDT","I","lml0101@lml_com","Util","BackupMinuteService next run at - Thu Mar 30 13:03:34 PDT 2017"
"2017-03-30 13:04:34 PDT","I","lml0101@lml_com","Util","Inside setMinuteServiceAlarmFromMinuteService"
"2017-03-30 13:04:34 PDT","I","lml0101@lml_com","Util","MinuteService last run at - Thu Mar 30 13:04:34 PDT 2017"
"2017-03-30 13:04:34 PDT","I","lml0101@lml_com","Util","MinuteService next run at - Thu Mar 30 13:05:34 PDT 2017"
"2017-03-30 13:04:34 PDT","I","lml0101@lml_com","Util","Inside setBackupMinuteServiceAlarm"
"2017-03-30 13:04:34 PDT","I","lml0101@lml_com","Util","BackupMinuteService last run at - Thu Mar 30 13:00:44 PDT 2017"
"2017-03-30 13:04:34 PDT","I","lml0101@lml_com","Util","BackupMinuteService next run at - Thu Mar 30 13:04:34 PDT 2017"
"2017-03-30 13:05:34 PDT","I","lml0101@lml_com","Util","Inside setMinuteServiceAlarmFromMinuteService"
"2017-03-30 13:05:34 PDT","I","lml0101@lml_com","Util","MinuteService last run at - Thu Mar 30 13:05:34 PDT 2017"
"2017-03-30 13:05:34 PDT","I","lml0101@lml_com","Util","MinuteService next run at - Thu Mar 30 13:06:34 PDT 2017"
"2017-03-30 13:05:34 PDT","I","lml0101@lml_com","Util","Inside setBackupMinuteServiceAlarm"
"2017-03-30 13:05:34 PDT","I","lml0101@lml_com","Util","BackupMinuteService last run at - Thu Mar 30 13:00:44 PDT 2017"
"2017-03-30 13:05:34 PDT","I","lml0101@lml_com","Util","BackupMinuteService next run at - Thu Mar 30 13:05:34 PDT 2017"
"2017-03-30 13:06:34 PDT","I","lml0101@lml_com","Util","Inside setMinuteServiceAlarmFromMinuteService"
"2017-03-30 13:06:34 PDT","I","lml0101@lml_com","Util","MinuteService last run at - Thu Mar 30 13:06:34 PDT 2017"
"2017-03-30 13:06:34 PDT","I","lml0101@lml_com","Util","MinuteService next run at - Thu Mar 30 13:07:34 PDT 2017"
"2017-03-30 13:06:34 PDT","I","lml0101@lml_com","Util","Inside setBackupMinuteServiceAlarm"
"2017-03-30 13:06:34 PDT","I","lml0101@lml_com","Util","BackupMinuteService last run at - Thu Mar 30 13:00:44 PDT 2017"
"2017-03-30 13:06:34 PDT","I","lml0101@lml_com","Util","BackupMinuteService next run at - Thu Mar 30 13:06:34 PDT 2017"
"2017-03-30 13:07:34 PDT","I","lml0101@lml_com","Util","Inside setMinuteServiceAlarmFromMinuteService"
"2017-03-30 13:07:34 PDT","I","lml0101@lml_com","Util","MinuteService last run at - Thu Mar 30 13:07:34 PDT 2017"
"2017-03-30 13:07:34 PDT","I","lml0101@lml_com","Util","MinuteService next run at - Thu Mar 30 13:08:34 PDT 2017"
"2017-03-30 13:07:34 PDT","I","lml0101@lml_com","Util","Inside setBackupMinuteServiceAlarm"
"2017-03-30 13:07:34 PDT","I","lml0101@lml_com","Util","BackupMinuteService last run at - Thu Mar 30 13:00:44 PDT 2017"
"2017-03-30 13:07:34 PDT","I","lml0101@lml_com","Util","BackupMinuteService next run at - Thu Mar 30 13:07:34 PDT 2017"
"2017-03-30 13:08:34 PDT","I","lml0101@lml_com","Util","Inside setMinuteServiceAlarmFromMinuteService"
"2017-03-30 13:08:34 PDT","I","lml0101@lml_com","Util","MinuteService last run at - Thu Mar 30 13:08:34 PDT 2017"
"2017-03-30 13:08:34 PDT","I","lml0101@lml_com","Util","MinuteService next run at - Thu Mar 30 13:09:34 PDT 2017"
"2017-03-30 13:08:34 PDT","I","lml0101@lml_com","Util","Inside setBackupMinuteServiceAlarm"
"2017-03-30 13:08:34 PDT","I","lml0101@lml_com","Util","BackupMinuteService last run at - Thu Mar 30 13:00:44 PDT 2017"
"2017-03-30 13:08:34 PDT","I","lml0101@lml_com","Util","BackupMinuteService next run at - Thu Mar 30 13:08:34 PDT 2017"
"2017-03-30 13:09:34 PDT","I","lml0101@lml_com","Util","Inside setMinuteServiceAlarmFromMinuteService"
"2017-03-30 13:09:34 PDT","I","lml0101@lml_com","Util","MinuteService last run at - Thu Mar 30 13:09:34 PDT 2017"
"2017-03-30 13:09:34 PDT","I","lml0101@lml_com","Util","MinuteService next run at - Thu Mar 30 13:10:34 PDT 2017"
"2017-03-30 13:09:34 PDT","I","lml0101@lml_com","Util","Inside setBackupMinuteServiceAlarm"
"2017-03-30 13:09:34 PDT","I","lml0101@lml_com","Util","BackupMinuteService last run at - Thu Mar 30 13:00:44 PDT 2017"
"2017-03-30 13:09:34 PDT","I","lml0101@lml_com","Util","BackupMinuteService next run at - Thu Mar 30 13:09:34 PDT 2017"
"2017-03-30 13:10:34 PDT","I","lml0101@lml_com","Util","Inside setMinuteServiceAlarmFromMinuteService"
"2017-03-30 13:10:34 PDT","I","lml0101@lml_com","Util","MinuteService last run at - Thu Mar 30 13:10:34 PDT 2017"
"2017-03-30 13:10:34 PDT","I","lml0101@lml_com","Util","MinuteService next run at - Thu Mar 30 13:11:34 PDT 2017"
"2017-03-30 13:10:34 PDT","I","lml0101@lml_com","Util","Inside setBackupMinuteServiceAlarm"
"2017-03-30 13:10:34 PDT","I","lml0101@lml_com","Util","BackupMinuteService last run at - Thu Mar 30 13:00:44 PDT 2017"
"2017-03-30 13:10:34 PDT","I","lml0101@lml_com","Util","BackupMinuteService next run at - Thu Mar 30 13:10:34 PDT 2017"
"2017-03-30 13:10:44 PDT","I","lml0101@lml_com","Util","Inside setBackupMinuteServiceAlarm"
"2017-03-30 13:10:44 PDT","I","lml0101@lml_com","Util","BackupMinuteService last run at - Thu Mar 30 13:10:44 PDT 2017"
"2017-03-30 13:10:44 PDT","I","lml0101@lml_com","Util","BackupMinuteService next run at - Thu Mar 30 13:11:44 PDT 2017"
"2017-03-30 13:11:34 PDT","I","lml0101@lml_com","Util","Inside setMinuteServiceAlarmFromMinuteService"
"2017-03-30 13:11:34 PDT","I","lml0101@lml_com","Util","MinuteService last run at - Thu Mar 30 13:11:34 PDT 2017"
"2017-03-30 13:11:34 PDT","I","lml0101@lml_com","Util","MinuteService next run at - Thu Mar 30 13:12:34 PDT 2017"
"2017-03-30 13:11:34 PDT","I","lml0101@lml_com","Util","Inside setBackupMinuteServiceAlarm"
"2017-03-30 13:11:34 PDT","I","lml0101@lml_com","Util","BackupMinuteService last run at - Thu Mar 30 13:10:44 PDT 2017"
"2017-03-30 13:11:34 PDT","I","lml0101@lml_com","Util","BackupMinuteService next run at - Thu Mar 30 13:11:44 PDT 2017"
"2017-03-30 13:12:34 PDT","I","lml0101@lml_com","Util","Inside setMinuteServiceAlarmFromMinuteService"
"2017-03-30 13:12:34 PDT","I","lml0101@lml_com","Util","MinuteService last run at - Thu Mar 30 13:12:34 PDT 2017"
"2017-03-30 13:12:34 PDT","I","lml0101@lml_com","Util","MinuteService next run at - Thu Mar 30 13:13:34 PDT 2017"
"2017-03-30 13:12:34 PDT","I","lml0101@lml_com","Util","Inside setBackupMinuteServiceAlarm"
"2017-03-30 13:12:34 PDT","I","lml0101@lml_com","Util","BackupMinuteService last run at - Thu Mar 30 13:10:44 PDT 2017"
"2017-03-30 13:12:34 PDT","I","lml0101@lml_com","Util","BackupMinuteService next run at - Thu Mar 30 13:12:34 PDT 2017"
"2017-03-30 13:13:34 PDT","I","lml0101@lml_com","Util","Inside setMinuteServiceAlarmFromMinuteService"
"2017-03-30 13:13:34 PDT","I","lml0101@lml_com","Util","MinuteService last run at - Thu Mar 30 13:13:34 PDT 2017"
"2017-03-30 13:13:34 PDT","I","lml0101@lml_com","Util","MinuteService next run at - Thu Mar 30 13:14:34 PDT 2017"
"2017-03-30 13:13:34 PDT","I","lml0101@lml_com","Util","Inside setBackupMinuteServiceAlarm"
"2017-03-30 13:13:34 PDT","I","lml0101@lml_com","Util","BackupMinuteService last run at - Thu Mar 30 13:10:44 PDT 2017"
"2017-03-30 13:13:34 PDT","I","lml0101@lml_com","Util","BackupMinuteService next run at - Thu Mar 30 13:13:34 PDT 2017"
"2017-03-30 13:14:34 PDT","I","lml0101@lml_com","Util","Inside setMinuteServiceAlarmFromMinuteService"
"2017-03-30 13:14:34 PDT","I","lml0101@lml_com","Util","MinuteService last run at - Thu Mar 30 13:14:34 PDT 2017"
"2017-03-30 13:14:34 PDT","I","lml0101@lml_com","Util","MinuteService next run at - Thu Mar 30 13:15:34 PDT 2017"
"2017-03-30 13:14:34 PDT","I","lml0101@lml_com","Util","Inside setBackupMinuteServiceAlarm"
"2017-03-30 13:14:34 PDT","I","lml0101@lml_com","Util","BackupMinuteService last run at - Thu Mar 30 13:10:44 PDT 2017"
"2017-03-30 13:14:34 PDT","I","lml0101@lml_com","Util","BackupMinuteService next run at - Thu Mar 30 13:14:34 PDT 2017"
"2017-03-30 13:15:34 PDT","I","lml0101@lml_com","Util","Inside setMinuteServiceAlarmFromMinuteService"
"2017-03-30 13:15:34 PDT","I","lml0101@lml_com","Util","MinuteService last run at - Thu Mar 30 13:15:34 PDT 2017"
"2017-03-30 13:15:34 PDT","I","lml0101@lml_com","Util","MinuteService next run at - Thu Mar 30 13:16:34 PDT 2017"
"2017-03-30 13:15:34 PDT","I","lml0101@lml_com","Util","Inside setBackupMinuteServiceAlarm"
"2017-03-30 13:15:34 PDT","I","lml0101@lml_com","Util","BackupMinuteService last run at - Thu Mar 30 13:10:44 PDT 2017"
"2017-03-30 13:15:34 PDT","I","lml0101@lml_com","Util","BackupMinuteService next run at - Thu Mar 30 13:15:34 PDT 2017"
"2017-03-30 13:16:34 PDT","I","lml0101@lml_com","Util","Inside setMinuteServiceAlarmFromMinuteService"
"2017-03-30 13:16:34 PDT","I","lml0101@lml_com","Util","MinuteService last run at - Thu Mar 30 13:16:34 PDT 2017"
"2017-03-30 13:16:34 PDT","I","lml0101@lml_com","Util","MinuteService next run at - Thu Mar 30 13:17:34 PDT 2017"
"2017-03-30 13:16:34 PDT","I","lml0101@lml_com","Util","Inside setBackupMinuteServiceAlarm"
"2017-03-30 13:16:34 PDT","I","lml0101@lml_com","Util","BackupMinuteService last run at - Thu Mar 30 13:10:44 PDT 2017"
"2017-03-30 13:16:34 PDT","I","lml0101@lml_com","Util","BackupMinuteService next run at - Thu Mar 30 13:16:34 PDT 2017"
"2017-03-30 13:17:34 PDT","I","lml0101@lml_com","Util","Inside setMinuteServiceAlarmFromMinuteService"
"2017-03-30 13:17:34 PDT","I","lml0101@lml_com","Util","MinuteService last run at - Thu Mar 30 13:17:34 PDT 2017"
"2017-03-30 13:17:34 PDT","I","lml0101@lml_com","Util","MinuteService next run at - Thu Mar 30 13:18:34 PDT 2017"
"2017-03-30 13:17:34 PDT","I","lml0101@lml_com","Util","Inside setBackupMinuteServiceAlarm"
"2017-03-30 13:17:34 PDT","I","lml0101@lml_com","Util","BackupMinuteService last run at - Thu Mar 30 13:10:44 PDT 2017"
"2017-03-30 13:17:34 PDT","I","lml0101@lml_com","Util","BackupMinuteService next run at - Thu Mar 30 13:17:34 PDT 2017"
"2017-03-30 13:18:34 PDT","I","lml0101@lml_com","Util","Inside setMinuteServiceAlarmFromMinuteService"
"2017-03-30 13:18:34 PDT","I","lml0101@lml_com","Util","MinuteService last run at - Thu Mar 30 13:18:34 PDT 2017"
"2017-03-30 13:18:34 PDT","I","lml0101@lml_com","Util","MinuteService next run at - Thu Mar 30 13:19:34 PDT 2017"
"2017-03-30 13:18:34 PDT","I","lml0101@lml_com","Util","Inside setBackupMinuteServiceAlarm"
"2017-03-30 13:18:34 PDT","I","lml0101@lml_com","Util","BackupMinuteService last run at - Thu Mar 30 13:10:44 PDT 2017"
"2017-03-30 13:18:34 PDT","I","lml0101@lml_com","Util","BackupMinuteService next run at - Thu Mar 30 13:18:34 PDT 2017"
"2017-03-30 13:19:34 PDT","I","lml0101@lml_com","Util","Inside setMinuteServiceAlarmFromMinuteService"
"2017-03-30 13:19:34 PDT","I","lml0101@lml_com","Util","MinuteService last run at - Thu Mar 30 13:19:34 PDT 2017"
"2017-03-30 13:19:34 PDT","I","lml0101@lml_com","Util","MinuteService next run at - Thu Mar 30 13:20:34 PDT 2017"
"2017-03-30 13:19:34 PDT","I","lml0101@lml_com","Util","Inside setBackupMinuteServiceAlarm"
"2017-03-30 13:19:34 PDT","I","lml0101@lml_com","Util","BackupMinuteService last run at - Thu Mar 30 13:10:44 PDT 2017"
"2017-03-30 13:19:34 PDT","I","lml0101@lml_com","Util","BackupMinuteService next run at - Thu Mar 30 13:19:34 PDT 2017"
"2017-03-30 13:20:34 PDT","I","lml0101@lml_com","Util","Inside setMinuteServiceAlarmFromMinuteService"
"2017-03-30 13:20:34 PDT","I","lml0101@lml_com","Util","MinuteService last run at - Thu Mar 30 13:20:34 PDT 2017"
"2017-03-30 13:20:34 PDT","I","lml0101@lml_com","Util","MinuteService next run at - Thu Mar 30 13:21:34 PDT 2017"
"2017-03-30 13:20:34 PDT","I","lml0101@lml_com","Util","Inside setBackupMinuteServiceAlarm"
"2017-03-30 13:20:34 PDT","I","lml0101@lml_com","Util","BackupMinuteService last run at - Thu Mar 30 13:10:44 PDT 2017"
"2017-03-30 13:20:34 PDT","I","lml0101@lml_com","Util","BackupMinuteService next run at - Thu Mar 30 13:20:34 PDT 2017"
"2017-03-30 13:20:44 PDT","I","lml0101@lml_com","Util","Inside setBackupMinuteServiceAlarm"
"2017-03-30 13:20:44 PDT","I","lml0101@lml_com","Util","BackupMinuteService last run at - Thu Mar 30 13:20:44 PDT 2017"
"2017-03-30 13:20:44 PDT","I","lml0101@lml_com","Util","BackupMinuteService next run at - Thu Mar 30 13:21:44 PDT 2017"
"2017-03-30 13:21:34 PDT","I","lml0101@lml_com","Util","Inside setMinuteServiceAlarmFromMinuteService"
"2017-03-30 13:21:34 PDT","I","lml0101@lml_com","Util","MinuteService last run at - Thu Mar 30 13:21:34 PDT 2017"
"2017-03-30 13:21:34 PDT","I","lml0101@lml_com","Util","MinuteService next run at - Thu Mar 30 13:22:34 PDT 2017"
"2017-03-30 13:21:34 PDT","I","lml0101@lml_com","Util","Inside setBackupMinuteServiceAlarm"
"2017-03-30 13:21:34 PDT","I","lml0101@lml_com","Util","BackupMinuteService last run at - Thu Mar 30 13:20:44 PDT 2017"
"2017-03-30 13:21:34 PDT","I","lml0101@lml_com","Util","BackupMinuteService next run at - Thu Mar 30 13:21:44 PDT 2017"
"2017-03-30 13:22:34 PDT","I","lml0101@lml_com","Util","Inside setMinuteServiceAlarmFromMinuteService"
"2017-03-30 13:22:34 PDT","I","lml0101@lml_com","Util","MinuteService last run at - Thu Mar 30 13:22:34 PDT 2017"
"2017-03-30 13:22:34 PDT","I","lml0101@lml_com","Util","MinuteService next run at - Thu Mar 30 13:23:34 PDT 2017"
"2017-03-30 13:22:35 PDT","I","lml0101@lml_com","Util","Inside setBackupMinuteServiceAlarm"
"2017-03-30 13:22:35 PDT","I","lml0101@lml_com","Util","BackupMinuteService last run at - Thu Mar 30 13:20:44 PDT 2017"
"2017-03-30 13:22:35 PDT","I","lml0101@lml_com","Util","BackupMinuteService next run at - Thu Mar 30 13:22:35 PDT 2017"
"2017-03-30 13:23:35 PDT","I","lml0101@lml_com","Util","Inside setMinuteServiceAlarmFromMinuteService"
"2017-03-30 13:23:35 PDT","I","lml0101@lml_com","Util","MinuteService last run at - Thu Mar 30 13:23:35 PDT 2017"
"2017-03-30 13:23:35 PDT","I","lml0101@lml_com","Util","MinuteService next run at - Thu Mar 30 13:24:35 PDT 2017"
"2017-03-30 13:23:35 PDT","I","lml0101@lml_com","Util","Inside setBackupMinuteServiceAlarm"
"2017-03-30 13:23:35 PDT","I","lml0101@lml_com","Util","BackupMinuteService last run at - Thu Mar 30 13:20:44 PDT 2017"
"2017-03-30 13:23:35 PDT","I","lml0101@lml_com","Util","BackupMinuteService next run at - Thu Mar 30 13:23:35 PDT 2017"
"2017-03-30 13:24:35 PDT","I","lml0101@lml_com","Util","Inside setMinuteServiceAlarmFromMinuteService"
"2017-03-30 13:24:35 PDT","I","lml0101@lml_com","Util","MinuteService last run at - Thu Mar 30 13:24:35 PDT 2017"
"2017-03-30 13:24:35 PDT","I","lml0101@lml_com","Util","MinuteService next run at - Thu Mar 30 13:25:35 PDT 2017"
"2017-03-30 13:24:35 PDT","I","lml0101@lml_com","Util","Inside setBackupMinuteServiceAlarm"
"2017-03-30 13:24:35 PDT","I","lml0101@lml_com","Util","BackupMinuteService last run at - Thu Mar 30 13:20:44 PDT 2017"
"2017-03-30 13:24:35 PDT","I","lml0101@lml_com","Util","BackupMinuteService next run at - Thu Mar 30 13:24:35 PDT 2017"
"2017-03-30 13:25:35 PDT","I","lml0101@lml_com","Util","Inside setMinuteServiceAlarmFromMinuteService"
"2017-03-30 13:25:35 PDT","I","lml0101@lml_com","Util","MinuteService last run at - Thu Mar 30 13:25:35 PDT 2017"
"2017-03-30 13:25:35 PDT","I","lml0101@lml_com","Util","MinuteService next run at - Thu Mar 30 13:26:35 PDT 2017"
"2017-03-30 13:25:35 PDT","I","lml0101@lml_com","Util","Inside setBackupMinuteServiceAlarm"
"2017-03-30 13:25:35 PDT","I","lml0101@lml_com","Util","BackupMinuteService last run at - Thu Mar 30 13:20:44 PDT 2017"
"2017-03-30 13:25:35 PDT","I","lml0101@lml_com","Util","BackupMinuteService next run at - Thu Mar 30 13:25:35 PDT 2017"
"2017-03-30 13:26:35 PDT","I","lml0101@lml_com","Util","Inside setMinuteServiceAlarmFromMinuteService"
"2017-03-30 13:26:35 PDT","I","lml0101@lml_com","Util","MinuteService last run at - Thu Mar 30 13:26:35 PDT 2017"
"2017-03-30 13:26:35 PDT","I","lml0101@lml_com","Util","MinuteService next run at - Thu Mar 30 13:27:35 PDT 2017"
"2017-03-30 13:26:35 PDT","I","lml0101@lml_com","Util","Inside setBackupMinuteServiceAlarm"
"2017-03-30 13:26:35 PDT","I","lml0101@lml_com","Util","BackupMinuteService last run at - Thu Mar 30 13:20:44 PDT 2017"
"2017-03-30 13:26:35 PDT","I","lml0101@lml_com","Util","BackupMinuteService next run at - Thu Mar 30 13:26:35 PDT 2017"
"2017-03-30 13:27:35 PDT","I","lml0101@lml_com","Util","Inside setMinuteServiceAlarmFromMinuteService"
"2017-03-30 13:27:35 PDT","I","lml0101@lml_com","Util","MinuteService last run at - Thu Mar 30 13:27:35 PDT 2017"
"2017-03-30 13:27:35 PDT","I","lml0101@lml_com","Util","MinuteService next run at - Thu Mar 30 13:28:35 PDT 2017"
"2017-03-30 13:27:35 PDT","I","lml0101@lml_com","Util","Inside setBackupMinuteServiceAlarm"
"2017-03-30 13:27:35 PDT","I","lml0101@lml_com","Util","BackupMinuteService last run at - Thu Mar 30 13:20:44 PDT 2017"
"2017-03-30 13:27:35 PDT","I","lml0101@lml_com","Util","BackupMinuteService next run at - Thu Mar 30 13:27:35 PDT 2017"
"2017-03-30 13:28:35 PDT","I","lml0101@lml_com","Util","Inside setMinuteServiceAlarmFromMinuteService"
"2017-03-30 13:28:35 PDT","I","lml0101@lml_com","Util","MinuteService last run at - Thu Mar 30 13:28:35 PDT 2017"
"2017-03-30 13:28:35 PDT","I","lml0101@lml_com","Util","MinuteService next run at - Thu Mar 30 13:29:35 PDT 2017"
"2017-03-30 13:28:35 PDT","I","lml0101@lml_com","Util","Inside setBackupMinuteServiceAlarm"
"2017-03-30 13:28:35 PDT","I","lml0101@lml_com","Util","BackupMinuteService last run at - Thu Mar 30 13:20:44 PDT 2017"
"2017-03-30 13:28:35 PDT","I","lml0101@lml_com","Util","BackupMinuteService next run at - Thu Mar 30 13:28:35 PDT 2017"
"2017-03-30 13:29:35 PDT","I","lml0101@lml_com","Util","Inside setMinuteServiceAlarmFromMinuteService"
"2017-03-30 13:29:35 PDT","I","lml0101@lml_com","Util","MinuteService last run at - Thu Mar 30 13:29:35 PDT 2017"
"2017-03-30 13:29:35 PDT","I","lml0101@lml_com","Util","MinuteService next run at - Thu Mar 30 13:30:35 PDT 2017"
"2017-03-30 13:29:35 PDT","I","lml0101@lml_com","Util","Inside setBackupMinuteServiceAlarm"
"2017-03-30 13:29:35 PDT","I","lml0101@lml_com","Util","BackupMinuteService last run at - Thu Mar 30 13:20:44 PDT 2017"
"2017-03-30 13:29:35 PDT","I","lml0101@lml_com","Util","BackupMinuteService next run at - Thu Mar 30 13:29:35 PDT 2017"
"2017-03-30 13:30:35 PDT","I","lml0101@lml_com","Util","Inside setMinuteServiceAlarmFromMinuteService"
"2017-03-30 13:30:35 PDT","I","lml0101@lml_com","Util","MinuteService last run at - Thu Mar 30 13:30:35 PDT 2017"
"2017-03-30 13:30:35 PDT","I","lml0101@lml_com","Util","MinuteService next run at - Thu Mar 30 13:31:35 PDT 2017"
"2017-03-30 13:30:35 PDT","I","lml0101@lml_com","Util","Inside setBackupMinuteServiceAlarm"
"2017-03-30 13:30:35 PDT","I","lml0101@lml_com","Util","BackupMinuteService last run at - Thu Mar 30 13:20:44 PDT 2017"
"2017-03-30 13:30:35 PDT","I","lml0101@lml_com","Util","BackupMinuteService next run at - Thu Mar 30 13:30:35 PDT 2017"
"2017-03-30 13:30:44 PDT","I","lml0101@lml_com","Util","Inside setBackupMinuteServiceAlarm"
"2017-03-30 13:30:44 PDT","I","lml0101@lml_com","Util","BackupMinuteService last run at - Thu Mar 30 13:30:44 PDT 2017"
"2017-03-30 13:30:44 PDT","I","lml0101@lml_com","Util","BackupMinuteService next run at - Thu Mar 30 13:31:44 PDT 2017"
"2017-03-30 13:31:35 PDT","I","lml0101@lml_com","Util","Inside setMinuteServiceAlarmFromMinuteService"
"2017-03-30 13:31:35 PDT","I","lml0101@lml_com","Util","MinuteService last run at - Thu Mar 30 13:31:35 PDT 2017"
"2017-03-30 13:31:35 PDT","I","lml0101@lml_com","Util","MinuteService next run at - Thu Mar 30 13:32:35 PDT 2017"
"2017-03-30 13:31:35 PDT","I","lml0101@lml_com","Util","Inside setBackupMinuteServiceAlarm"
"2017-03-30 13:31:35 PDT","I","lml0101@lml_com","Util","BackupMinuteService last run at - Thu Mar 30 13:30:44 PDT 2017"
"2017-03-30 13:31:35 PDT","I","lml0101@lml_com","Util","BackupMinuteService next run at - Thu Mar 30 13:31:44 PDT 2017"
"2017-03-30 13:32:35 PDT","I","lml0101@lml_com","Util","Inside setMinuteServiceAlarmFromMinuteService"
"2017-03-30 13:32:35 PDT","I","lml0101@lml_com","Util","MinuteService last run at - Thu Mar 30 13:32:35 PDT 2017"
"2017-03-30 13:32:35 PDT","I","lml0101@lml_com","Util","MinuteService next run at - Thu Mar 30 13:33:35 PDT 2017"
"2017-03-30 13:32:35 PDT","I","lml0101@lml_com","Util","Inside setBackupMinuteServiceAlarm"
"2017-03-30 13:32:35 PDT","I","lml0101@lml_com","Util","BackupMinuteService last run at - Thu Mar 30 13:30:44 PDT 2017"
"2017-03-30 13:32:35 PDT","I","lml0101@lml_com","Util","BackupMinuteService next run at - Thu Mar 30 13:32:35 PDT 2017"
"2017-03-30 13:33:35 PDT","I","lml0101@lml_com","Util","Inside setMinuteServiceAlarmFromMinuteService"
"2017-03-30 13:33:35 PDT","I","lml0101@lml_com","Util","MinuteService last run at - Thu Mar 30 13:33:35 PDT 2017"
"2017-03-30 13:33:35 PDT","I","lml0101@lml_com","Util","MinuteService next run at - Thu Mar 30 13:34:35 PDT 2017"
"2017-03-30 13:33:35 PDT","I","lml0101@lml_com","Util","Inside setBackupMinuteServiceAlarm"
"2017-03-30 13:33:35 PDT","I","lml0101@lml_com","Util","BackupMinuteService last run at - Thu Mar 30 13:30:44 PDT 2017"
"2017-03-30 13:33:35 PDT","I","lml0101@lml_com","Util","BackupMinuteService next run at - Thu Mar 30 13:33:35 PDT 2017"
"2017-03-30 13:34:35 PDT","I","lml0101@lml_com","Util","Inside setMinuteServiceAlarmFromMinuteService"
"2017-03-30 13:34:35 PDT","I","lml0101@lml_com","Util","MinuteService last run at - Thu Mar 30 13:34:35 PDT 2017"
"2017-03-30 13:34:35 PDT","I","lml0101@lml_com","Util","MinuteService next run at - Thu Mar 30 13:35:35 PDT 2017"
"2017-03-30 13:34:35 PDT","I","lml0101@lml_com","Util","Inside setBackupMinuteServiceAlarm"
"2017-03-30 13:34:35 PDT","I","lml0101@lml_com","Util","BackupMinuteService last run at - Thu Mar 30 13:30:44 PDT 2017"
"2017-03-30 13:34:35 PDT","I","lml0101@lml_com","Util","BackupMinuteService next run at - Thu Mar 30 13:34:35 PDT 2017"
"2017-03-30 13:35:35 PDT","I","lml0101@lml_com","Util","Inside setMinuteServiceAlarmFromMinuteService"
"2017-03-30 13:35:35 PDT","I","lml0101@lml_com","Util","MinuteService last run at - Thu Mar 30 13:35:35 PDT 2017"
"2017-03-30 13:35:35 PDT","I","lml0101@lml_com","Util","MinuteService next run at - Thu Mar 30 13:36:35 PDT 2017"
"2017-03-30 13:35:35 PDT","I","lml0101@lml_com","Util","Inside setBackupMinuteServiceAlarm"
"2017-03-30 13:35:35 PDT","I","lml0101@lml_com","Util","BackupMinuteService last run at - Thu Mar 30 13:30:44 PDT 2017"
"2017-03-30 13:35:35 PDT","I","lml0101@lml_com","Util","BackupMinuteService next run at - Thu Mar 30 13:35:35 PDT 2017"
"2017-03-30 13:36:35 PDT","I","lml0101@lml_com","Util","Inside setMinuteServiceAlarmFromMinuteService"
"2017-03-30 13:36:35 PDT","I","lml0101@lml_com","Util","MinuteService last run at - Thu Mar 30 13:36:35 PDT 2017"
"2017-03-30 13:36:35 PDT","I","lml0101@lml_com","Util","MinuteService next run at - Thu Mar 30 13:37:35 PDT 2017"
"2017-03-30 13:36:35 PDT","I","lml0101@lml_com","Util","Inside setBackupMinuteServiceAlarm"
"2017-03-30 13:36:35 PDT","I","lml0101@lml_com","Util","BackupMinuteService last run at - Thu Mar 30 13:30:44 PDT 2017"
"2017-03-30 13:36:35 PDT","I","lml0101@lml_com","Util","BackupMinuteService next run at - Thu Mar 30 13:36:35 PDT 2017"
"2017-03-30 13:37:35 PDT","I","lml0101@lml_com","Util","Inside setMinuteServiceAlarmFromMinuteService"
"2017-03-30 13:37:35 PDT","I","lml0101@lml_com","Util","MinuteService last run at - Thu Mar 30 13:37:35 PDT 2017"
"2017-03-30 13:37:35 PDT","I","lml0101@lml_com","Util","MinuteService next run at - Thu Mar 30 13:38:35 PDT 2017"
"2017-03-30 13:37:35 PDT","I","lml0101@lml_com","Util","Inside setBackupMinuteServiceAlarm"
"2017-03-30 13:37:35 PDT","I","lml0101@lml_com","Util","BackupMinuteService last run at - Thu Mar 30 13:30:44 PDT 2017"
"2017-03-30 13:37:35 PDT","I","lml0101@lml_com","Util","BackupMinuteService next run at - Thu Mar 30 13:37:35 PDT 2017"
"2017-03-30 13:38:35 PDT","I","lml0101@lml_com","Util","Inside setMinuteServiceAlarmFromMinuteService"
"2017-03-30 13:38:35 PDT","I","lml0101@lml_com","Util","MinuteService last run at - Thu Mar 30 13:38:35 PDT 2017"
"2017-03-30 13:38:35 PDT","I","lml0101@lml_com","Util","MinuteService next run at - Thu Mar 30 13:39:35 PDT 2017"
"2017-03-30 13:38:35 PDT","I","lml0101@lml_com","Util","Inside setBackupMinuteServiceAlarm"
"2017-03-30 13:38:35 PDT","I","lml0101@lml_com","Util","BackupMinuteService last run at - Thu Mar 30 13:30:44 PDT 2017"
"2017-03-30 13:38:35 PDT","I","lml0101@lml_com","Util","BackupMinuteService next run at - Thu Mar 30 13:38:35 PDT 2017"
"2017-03-30 13:39:35 PDT","I","lml0101@lml_com","Util","Inside setMinuteServiceAlarmFromMinuteService"
"2017-03-30 13:39:35 PDT","I","lml0101@lml_com","Util","MinuteService last run at - Thu Mar 30 13:39:35 PDT 2017"
"2017-03-30 13:39:35 PDT","I","lml0101@lml_com","Util","MinuteService next run at - Thu Mar 30 13:40:35 PDT 2017"
"2017-03-30 13:39:35 PDT","I","lml0101@lml_com","Util","Inside setBackupMinuteServiceAlarm"
"2017-03-30 13:39:35 PDT","I","lml0101@lml_com","Util","BackupMinuteService last run at - Thu Mar 30 13:30:44 PDT 2017"
"2017-03-30 13:39:35 PDT","I","lml0101@lml_com","Util","BackupMinuteService next run at - Thu Mar 30 13:39:35 PDT 2017"
"2017-03-30 13:40:35 PDT","I","lml0101@lml_com","Util","Inside setMinuteServiceAlarmFromMinuteService"
"2017-03-30 13:40:35 PDT","I","lml0101@lml_com","Util","MinuteService last run at - Thu Mar 30 13:40:35 PDT 2017"
"2017-03-30 13:40:35 PDT","I","lml0101@lml_com","Util","MinuteService next run at - Thu Mar 30 13:41:35 PDT 2017"
"2017-03-30 13:40:35 PDT","I","lml0101@lml_com","Util","Inside setBackupMinuteServiceAlarm"
"2017-03-30 13:40:35 PDT","I","lml0101@lml_com","Util","BackupMinuteService last run at - Thu Mar 30 13:30:44 PDT 2017"
"2017-03-30 13:40:35 PDT","I","lml0101@lml_com","Util","BackupMinuteService next run at - Thu Mar 30 13:40:35 PDT 2017"
"2017-03-30 13:40:44 PDT","I","lml0101@lml_com","Util","Inside setBackupMinuteServiceAlarm"
"2017-03-30 13:40:44 PDT","I","lml0101@lml_com","Util","BackupMinuteService last run at - Thu Mar 30 13:40:44 PDT 2017"
"2017-03-30 13:40:44 PDT","I","lml0101@lml_com","Util","BackupMinuteService next run at - Thu Mar 30 13:41:44 PDT 2017"
"2017-03-30 13:41:35 PDT","I","lml0101@lml_com","Util","Inside setMinuteServiceAlarmFromMinuteService"
"2017-03-30 13:41:35 PDT","I","lml0101@lml_com","Util","MinuteService last run at - Thu Mar 30 13:41:35 PDT 2017"
"2017-03-30 13:41:35 PDT","I","lml0101@lml_com","Util","MinuteService next run at - Thu Mar 30 13:42:35 PDT 2017"
"2017-03-30 13:41:35 PDT","I","lml0101@lml_com","Util","Inside setBackupMinuteServiceAlarm"
"2017-03-30 13:41:35 PDT","I","lml0101@lml_com","Util","BackupMinuteService last run at - Thu Mar 30 13:40:44 PDT 2017"
"2017-03-30 13:41:35 PDT","I","lml0101@lml_com","Util","BackupMinuteService next run at - Thu Mar 30 13:41:44 PDT 2017"
"2017-03-30 13:42:35 PDT","I","lml0101@lml_com","Util","Inside setMinuteServiceAlarmFromMinuteService"
"2017-03-30 13:42:35 PDT","I","lml0101@lml_com","Util","MinuteService last run at - Thu Mar 30 13:42:35 PDT 2017"
"2017-03-30 13:42:35 PDT","I","lml0101@lml_com","Util","MinuteService next run at - Thu Mar 30 13:43:35 PDT 2017"
"2017-03-30 13:42:35 PDT","I","lml0101@lml_com","Util","Inside setBackupMinuteServiceAlarm"
"2017-03-30 13:42:35 PDT","I","lml0101@lml_com","Util","BackupMinuteService last run at - Thu Mar 30 13:40:44 PDT 2017"
"2017-03-30 13:42:35 PDT","I","lml0101@lml_com","Util","BackupMinuteService next run at - Thu Mar 30 13:42:35 PDT 2017"
"2017-03-30 13:43:35 PDT","I","lml0101@lml_com","Util","Inside setMinuteServiceAlarmFromMinuteService"
"2017-03-30 13:43:35 PDT","I","lml0101@lml_com","Util","MinuteService last run at - Thu Mar 30 13:43:35 PDT 2017"
"2017-03-30 13:43:35 PDT","I","lml0101@lml_com","Util","MinuteService next run at - Thu Mar 30 13:44:35 PDT 2017"
"2017-03-30 13:43:35 PDT","I","lml0101@lml_com","Util","Inside setBackupMinuteServiceAlarm"
"2017-03-30 13:43:35 PDT","I","lml0101@lml_com","Util","BackupMinuteService last run at - Thu Mar 30 13:40:44 PDT 2017"
"2017-03-30 13:43:35 PDT","I","lml0101@lml_com","Util","BackupMinuteService next run at - Thu Mar 30 13:43:35 PDT 2017"
"2017-03-30 13:44:35 PDT","I","lml0101@lml_com","Util","Inside setMinuteServiceAlarmFromMinuteService"
"2017-03-30 13:44:35 PDT","I","lml0101@lml_com","Util","MinuteService last run at - Thu Mar 30 13:44:35 PDT 2017"
"2017-03-30 13:44:35 PDT","I","lml0101@lml_com","Util","MinuteService next run at - Thu Mar 30 13:45:35 PDT 2017"
"2017-03-30 13:44:35 PDT","I","lml0101@lml_com","Util","Inside setBackupMinuteServiceAlarm"
"2017-03-30 13:44:35 PDT","I","lml0101@lml_com","Util","BackupMinuteService last run at - Thu Mar 30 13:40:44 PDT 2017"
"2017-03-30 13:44:35 PDT","I","lml0101@lml_com","Util","BackupMinuteService next run at - Thu Mar 30 13:44:35 PDT 2017"
"2017-03-30 13:45:35 PDT","I","lml0101@lml_com","Util","Inside setMinuteServiceAlarmFromMinuteService"
"2017-03-30 13:45:35 PDT","I","lml0101@lml_com","Util","MinuteService last run at - Thu Mar 30 13:45:35 PDT 2017"
"2017-03-30 13:45:35 PDT","I","lml0101@lml_com","Util","MinuteService next run at - Thu Mar 30 13:46:35 PDT 2017"
"2017-03-30 13:45:35 PDT","I","lml0101@lml_com","Util","Inside setBackupMinuteServiceAlarm"
"2017-03-30 13:45:35 PDT","I","lml0101@lml_com","Util","BackupMinuteService last run at - Thu Mar 30 13:40:44 PDT 2017"
"2017-03-30 13:45:35 PDT","I","lml0101@lml_com","Util","BackupMinuteService next run at - Thu Mar 30 13:45:35 PDT 2017"
"2017-03-30 13:46:35 PDT","I","lml0101@lml_com","Util","Inside setMinuteServiceAlarmFromMinuteService"
"2017-03-30 13:46:35 PDT","I","lml0101@lml_com","Util","MinuteService last run at - Thu Mar 30 13:46:35 PDT 2017"
"2017-03-30 13:46:35 PDT","I","lml0101@lml_com","Util","MinuteService next run at - Thu Mar 30 13:47:35 PDT 2017"
"2017-03-30 13:46:35 PDT","I","lml0101@lml_com","Util","Inside setBackupMinuteServiceAlarm"
"2017-03-30 13:46:35 PDT","I","lml0101@lml_com","Util","BackupMinuteService last run at - Thu Mar 30 13:40:44 PDT 2017"
"2017-03-30 13:46:35 PDT","I","lml0101@lml_com","Util","BackupMinuteService next run at - Thu Mar 30 13:46:35 PDT 2017"
"2017-03-30 13:47:35 PDT","I","lml0101@lml_com","Util","Inside setMinuteServiceAlarmFromMinuteService"
"2017-03-30 13:47:35 PDT","I","lml0101@lml_com","Util","MinuteService last run at - Thu Mar 30 13:47:35 PDT 2017"
"2017-03-30 13:47:35 PDT","I","lml0101@lml_com","Util","MinuteService next run at - Thu Mar 30 13:48:35 PDT 2017"
"2017-03-30 13:47:35 PDT","I","lml0101@lml_com","Util","Inside setBackupMinuteServiceAlarm"
"2017-03-30 13:47:35 PDT","I","lml0101@lml_com","Util","BackupMinuteService last run at - Thu Mar 30 13:40:44 PDT 2017"
"2017-03-30 13:47:35 PDT","I","lml0101@lml_com","Util","BackupMinuteService next run at - Thu Mar 30 13:47:35 PDT 2017"
"2017-03-30 13:48:35 PDT","I","lml0101@lml_com","Util","Inside setMinuteServiceAlarmFromMinuteService"
"2017-03-30 13:48:35 PDT","I","lml0101@lml_com","Util","MinuteService last run at - Thu Mar 30 13:48:35 PDT 2017"
"2017-03-30 13:48:35 PDT","I","lml0101@lml_com","Util","MinuteService next run at - Thu Mar 30 13:49:35 PDT 2017"
"2017-03-30 13:48:35 PDT","I","lml0101@lml_com","Util","Inside setBackupMinuteServiceAlarm"
"2017-03-30 13:48:35 PDT","I","lml0101@lml_com","Util","BackupMinuteService last run at - Thu Mar 30 13:40:44 PDT 2017"
"2017-03-30 13:48:35 PDT","I","lml0101@lml_com","Util","BackupMinuteService next run at - Thu Mar 30 13:48:35 PDT 2017"
"2017-03-30 13:49:35 PDT","I","lml0101@lml_com","Util","Inside setMinuteServiceAlarmFromMinuteService"
"2017-03-30 13:49:35 PDT","I","lml0101@lml_com","Util","MinuteService last run at - Thu Mar 30 13:49:35 PDT 2017"
"2017-03-30 13:49:35 PDT","I","lml0101@lml_com","Util","MinuteService next run at - Thu Mar 30 13:50:35 PDT 2017"
"2017-03-30 13:49:35 PDT","I","lml0101@lml_com","Util","Inside setBackupMinuteServiceAlarm"
"2017-03-30 13:49:35 PDT","I","lml0101@lml_com","Util","BackupMinuteService last run at - Thu Mar 30 13:40:44 PDT 2017"
"2017-03-30 13:49:35 PDT","I","lml0101@lml_com","Util","BackupMinuteService next run at - Thu Mar 30 13:49:35 PDT 2017"
"2017-03-30 13:50:35 PDT","I","lml0101@lml_com","Util","Inside setMinuteServiceAlarmFromMinuteService"
"2017-03-30 13:50:35 PDT","I","lml0101@lml_com","Util","MinuteService last run at - Thu Mar 30 13:50:35 PDT 2017"
"2017-03-30 13:50:35 PDT","I","lml0101@lml_com","Util","MinuteService next run at - Thu Mar 30 13:51:35 PDT 2017"
"2017-03-30 13:50:35 PDT","I","lml0101@lml_com","Util","Inside setBackupMinuteServiceAlarm"
"2017-03-30 13:50:35 PDT","I","lml0101@lml_com","Util","BackupMinuteService last run at - Thu Mar 30 13:40:44 PDT 2017"
"2017-03-30 13:50:35 PDT","I","lml0101@lml_com","Util","BackupMinuteService next run at - Thu Mar 30 13:50:35 PDT 2017"
"2017-03-30 13:50:44 PDT","I","lml0101@lml_com","Util","Inside setBackupMinuteServiceAlarm"
"2017-03-30 13:50:44 PDT","I","lml0101@lml_com","Util","BackupMinuteService last run at - Thu Mar 30 13:50:44 PDT 2017"
"2017-03-30 13:50:44 PDT","I","lml0101@lml_com","Util","BackupMinuteService next run at - Thu Mar 30 13:51:44 PDT 2017"
"2017-03-30 13:51:35 PDT","I","lml0101@lml_com","Util","Inside setMinuteServiceAlarmFromMinuteService"
"2017-03-30 13:51:35 PDT","I","lml0101@lml_com","Util","MinuteService last run at - Thu Mar 30 13:51:35 PDT 2017"
"2017-03-30 13:51:35 PDT","I","lml0101@lml_com","Util","MinuteService next run at - Thu Mar 30 13:52:35 PDT 2017"
"2017-03-30 13:51:35 PDT","I","lml0101@lml_com","Util","Inside setBackupMinuteServiceAlarm"
"2017-03-30 13:51:35 PDT","I","lml0101@lml_com","Util","BackupMinuteService last run at - Thu Mar 30 13:50:44 PDT 2017"
"2017-03-30 13:51:35 PDT","I","lml0101@lml_com","Util","BackupMinuteService next run at - Thu Mar 30 13:51:44 PDT 2017"
"2017-03-30 13:52:35 PDT","I","lml0101@lml_com","Util","Inside setMinuteServiceAlarmFromMinuteService"
"2017-03-30 13:52:35 PDT","I","lml0101@lml_com","Util","MinuteService last run at - Thu Mar 30 13:52:35 PDT 2017"
"2017-03-30 13:52:35 PDT","I","lml0101@lml_com","Util","MinuteService next run at - Thu Mar 30 13:53:35 PDT 2017"
"2017-03-30 13:52:35 PDT","I","lml0101@lml_com","Util","Inside setBackupMinuteServiceAlarm"
"2017-03-30 13:52:35 PDT","I","lml0101@lml_com","Util","BackupMinuteService last run at - Thu Mar 30 13:50:44 PDT 2017"
"2017-03-30 13:52:35 PDT","I","lml0101@lml_com","Util","BackupMinuteService next run at - Thu Mar 30 13:52:35 PDT 2017"
"2017-03-30 13:53:35 PDT","I","lml0101@lml_com","Util","Inside setMinuteServiceAlarmFromMinuteService"
"2017-03-30 13:53:35 PDT","I","lml0101@lml_com","Util","MinuteService last run at - Thu Mar 30 13:53:35 PDT 2017"
"2017-03-30 13:53:35 PDT","I","lml0101@lml_com","Util","MinuteService next run at - Thu Mar 30 13:54:35 PDT 2017"
"2017-03-30 13:53:35 PDT","I","lml0101@lml_com","Util","Inside setBackupMinuteServiceAlarm"
"2017-03-30 13:53:35 PDT","I","lml0101@lml_com","Util","BackupMinuteService last run at - Thu Mar 30 13:50:44 PDT 2017"
"2017-03-30 13:53:35 PDT","I","lml0101@lml_com","Util","BackupMinuteService next run at - Thu Mar 30 13:53:35 PDT 2017"
"2017-03-30 13:54:35 PDT","I","lml0101@lml_com","Util","Inside setMinuteServiceAlarmFromMinuteService"
"2017-03-30 13:54:35 PDT","I","lml0101@lml_com","Util","MinuteService last run at - Thu Mar 30 13:54:35 PDT 2017"
"2017-03-30 13:54:35 PDT","I","lml0101@lml_com","Util","MinuteService next run at - Thu Mar 30 13:55:35 PDT 2017"
"2017-03-30 13:54:35 PDT","I","lml0101@lml_com","Util","Inside setBackupMinuteServiceAlarm"
"2017-03-30 13:54:35 PDT","I","lml0101@lml_com","Util","BackupMinuteService last run at - Thu Mar 30 13:50:44 PDT 2017"
"2017-03-30 13:54:35 PDT","I","lml0101@lml_com","Util","BackupMinuteService next run at - Thu Mar 30 13:54:35 PDT 2017"
"2017-03-30 13:55:35 PDT","I","lml0101@lml_com","Util","Inside setMinuteServiceAlarmFromMinuteService"
"2017-03-30 13:55:35 PDT","I","lml0101@lml_com","Util","MinuteService last run at - Thu Mar 30 13:55:35 PDT 2017"
"2017-03-30 13:55:35 PDT","I","lml0101@lml_com","Util","MinuteService next run at - Thu Mar 30 13:56:35 PDT 2017"
"2017-03-30 13:55:35 PDT","I","lml0101@lml_com","Util","Inside setBackupMinuteServiceAlarm"
"2017-03-30 13:55:35 PDT","I","lml0101@lml_com","Util","BackupMinuteService last run at - Thu Mar 30 13:50:44 PDT 2017"
"2017-03-30 13:55:35 PDT","I","lml0101@lml_com","Util","BackupMinuteService next run at - Thu Mar 30 13:55:35 PDT 2017"
"2017-03-30 13:56:35 PDT","I","lml0101@lml_com","Util","Inside setMinuteServiceAlarmFromMinuteService"
"2017-03-30 13:56:35 PDT","I","lml0101@lml_com","Util","MinuteService last run at - Thu Mar 30 13:56:35 PDT 2017"
"2017-03-30 13:56:35 PDT","I","lml0101@lml_com","Util","MinuteService next run at - Thu Mar 30 13:57:35 PDT 2017"
"2017-03-30 13:56:35 PDT","I","lml0101@lml_com","Util","Inside setBackupMinuteServiceAlarm"
"2017-03-30 13:56:35 PDT","I","lml0101@lml_com","Util","BackupMinuteService last run at - Thu Mar 30 13:50:44 PDT 2017"
"2017-03-30 13:56:35 PDT","I","lml0101@lml_com","Util","BackupMinuteService next run at - Thu Mar 30 13:56:35 PDT 2017"
"2017-03-30 13:57:35 PDT","I","lml0101@lml_com","Util","Inside setMinuteServiceAlarmFromMinuteService"
"2017-03-30 13:57:35 PDT","I","lml0101@lml_com","Util","MinuteService last run at - Thu Mar 30 13:57:35 PDT 2017"
"2017-03-30 13:57:35 PDT","I","lml0101@lml_com","Util","MinuteService next run at - Thu Mar 30 13:58:35 PDT 2017"
"2017-03-30 13:57:35 PDT","I","lml0101@lml_com","Util","Inside setBackupMinuteServiceAlarm"
"2017-03-30 13:57:35 PDT","I","lml0101@lml_com","Util","BackupMinuteService last run at - Thu Mar 30 13:50:44 PDT 2017"
"2017-03-30 13:57:35 PDT","I","lml0101@lml_com","Util","BackupMinuteService next run at - Thu Mar 30 13:57:35 PDT 2017"
"2017-03-30 13:58:35 PDT","I","lml0101@lml_com","Util","Inside setMinuteServiceAlarmFromMinuteService"
"2017-03-30 13:58:35 PDT","I","lml0101@lml_com","Util","MinuteService last run at - Thu Mar 30 13:58:35 PDT 2017"
"2017-03-30 13:58:35 PDT","I","lml0101@lml_com","Util","MinuteService next run at - Thu Mar 30 13:59:35 PDT 2017"
"2017-03-30 13:58:35 PDT","I","lml0101@lml_com","Util","Inside setBackupMinuteServiceAlarm"
"2017-03-30 13:58:35 PDT","I","lml0101@lml_com","Util","BackupMinuteService last run at - Thu Mar 30 13:50:44 PDT 2017"
"2017-03-30 13:58:35 PDT","I","lml0101@lml_com","Util","BackupMinuteService next run at - Thu Mar 30 13:58:35 PDT 2017"
"2017-03-30 13:59:35 PDT","I","lml0101@lml_com","Util","Inside setMinuteServiceAlarmFromMinuteService"
"2017-03-30 13:59:35 PDT","I","lml0101@lml_com","Util","MinuteService last run at - Thu Mar 30 13:59:35 PDT 2017"
"2017-03-30 13:59:35 PDT","I","lml0101@lml_com","Util","MinuteService next run at - Thu Mar 30 14:00:35 PDT 2017"
"2017-03-30 13:59:35 PDT","I","lml0101@lml_com","Util","Inside setBackupMinuteServiceAlarm"
"2017-03-30 13:59:35 PDT","I","lml0101@lml_com","Util","BackupMinuteService last run at - Thu Mar 30 13:50:44 PDT 2017"
"2017-03-30 13:59:35 PDT","I","lml0101@lml_com","Util","BackupMinuteService next run at - Thu Mar 30 13:59:35 PDT 2017"
