"2017-04-10 18:00:39 PDT","I","lml0101@lml_com","Zipper","zipFileWithEncryption - /storage/emulated/0/.LML/data/2017-04-10/18-PDT/GPS.csv"
"2017-04-10 18:00:39 PDT","I","lml0101@lml_com","Zipper","Creating ZipFile - /storage/emulated/0/.LML/data/2017-04-10/18-PDT/GPS.csv.zip"
"2017-04-10 18:00:39 PDT","I","lml0101@lml_com","Zipper","Deleting File - /storage/emulated/0/.LML/data/2017-04-10/18-PDT/GPS.csv"
"2017-04-10 18:01:38 PDT","I","lml0101@lml_com","Zipper","unzipFileWithEncryption"
"2017-04-10 18:01:38 PDT","I","lml0101@lml_com","Zipper","Deleting File - /storage/emulated/0/.LML/data/2017-04-10/18-PDT/GPS.csv.zip"
"2017-04-10 18:01:38 PDT","I","lml0101@lml_com","Zipper","zipFileWithEncryption - /storage/emulated/0/.LML/data/2017-04-10/18-PDT/GPS.csv"
"2017-04-10 18:01:38 PDT","I","lml0101@lml_com","Zipper","Creating ZipFile - /storage/emulated/0/.LML/data/2017-04-10/18-PDT/GPS.csv.zip"
"2017-04-10 18:01:38 PDT","I","lml0101@lml_com","Zipper","Deleting File - /storage/emulated/0/.LML/data/2017-04-10/18-PDT/GPS.csv"
"2017-04-10 18:02:38 PDT","I","lml0101@lml_com","Zipper","unzipFileWithEncryption"
"2017-04-10 18:02:38 PDT","I","lml0101@lml_com","Zipper","Deleting File - /storage/emulated/0/.LML/data/2017-04-10/18-PDT/GPS.csv.zip"
"2017-04-10 18:02:38 PDT","I","lml0101@lml_com","Zipper","zipFileWithEncryption - /storage/emulated/0/.LML/data/2017-04-10/18-PDT/GPS.csv"
"2017-04-10 18:02:38 PDT","I","lml0101@lml_com","Zipper","Creating ZipFile - /storage/emulated/0/.LML/data/2017-04-10/18-PDT/GPS.csv.zip"
"2017-04-10 18:02:38 PDT","I","lml0101@lml_com","Zipper","Deleting File - /storage/emulated/0/.LML/data/2017-04-10/18-PDT/GPS.csv"
"2017-04-10 18:03:38 PDT","I","lml0101@lml_com","Zipper","unzipFileWithEncryption"
"2017-04-10 18:03:38 PDT","I","lml0101@lml_com","Zipper","Deleting File - /storage/emulated/0/.LML/data/2017-04-10/18-PDT/GPS.csv.zip"
"2017-04-10 18:03:38 PDT","I","lml0101@lml_com","Zipper","zipFileWithEncryption - /storage/emulated/0/.LML/data/2017-04-10/18-PDT/GPS.csv"
"2017-04-10 18:03:38 PDT","I","lml0101@lml_com","Zipper","Creating ZipFile - /storage/emulated/0/.LML/data/2017-04-10/18-PDT/GPS.csv.zip"
"2017-04-10 18:03:39 PDT","I","lml0101@lml_com","Zipper","Deleting File - /storage/emulated/0/.LML/data/2017-04-10/18-PDT/GPS.csv"
"2017-04-10 18:04:38 PDT","I","lml0101@lml_com","Zipper","unzipFileWithEncryption"
"2017-04-10 18:04:38 PDT","I","lml0101@lml_com","Zipper","Deleting File - /storage/emulated/0/.LML/data/2017-04-10/18-PDT/GPS.csv.zip"
"2017-04-10 18:04:38 PDT","I","lml0101@lml_com","Zipper","zipFileWithEncryption - /storage/emulated/0/.LML/data/2017-04-10/18-PDT/GPS.csv"
"2017-04-10 18:04:38 PDT","I","lml0101@lml_com","Zipper","Creating ZipFile - /storage/emulated/0/.LML/data/2017-04-10/18-PDT/GPS.csv.zip"
"2017-04-10 18:04:38 PDT","I","lml0101@lml_com","Zipper","Deleting File - /storage/emulated/0/.LML/data/2017-04-10/18-PDT/GPS.csv"
"2017-04-10 18:05:38 PDT","I","lml0101@lml_com","Zipper","unzipFileWithEncryption"
"2017-04-10 18:05:39 PDT","I","lml0101@lml_com","Zipper","Deleting File - /storage/emulated/0/.LML/data/2017-04-10/18-PDT/GPS.csv.zip"
"2017-04-10 18:05:39 PDT","I","lml0101@lml_com","Zipper","zipFileWithEncryption - /storage/emulated/0/.LML/data/2017-04-10/18-PDT/GPS.csv"
"2017-04-10 18:05:39 PDT","I","lml0101@lml_com","Zipper","Creating ZipFile - /storage/emulated/0/.LML/data/2017-04-10/18-PDT/GPS.csv.zip"
"2017-04-10 18:05:39 PDT","I","lml0101@lml_com","Zipper","Deleting File - /storage/emulated/0/.LML/data/2017-04-10/18-PDT/GPS.csv"
"2017-04-10 18:06:38 PDT","I","lml0101@lml_com","Zipper","unzipFileWithEncryption"
"2017-04-10 18:06:38 PDT","I","lml0101@lml_com","Zipper","Deleting File - /storage/emulated/0/.LML/data/2017-04-10/18-PDT/GPS.csv.zip"
"2017-04-10 18:06:38 PDT","I","lml0101@lml_com","Zipper","zipFileWithEncryption - /storage/emulated/0/.LML/data/2017-04-10/18-PDT/GPS.csv"
"2017-04-10 18:06:38 PDT","I","lml0101@lml_com","Zipper","Creating ZipFile - /storage/emulated/0/.LML/data/2017-04-10/18-PDT/GPS.csv.zip"
"2017-04-10 18:06:38 PDT","I","lml0101@lml_com","Zipper","Deleting File - /storage/emulated/0/.LML/data/2017-04-10/18-PDT/GPS.csv"
"2017-04-10 18:07:38 PDT","I","lml0101@lml_com","Zipper","unzipFileWithEncryption"
"2017-04-10 18:07:38 PDT","I","lml0101@lml_com","Zipper","Deleting File - /storage/emulated/0/.LML/data/2017-04-10/18-PDT/GPS.csv.zip"
"2017-04-10 18:07:38 PDT","I","lml0101@lml_com","Zipper","zipFileWithEncryption - /storage/emulated/0/.LML/data/2017-04-10/18-PDT/GPS.csv"
"2017-04-10 18:07:38 PDT","I","lml0101@lml_com","Zipper","Creating ZipFile - /storage/emulated/0/.LML/data/2017-04-10/18-PDT/GPS.csv.zip"
"2017-04-10 18:07:39 PDT","I","lml0101@lml_com","Zipper","Deleting File - /storage/emulated/0/.LML/data/2017-04-10/18-PDT/GPS.csv"
"2017-04-10 18:08:38 PDT","I","lml0101@lml_com","Zipper","unzipFileWithEncryption"
"2017-04-10 18:08:38 PDT","I","lml0101@lml_com","Zipper","Deleting File - /storage/emulated/0/.LML/data/2017-04-10/18-PDT/GPS.csv.zip"
"2017-04-10 18:08:38 PDT","I","lml0101@lml_com","Zipper","zipFileWithEncryption - /storage/emulated/0/.LML/data/2017-04-10/18-PDT/GPS.csv"
"2017-04-10 18:08:38 PDT","I","lml0101@lml_com","Zipper","Creating ZipFile - /storage/emulated/0/.LML/data/2017-04-10/18-PDT/GPS.csv.zip"
"2017-04-10 18:08:38 PDT","I","lml0101@lml_com","Zipper","Deleting File - /storage/emulated/0/.LML/data/2017-04-10/18-PDT/GPS.csv"
"2017-04-10 18:09:38 PDT","I","lml0101@lml_com","Zipper","unzipFileWithEncryption"
"2017-04-10 18:09:39 PDT","I","lml0101@lml_com","Zipper","Deleting File - /storage/emulated/0/.LML/data/2017-04-10/18-PDT/GPS.csv.zip"
"2017-04-10 18:09:39 PDT","I","lml0101@lml_com","Zipper","zipFileWithEncryption - /storage/emulated/0/.LML/data/2017-04-10/18-PDT/GPS.csv"
"2017-04-10 18:09:39 PDT","I","lml0101@lml_com","Zipper","Creating ZipFile - /storage/emulated/0/.LML/data/2017-04-10/18-PDT/GPS.csv.zip"
"2017-04-10 18:09:39 PDT","I","lml0101@lml_com","Zipper","Deleting File - /storage/emulated/0/.LML/data/2017-04-10/18-PDT/GPS.csv"
"2017-04-10 18:10:38 PDT","I","lml0101@lml_com","Zipper","unzipFileWithEncryption"
"2017-04-10 18:10:38 PDT","I","lml0101@lml_com","Zipper","Deleting File - /storage/emulated/0/.LML/data/2017-04-10/18-PDT/GPS.csv.zip"
"2017-04-10 18:10:38 PDT","I","lml0101@lml_com","Zipper","zipFileWithEncryption - /storage/emulated/0/.LML/data/2017-04-10/18-PDT/GPS.csv"
"2017-04-10 18:10:38 PDT","I","lml0101@lml_com","Zipper","Creating ZipFile - /storage/emulated/0/.LML/data/2017-04-10/18-PDT/GPS.csv.zip"
"2017-04-10 18:10:38 PDT","I","lml0101@lml_com","Zipper","Deleting File - /storage/emulated/0/.LML/data/2017-04-10/18-PDT/GPS.csv"
"2017-04-10 18:11:38 PDT","I","lml0101@lml_com","Zipper","unzipFileWithEncryption"
"2017-04-10 18:11:39 PDT","I","lml0101@lml_com","Zipper","Deleting File - /storage/emulated/0/.LML/data/2017-04-10/18-PDT/GPS.csv.zip"
"2017-04-10 18:11:39 PDT","I","lml0101@lml_com","Zipper","zipFileWithEncryption - /storage/emulated/0/.LML/data/2017-04-10/18-PDT/GPS.csv"
"2017-04-10 18:11:39 PDT","I","lml0101@lml_com","Zipper","Creating ZipFile - /storage/emulated/0/.LML/data/2017-04-10/18-PDT/GPS.csv.zip"
"2017-04-10 18:11:39 PDT","I","lml0101@lml_com","Zipper","Deleting File - /storage/emulated/0/.LML/data/2017-04-10/18-PDT/GPS.csv"
"2017-04-10 18:12:38 PDT","I","lml0101@lml_com","Zipper","unzipFileWithEncryption"
"2017-04-10 18:12:38 PDT","I","lml0101@lml_com","Zipper","Deleting File - /storage/emulated/0/.LML/data/2017-04-10/18-PDT/GPS.csv.zip"
"2017-04-10 18:12:38 PDT","I","lml0101@lml_com","Zipper","zipFileWithEncryption - /storage/emulated/0/.LML/data/2017-04-10/18-PDT/GPS.csv"
"2017-04-10 18:12:38 PDT","I","lml0101@lml_com","Zipper","Creating ZipFile - /storage/emulated/0/.LML/data/2017-04-10/18-PDT/GPS.csv.zip"
"2017-04-10 18:12:39 PDT","I","lml0101@lml_com","Zipper","Deleting File - /storage/emulated/0/.LML/data/2017-04-10/18-PDT/GPS.csv"
"2017-04-10 18:13:38 PDT","I","lml0101@lml_com","Zipper","unzipFileWithEncryption"
"2017-04-10 18:13:38 PDT","I","lml0101@lml_com","Zipper","Deleting File - /storage/emulated/0/.LML/data/2017-04-10/18-PDT/GPS.csv.zip"
"2017-04-10 18:13:38 PDT","I","lml0101@lml_com","Zipper","zipFileWithEncryption - /storage/emulated/0/.LML/data/2017-04-10/18-PDT/GPS.csv"
"2017-04-10 18:13:38 PDT","I","lml0101@lml_com","Zipper","Creating ZipFile - /storage/emulated/0/.LML/data/2017-04-10/18-PDT/GPS.csv.zip"
"2017-04-10 18:13:39 PDT","I","lml0101@lml_com","Zipper","Deleting File - /storage/emulated/0/.LML/data/2017-04-10/18-PDT/GPS.csv"
"2017-04-10 18:14:38 PDT","I","lml0101@lml_com","Zipper","unzipFileWithEncryption"
"2017-04-10 18:14:39 PDT","I","lml0101@lml_com","Zipper","Deleting File - /storage/emulated/0/.LML/data/2017-04-10/18-PDT/GPS.csv.zip"
"2017-04-10 18:14:39 PDT","I","lml0101@lml_com","Zipper","zipFileWithEncryption - /storage/emulated/0/.LML/data/2017-04-10/18-PDT/GPS.csv"
"2017-04-10 18:14:39 PDT","I","lml0101@lml_com","Zipper","Creating ZipFile - /storage/emulated/0/.LML/data/2017-04-10/18-PDT/GPS.csv.zip"
"2017-04-10 18:14:39 PDT","I","lml0101@lml_com","Zipper","Deleting File - /storage/emulated/0/.LML/data/2017-04-10/18-PDT/GPS.csv"
"2017-04-10 18:15:39 PDT","I","lml0101@lml_com","Zipper","unzipFileWithEncryption"
"2017-04-10 18:15:39 PDT","I","lml0101@lml_com","Zipper","Deleting File - /storage/emulated/0/.LML/data/2017-04-10/18-PDT/GPS.csv.zip"
"2017-04-10 18:15:39 PDT","I","lml0101@lml_com","Zipper","zipFileWithEncryption - /storage/emulated/0/.LML/data/2017-04-10/18-PDT/GPS.csv"
"2017-04-10 18:15:39 PDT","I","lml0101@lml_com","Zipper","Creating ZipFile - /storage/emulated/0/.LML/data/2017-04-10/18-PDT/GPS.csv.zip"
"2017-04-10 18:15:39 PDT","I","lml0101@lml_com","Zipper","Deleting File - /storage/emulated/0/.LML/data/2017-04-10/18-PDT/GPS.csv"
"2017-04-10 18:16:39 PDT","I","lml0101@lml_com","Zipper","unzipFileWithEncryption"
"2017-04-10 18:16:39 PDT","I","lml0101@lml_com","Zipper","Deleting File - /storage/emulated/0/.LML/data/2017-04-10/18-PDT/GPS.csv.zip"
"2017-04-10 18:16:39 PDT","I","lml0101@lml_com","Zipper","zipFileWithEncryption - /storage/emulated/0/.LML/data/2017-04-10/18-PDT/GPS.csv"
"2017-04-10 18:16:39 PDT","I","lml0101@lml_com","Zipper","Creating ZipFile - /storage/emulated/0/.LML/data/2017-04-10/18-PDT/GPS.csv.zip"
"2017-04-10 18:16:39 PDT","I","lml0101@lml_com","Zipper","Deleting File - /storage/emulated/0/.LML/data/2017-04-10/18-PDT/GPS.csv"
"2017-04-10 18:17:38 PDT","I","lml0101@lml_com","Zipper","unzipFileWithEncryption"
"2017-04-10 18:17:39 PDT","I","lml0101@lml_com","Zipper","Deleting File - /storage/emulated/0/.LML/data/2017-04-10/18-PDT/GPS.csv.zip"
"2017-04-10 18:17:39 PDT","I","lml0101@lml_com","Zipper","zipFileWithEncryption - /storage/emulated/0/.LML/data/2017-04-10/18-PDT/GPS.csv"
"2017-04-10 18:17:39 PDT","I","lml0101@lml_com","Zipper","Creating ZipFile - /storage/emulated/0/.LML/data/2017-04-10/18-PDT/GPS.csv.zip"
"2017-04-10 18:17:39 PDT","I","lml0101@lml_com","Zipper","Deleting File - /storage/emulated/0/.LML/data/2017-04-10/18-PDT/GPS.csv"
"2017-04-10 18:18:39 PDT","I","lml0101@lml_com","Zipper","unzipFileWithEncryption"
"2017-04-10 18:18:39 PDT","I","lml0101@lml_com","Zipper","Deleting File - /storage/emulated/0/.LML/data/2017-04-10/18-PDT/GPS.csv.zip"
"2017-04-10 18:18:39 PDT","I","lml0101@lml_com","Zipper","zipFileWithEncryption - /storage/emulated/0/.LML/data/2017-04-10/18-PDT/GPS.csv"
"2017-04-10 18:18:39 PDT","I","lml0101@lml_com","Zipper","Creating ZipFile - /storage/emulated/0/.LML/data/2017-04-10/18-PDT/GPS.csv.zip"
"2017-04-10 18:18:39 PDT","I","lml0101@lml_com","Zipper","Deleting File - /storage/emulated/0/.LML/data/2017-04-10/18-PDT/GPS.csv"
"2017-04-10 18:19:39 PDT","I","lml0101@lml_com","Zipper","unzipFileWithEncryption"
"2017-04-10 18:19:39 PDT","I","lml0101@lml_com","Zipper","Deleting File - /storage/emulated/0/.LML/data/2017-04-10/18-PDT/GPS.csv.zip"
"2017-04-10 18:19:39 PDT","I","lml0101@lml_com","Zipper","zipFileWithEncryption - /storage/emulated/0/.LML/data/2017-04-10/18-PDT/GPS.csv"
"2017-04-10 18:19:39 PDT","I","lml0101@lml_com","Zipper","Creating ZipFile - /storage/emulated/0/.LML/data/2017-04-10/18-PDT/GPS.csv.zip"
"2017-04-10 18:19:39 PDT","I","lml0101@lml_com","Zipper","Deleting File - /storage/emulated/0/.LML/data/2017-04-10/18-PDT/GPS.csv"
"2017-04-10 18:20:39 PDT","I","lml0101@lml_com","Zipper","unzipFileWithEncryption"
"2017-04-10 18:20:39 PDT","I","lml0101@lml_com","Zipper","Deleting File - /storage/emulated/0/.LML/data/2017-04-10/18-PDT/GPS.csv.zip"
"2017-04-10 18:20:39 PDT","I","lml0101@lml_com","Zipper","zipFileWithEncryption - /storage/emulated/0/.LML/data/2017-04-10/18-PDT/GPS.csv"
"2017-04-10 18:20:39 PDT","I","lml0101@lml_com","Zipper","Creating ZipFile - /storage/emulated/0/.LML/data/2017-04-10/18-PDT/GPS.csv.zip"
"2017-04-10 18:20:39 PDT","I","lml0101@lml_com","Zipper","Deleting File - /storage/emulated/0/.LML/data/2017-04-10/18-PDT/GPS.csv"
"2017-04-10 18:21:39 PDT","I","lml0101@lml_com","Zipper","unzipFileWithEncryption"
"2017-04-10 18:21:39 PDT","I","lml0101@lml_com","Zipper","Deleting File - /storage/emulated/0/.LML/data/2017-04-10/18-PDT/GPS.csv.zip"
"2017-04-10 18:21:39 PDT","I","lml0101@lml_com","Zipper","zipFileWithEncryption - /storage/emulated/0/.LML/data/2017-04-10/18-PDT/GPS.csv"
"2017-04-10 18:21:39 PDT","I","lml0101@lml_com","Zipper","Creating ZipFile - /storage/emulated/0/.LML/data/2017-04-10/18-PDT/GPS.csv.zip"
"2017-04-10 18:21:39 PDT","I","lml0101@lml_com","Zipper","Deleting File - /storage/emulated/0/.LML/data/2017-04-10/18-PDT/GPS.csv"
"2017-04-10 18:22:39 PDT","I","lml0101@lml_com","Zipper","unzipFileWithEncryption"
"2017-04-10 18:22:39 PDT","I","lml0101@lml_com","Zipper","Deleting File - /storage/emulated/0/.LML/data/2017-04-10/18-PDT/GPS.csv.zip"
"2017-04-10 18:22:39 PDT","I","lml0101@lml_com","Zipper","zipFileWithEncryption - /storage/emulated/0/.LML/data/2017-04-10/18-PDT/GPS.csv"
"2017-04-10 18:22:39 PDT","I","lml0101@lml_com","Zipper","Creating ZipFile - /storage/emulated/0/.LML/data/2017-04-10/18-PDT/GPS.csv.zip"
"2017-04-10 18:22:39 PDT","I","lml0101@lml_com","Zipper","Deleting File - /storage/emulated/0/.LML/data/2017-04-10/18-PDT/GPS.csv"
"2017-04-10 18:23:39 PDT","I","lml0101@lml_com","Zipper","unzipFileWithEncryption"
"2017-04-10 18:23:39 PDT","I","lml0101@lml_com","Zipper","Deleting File - /storage/emulated/0/.LML/data/2017-04-10/18-PDT/GPS.csv.zip"
"2017-04-10 18:23:39 PDT","I","lml0101@lml_com","Zipper","zipFileWithEncryption - /storage/emulated/0/.LML/data/2017-04-10/18-PDT/GPS.csv"
"2017-04-10 18:23:39 PDT","I","lml0101@lml_com","Zipper","Creating ZipFile - /storage/emulated/0/.LML/data/2017-04-10/18-PDT/GPS.csv.zip"
"2017-04-10 18:23:39 PDT","I","lml0101@lml_com","Zipper","Deleting File - /storage/emulated/0/.LML/data/2017-04-10/18-PDT/GPS.csv"
"2017-04-10 18:24:38 PDT","I","lml0101@lml_com","Zipper","zipFolderWithEncryption - /storage/emulated/0/.LML/logs/2017-04-10/17-PDT"
"2017-04-10 18:24:38 PDT","I","lml0101@lml_com","Zipper","Creating ZipFile from Folder - /storage/emulated/0/.LML/logs/2017-04-10/17-PDT"
"2017-04-10 18:24:41 PDT","I","lml0101@lml_com","Zipper","Deleting Folder - /storage/emulated/0/.LML/logs/2017-04-10/17-PDT"
"2017-04-10 18:24:43 PDT","I","lml0101@lml_com","Zipper","zipFolderWithEncryption - /storage/emulated/0/.LML/data/2017-04-10/17-PDT"
"2017-04-10 18:24:43 PDT","I","lml0101@lml_com","Zipper","Creating ZipFile from Folder - /storage/emulated/0/.LML/data/2017-04-10/17-PDT"
"2017-04-10 18:24:43 PDT","I","lml0101@lml_com","Zipper","Deleting Folder - /storage/emulated/0/.LML/data/2017-04-10/17-PDT"
"2017-04-10 18:24:44 PDT","I","lml0101@lml_com","Zipper","unzipFileWithEncryption"
"2017-04-10 18:24:44 PDT","I","lml0101@lml_com","Zipper","Deleting File - /storage/emulated/0/.LML/data/2017-04-10/18-PDT/GPS.csv.zip"
"2017-04-10 18:24:44 PDT","I","lml0101@lml_com","Zipper","zipFileWithEncryption - /storage/emulated/0/.LML/data/2017-04-10/18-PDT/GPS.csv"
"2017-04-10 18:24:44 PDT","I","lml0101@lml_com","Zipper","Creating ZipFile - /storage/emulated/0/.LML/data/2017-04-10/18-PDT/GPS.csv.zip"
"2017-04-10 18:24:45 PDT","I","lml0101@lml_com","Zipper","Deleting File - /storage/emulated/0/.LML/data/2017-04-10/18-PDT/GPS.csv"
"2017-04-10 18:25:39 PDT","I","lml0101@lml_com","Zipper","unzipFileWithEncryption"
"2017-04-10 18:25:39 PDT","I","lml0101@lml_com","Zipper","Deleting File - /storage/emulated/0/.LML/data/2017-04-10/18-PDT/GPS.csv.zip"
"2017-04-10 18:25:39 PDT","I","lml0101@lml_com","Zipper","zipFileWithEncryption - /storage/emulated/0/.LML/data/2017-04-10/18-PDT/GPS.csv"
"2017-04-10 18:25:39 PDT","I","lml0101@lml_com","Zipper","Creating ZipFile - /storage/emulated/0/.LML/data/2017-04-10/18-PDT/GPS.csv.zip"
"2017-04-10 18:25:39 PDT","I","lml0101@lml_com","Zipper","Deleting File - /storage/emulated/0/.LML/data/2017-04-10/18-PDT/GPS.csv"
"2017-04-10 18:26:39 PDT","I","lml0101@lml_com","Zipper","unzipFileWithEncryption"
"2017-04-10 18:26:39 PDT","I","lml0101@lml_com","Zipper","Deleting File - /storage/emulated/0/.LML/data/2017-04-10/18-PDT/GPS.csv.zip"
"2017-04-10 18:26:39 PDT","I","lml0101@lml_com","Zipper","zipFileWithEncryption - /storage/emulated/0/.LML/data/2017-04-10/18-PDT/GPS.csv"
"2017-04-10 18:26:39 PDT","I","lml0101@lml_com","Zipper","Creating ZipFile - /storage/emulated/0/.LML/data/2017-04-10/18-PDT/GPS.csv.zip"
"2017-04-10 18:26:39 PDT","I","lml0101@lml_com","Zipper","Deleting File - /storage/emulated/0/.LML/data/2017-04-10/18-PDT/GPS.csv"
"2017-04-10 18:27:39 PDT","I","lml0101@lml_com","Zipper","unzipFileWithEncryption"
"2017-04-10 18:27:39 PDT","I","lml0101@lml_com","Zipper","Deleting File - /storage/emulated/0/.LML/data/2017-04-10/18-PDT/GPS.csv.zip"
"2017-04-10 18:27:39 PDT","I","lml0101@lml_com","Zipper","zipFileWithEncryption - /storage/emulated/0/.LML/data/2017-04-10/18-PDT/GPS.csv"
"2017-04-10 18:27:39 PDT","I","lml0101@lml_com","Zipper","Creating ZipFile - /storage/emulated/0/.LML/data/2017-04-10/18-PDT/GPS.csv.zip"
"2017-04-10 18:27:39 PDT","I","lml0101@lml_com","Zipper","Deleting File - /storage/emulated/0/.LML/data/2017-04-10/18-PDT/GPS.csv"
"2017-04-10 18:28:39 PDT","I","lml0101@lml_com","Zipper","unzipFileWithEncryption"
"2017-04-10 18:28:39 PDT","I","lml0101@lml_com","Zipper","Deleting File - /storage/emulated/0/.LML/data/2017-04-10/18-PDT/GPS.csv.zip"
"2017-04-10 18:28:39 PDT","I","lml0101@lml_com","Zipper","zipFileWithEncryption - /storage/emulated/0/.LML/data/2017-04-10/18-PDT/GPS.csv"
"2017-04-10 18:28:39 PDT","I","lml0101@lml_com","Zipper","Creating ZipFile - /storage/emulated/0/.LML/data/2017-04-10/18-PDT/GPS.csv.zip"
"2017-04-10 18:28:39 PDT","I","lml0101@lml_com","Zipper","Deleting File - /storage/emulated/0/.LML/data/2017-04-10/18-PDT/GPS.csv"
"2017-04-10 18:29:39 PDT","I","lml0101@lml_com","Zipper","unzipFileWithEncryption"
"2017-04-10 18:29:39 PDT","I","lml0101@lml_com","Zipper","Deleting File - /storage/emulated/0/.LML/data/2017-04-10/18-PDT/GPS.csv.zip"
"2017-04-10 18:29:39 PDT","I","lml0101@lml_com","Zipper","zipFileWithEncryption - /storage/emulated/0/.LML/data/2017-04-10/18-PDT/GPS.csv"
"2017-04-10 18:29:39 PDT","I","lml0101@lml_com","Zipper","Creating ZipFile - /storage/emulated/0/.LML/data/2017-04-10/18-PDT/GPS.csv.zip"
"2017-04-10 18:29:39 PDT","I","lml0101@lml_com","Zipper","Deleting File - /storage/emulated/0/.LML/data/2017-04-10/18-PDT/GPS.csv"
"2017-04-10 18:30:39 PDT","I","lml0101@lml_com","Zipper","unzipFileWithEncryption"
"2017-04-10 18:30:39 PDT","I","lml0101@lml_com","Zipper","Deleting File - /storage/emulated/0/.LML/data/2017-04-10/18-PDT/GPS.csv.zip"
"2017-04-10 18:30:39 PDT","I","lml0101@lml_com","Zipper","zipFileWithEncryption - /storage/emulated/0/.LML/data/2017-04-10/18-PDT/GPS.csv"
"2017-04-10 18:30:39 PDT","I","lml0101@lml_com","Zipper","Creating ZipFile - /storage/emulated/0/.LML/data/2017-04-10/18-PDT/GPS.csv.zip"
"2017-04-10 18:30:39 PDT","I","lml0101@lml_com","Zipper","Deleting File - /storage/emulated/0/.LML/data/2017-04-10/18-PDT/GPS.csv"
"2017-04-10 18:31:39 PDT","I","lml0101@lml_com","Zipper","unzipFileWithEncryption"
"2017-04-10 18:31:39 PDT","I","lml0101@lml_com","Zipper","Deleting File - /storage/emulated/0/.LML/data/2017-04-10/18-PDT/GPS.csv.zip"
"2017-04-10 18:31:39 PDT","I","lml0101@lml_com","Zipper","zipFileWithEncryption - /storage/emulated/0/.LML/data/2017-04-10/18-PDT/GPS.csv"
"2017-04-10 18:31:39 PDT","I","lml0101@lml_com","Zipper","Creating ZipFile - /storage/emulated/0/.LML/data/2017-04-10/18-PDT/GPS.csv.zip"
"2017-04-10 18:31:39 PDT","I","lml0101@lml_com","Zipper","Deleting File - /storage/emulated/0/.LML/data/2017-04-10/18-PDT/GPS.csv"
"2017-04-10 18:32:39 PDT","I","lml0101@lml_com","Zipper","unzipFileWithEncryption"
"2017-04-10 18:32:39 PDT","I","lml0101@lml_com","Zipper","Deleting File - /storage/emulated/0/.LML/data/2017-04-10/18-PDT/GPS.csv.zip"
"2017-04-10 18:32:39 PDT","I","lml0101@lml_com","Zipper","zipFileWithEncryption - /storage/emulated/0/.LML/data/2017-04-10/18-PDT/GPS.csv"
"2017-04-10 18:32:39 PDT","I","lml0101@lml_com","Zipper","Creating ZipFile - /storage/emulated/0/.LML/data/2017-04-10/18-PDT/GPS.csv.zip"
"2017-04-10 18:32:39 PDT","I","lml0101@lml_com","Zipper","Deleting File - /storage/emulated/0/.LML/data/2017-04-10/18-PDT/GPS.csv"
"2017-04-10 18:33:39 PDT","I","lml0101@lml_com","Zipper","unzipFileWithEncryption"
"2017-04-10 18:33:39 PDT","I","lml0101@lml_com","Zipper","Deleting File - /storage/emulated/0/.LML/data/2017-04-10/18-PDT/GPS.csv.zip"
"2017-04-10 18:33:39 PDT","I","lml0101@lml_com","Zipper","zipFileWithEncryption - /storage/emulated/0/.LML/data/2017-04-10/18-PDT/GPS.csv"
"2017-04-10 18:33:39 PDT","I","lml0101@lml_com","Zipper","Creating ZipFile - /storage/emulated/0/.LML/data/2017-04-10/18-PDT/GPS.csv.zip"
"2017-04-10 18:33:39 PDT","I","lml0101@lml_com","Zipper","Deleting File - /storage/emulated/0/.LML/data/2017-04-10/18-PDT/GPS.csv"
"2017-04-10 18:34:39 PDT","I","lml0101@lml_com","Zipper","unzipFileWithEncryption"
"2017-04-10 18:34:39 PDT","I","lml0101@lml_com","Zipper","Deleting File - /storage/emulated/0/.LML/data/2017-04-10/18-PDT/GPS.csv.zip"
"2017-04-10 18:34:39 PDT","I","lml0101@lml_com","Zipper","zipFileWithEncryption - /storage/emulated/0/.LML/data/2017-04-10/18-PDT/GPS.csv"
"2017-04-10 18:34:39 PDT","I","lml0101@lml_com","Zipper","Creating ZipFile - /storage/emulated/0/.LML/data/2017-04-10/18-PDT/GPS.csv.zip"
"2017-04-10 18:34:39 PDT","I","lml0101@lml_com","Zipper","Deleting File - /storage/emulated/0/.LML/data/2017-04-10/18-PDT/GPS.csv"
"2017-04-10 18:35:39 PDT","I","lml0101@lml_com","Zipper","unzipFileWithEncryption"
"2017-04-10 18:35:39 PDT","I","lml0101@lml_com","Zipper","Deleting File - /storage/emulated/0/.LML/data/2017-04-10/18-PDT/GPS.csv.zip"
"2017-04-10 18:35:39 PDT","I","lml0101@lml_com","Zipper","zipFileWithEncryption - /storage/emulated/0/.LML/data/2017-04-10/18-PDT/GPS.csv"
"2017-04-10 18:35:39 PDT","I","lml0101@lml_com","Zipper","Creating ZipFile - /storage/emulated/0/.LML/data/2017-04-10/18-PDT/GPS.csv.zip"
"2017-04-10 18:35:39 PDT","I","lml0101@lml_com","Zipper","Deleting File - /storage/emulated/0/.LML/data/2017-04-10/18-PDT/GPS.csv"
"2017-04-10 18:36:39 PDT","I","lml0101@lml_com","Zipper","unzipFileWithEncryption"
"2017-04-10 18:36:39 PDT","I","lml0101@lml_com","Zipper","Deleting File - /storage/emulated/0/.LML/data/2017-04-10/18-PDT/GPS.csv.zip"
"2017-04-10 18:36:39 PDT","I","lml0101@lml_com","Zipper","zipFileWithEncryption - /storage/emulated/0/.LML/data/2017-04-10/18-PDT/GPS.csv"
"2017-04-10 18:36:39 PDT","I","lml0101@lml_com","Zipper","Creating ZipFile - /storage/emulated/0/.LML/data/2017-04-10/18-PDT/GPS.csv.zip"
"2017-04-10 18:36:39 PDT","I","lml0101@lml_com","Zipper","Deleting File - /storage/emulated/0/.LML/data/2017-04-10/18-PDT/GPS.csv"
"2017-04-10 18:37:39 PDT","I","lml0101@lml_com","Zipper","unzipFileWithEncryption"
"2017-04-10 18:37:39 PDT","I","lml0101@lml_com","Zipper","Deleting File - /storage/emulated/0/.LML/data/2017-04-10/18-PDT/GPS.csv.zip"
"2017-04-10 18:37:39 PDT","I","lml0101@lml_com","Zipper","zipFileWithEncryption - /storage/emulated/0/.LML/data/2017-04-10/18-PDT/GPS.csv"
"2017-04-10 18:37:39 PDT","I","lml0101@lml_com","Zipper","Creating ZipFile - /storage/emulated/0/.LML/data/2017-04-10/18-PDT/GPS.csv.zip"
"2017-04-10 18:37:39 PDT","I","lml0101@lml_com","Zipper","Deleting File - /storage/emulated/0/.LML/data/2017-04-10/18-PDT/GPS.csv"
"2017-04-10 18:38:39 PDT","I","lml0101@lml_com","Zipper","unzipFileWithEncryption"
"2017-04-10 18:38:39 PDT","I","lml0101@lml_com","Zipper","Deleting File - /storage/emulated/0/.LML/data/2017-04-10/18-PDT/GPS.csv.zip"
"2017-04-10 18:38:39 PDT","I","lml0101@lml_com","Zipper","zipFileWithEncryption - /storage/emulated/0/.LML/data/2017-04-10/18-PDT/GPS.csv"
"2017-04-10 18:38:39 PDT","I","lml0101@lml_com","Zipper","Creating ZipFile - /storage/emulated/0/.LML/data/2017-04-10/18-PDT/GPS.csv.zip"
"2017-04-10 18:38:39 PDT","I","lml0101@lml_com","Zipper","Deleting File - /storage/emulated/0/.LML/data/2017-04-10/18-PDT/GPS.csv"
"2017-04-10 18:39:39 PDT","I","lml0101@lml_com","Zipper","unzipFileWithEncryption"
"2017-04-10 18:39:39 PDT","I","lml0101@lml_com","Zipper","Deleting File - /storage/emulated/0/.LML/data/2017-04-10/18-PDT/GPS.csv.zip"
"2017-04-10 18:39:39 PDT","I","lml0101@lml_com","Zipper","zipFileWithEncryption - /storage/emulated/0/.LML/data/2017-04-10/18-PDT/GPS.csv"
"2017-04-10 18:39:39 PDT","I","lml0101@lml_com","Zipper","Creating ZipFile - /storage/emulated/0/.LML/data/2017-04-10/18-PDT/GPS.csv.zip"
"2017-04-10 18:39:39 PDT","I","lml0101@lml_com","Zipper","Deleting File - /storage/emulated/0/.LML/data/2017-04-10/18-PDT/GPS.csv"
"2017-04-10 18:40:39 PDT","I","lml0101@lml_com","Zipper","unzipFileWithEncryption"
"2017-04-10 18:40:39 PDT","I","lml0101@lml_com","Zipper","Deleting File - /storage/emulated/0/.LML/data/2017-04-10/18-PDT/GPS.csv.zip"
"2017-04-10 18:40:39 PDT","I","lml0101@lml_com","Zipper","zipFileWithEncryption - /storage/emulated/0/.LML/data/2017-04-10/18-PDT/GPS.csv"
"2017-04-10 18:40:39 PDT","I","lml0101@lml_com","Zipper","Creating ZipFile - /storage/emulated/0/.LML/data/2017-04-10/18-PDT/GPS.csv.zip"
"2017-04-10 18:40:39 PDT","I","lml0101@lml_com","Zipper","Deleting File - /storage/emulated/0/.LML/data/2017-04-10/18-PDT/GPS.csv"
"2017-04-10 18:41:39 PDT","I","lml0101@lml_com","Zipper","unzipFileWithEncryption"
"2017-04-10 18:41:39 PDT","I","lml0101@lml_com","Zipper","Deleting File - /storage/emulated/0/.LML/data/2017-04-10/18-PDT/GPS.csv.zip"
"2017-04-10 18:41:39 PDT","I","lml0101@lml_com","Zipper","zipFileWithEncryption - /storage/emulated/0/.LML/data/2017-04-10/18-PDT/GPS.csv"
"2017-04-10 18:41:39 PDT","I","lml0101@lml_com","Zipper","Creating ZipFile - /storage/emulated/0/.LML/data/2017-04-10/18-PDT/GPS.csv.zip"
"2017-04-10 18:41:39 PDT","I","lml0101@lml_com","Zipper","Deleting File - /storage/emulated/0/.LML/data/2017-04-10/18-PDT/GPS.csv"
"2017-04-10 18:42:39 PDT","I","lml0101@lml_com","Zipper","unzipFileWithEncryption"
"2017-04-10 18:42:39 PDT","I","lml0101@lml_com","Zipper","Deleting File - /storage/emulated/0/.LML/data/2017-04-10/18-PDT/GPS.csv.zip"
"2017-04-10 18:42:39 PDT","I","lml0101@lml_com","Zipper","zipFileWithEncryption - /storage/emulated/0/.LML/data/2017-04-10/18-PDT/GPS.csv"
"2017-04-10 18:42:39 PDT","I","lml0101@lml_com","Zipper","Creating ZipFile - /storage/emulated/0/.LML/data/2017-04-10/18-PDT/GPS.csv.zip"
"2017-04-10 18:42:40 PDT","I","lml0101@lml_com","Zipper","Deleting File - /storage/emulated/0/.LML/data/2017-04-10/18-PDT/GPS.csv"
"2017-04-10 18:43:39 PDT","I","lml0101@lml_com","Zipper","unzipFileWithEncryption"
"2017-04-10 18:43:39 PDT","I","lml0101@lml_com","Zipper","Deleting File - /storage/emulated/0/.LML/data/2017-04-10/18-PDT/GPS.csv.zip"
"2017-04-10 18:43:39 PDT","I","lml0101@lml_com","Zipper","zipFileWithEncryption - /storage/emulated/0/.LML/data/2017-04-10/18-PDT/GPS.csv"
"2017-04-10 18:43:39 PDT","I","lml0101@lml_com","Zipper","Creating ZipFile - /storage/emulated/0/.LML/data/2017-04-10/18-PDT/GPS.csv.zip"
"2017-04-10 18:43:40 PDT","I","lml0101@lml_com","Zipper","Deleting File - /storage/emulated/0/.LML/data/2017-04-10/18-PDT/GPS.csv"
"2017-04-10 18:44:39 PDT","I","lml0101@lml_com","Zipper","unzipFileWithEncryption"
"2017-04-10 18:44:39 PDT","I","lml0101@lml_com","Zipper","Deleting File - /storage/emulated/0/.LML/data/2017-04-10/18-PDT/GPS.csv.zip"
"2017-04-10 18:44:39 PDT","I","lml0101@lml_com","Zipper","zipFileWithEncryption - /storage/emulated/0/.LML/data/2017-04-10/18-PDT/GPS.csv"
"2017-04-10 18:44:39 PDT","I","lml0101@lml_com","Zipper","Creating ZipFile - /storage/emulated/0/.LML/data/2017-04-10/18-PDT/GPS.csv.zip"
"2017-04-10 18:44:40 PDT","I","lml0101@lml_com","Zipper","Deleting File - /storage/emulated/0/.LML/data/2017-04-10/18-PDT/GPS.csv"
"2017-04-10 18:45:39 PDT","I","lml0101@lml_com","Zipper","unzipFileWithEncryption"
"2017-04-10 18:45:39 PDT","I","lml0101@lml_com","Zipper","Deleting File - /storage/emulated/0/.LML/data/2017-04-10/18-PDT/GPS.csv.zip"
"2017-04-10 18:45:39 PDT","I","lml0101@lml_com","Zipper","zipFileWithEncryption - /storage/emulated/0/.LML/data/2017-04-10/18-PDT/GPS.csv"
"2017-04-10 18:45:39 PDT","I","lml0101@lml_com","Zipper","Creating ZipFile - /storage/emulated/0/.LML/data/2017-04-10/18-PDT/GPS.csv.zip"
"2017-04-10 18:45:40 PDT","I","lml0101@lml_com","Zipper","Deleting File - /storage/emulated/0/.LML/data/2017-04-10/18-PDT/GPS.csv"
"2017-04-10 18:46:39 PDT","I","lml0101@lml_com","Zipper","unzipFileWithEncryption"
"2017-04-10 18:46:39 PDT","I","lml0101@lml_com","Zipper","Deleting File - /storage/emulated/0/.LML/data/2017-04-10/18-PDT/GPS.csv.zip"
"2017-04-10 18:46:39 PDT","I","lml0101@lml_com","Zipper","zipFileWithEncryption - /storage/emulated/0/.LML/data/2017-04-10/18-PDT/GPS.csv"
"2017-04-10 18:46:39 PDT","I","lml0101@lml_com","Zipper","Creating ZipFile - /storage/emulated/0/.LML/data/2017-04-10/18-PDT/GPS.csv.zip"
"2017-04-10 18:46:40 PDT","I","lml0101@lml_com","Zipper","Deleting File - /storage/emulated/0/.LML/data/2017-04-10/18-PDT/GPS.csv"
"2017-04-10 18:47:39 PDT","I","lml0101@lml_com","Zipper","unzipFileWithEncryption"
"2017-04-10 18:47:39 PDT","I","lml0101@lml_com","Zipper","Deleting File - /storage/emulated/0/.LML/data/2017-04-10/18-PDT/GPS.csv.zip"
"2017-04-10 18:47:40 PDT","I","lml0101@lml_com","Zipper","zipFileWithEncryption - /storage/emulated/0/.LML/data/2017-04-10/18-PDT/GPS.csv"
"2017-04-10 18:47:40 PDT","I","lml0101@lml_com","Zipper","Creating ZipFile - /storage/emulated/0/.LML/data/2017-04-10/18-PDT/GPS.csv.zip"
"2017-04-10 18:47:40 PDT","I","lml0101@lml_com","Zipper","Deleting File - /storage/emulated/0/.LML/data/2017-04-10/18-PDT/GPS.csv"
"2017-04-10 18:48:39 PDT","I","lml0101@lml_com","Zipper","unzipFileWithEncryption"
"2017-04-10 18:48:39 PDT","I","lml0101@lml_com","Zipper","Deleting File - /storage/emulated/0/.LML/data/2017-04-10/18-PDT/GPS.csv.zip"
"2017-04-10 18:48:39 PDT","I","lml0101@lml_com","Zipper","zipFileWithEncryption - /storage/emulated/0/.LML/data/2017-04-10/18-PDT/GPS.csv"
"2017-04-10 18:48:39 PDT","I","lml0101@lml_com","Zipper","Creating ZipFile - /storage/emulated/0/.LML/data/2017-04-10/18-PDT/GPS.csv.zip"
"2017-04-10 18:48:40 PDT","I","lml0101@lml_com","Zipper","Deleting File - /storage/emulated/0/.LML/data/2017-04-10/18-PDT/GPS.csv"
"2017-04-10 18:49:39 PDT","I","lml0101@lml_com","Zipper","unzipFileWithEncryption"
"2017-04-10 18:49:39 PDT","I","lml0101@lml_com","Zipper","Deleting File - /storage/emulated/0/.LML/data/2017-04-10/18-PDT/GPS.csv.zip"
"2017-04-10 18:49:39 PDT","I","lml0101@lml_com","Zipper","zipFileWithEncryption - /storage/emulated/0/.LML/data/2017-04-10/18-PDT/GPS.csv"
"2017-04-10 18:49:39 PDT","I","lml0101@lml_com","Zipper","Creating ZipFile - /storage/emulated/0/.LML/data/2017-04-10/18-PDT/GPS.csv.zip"
"2017-04-10 18:49:40 PDT","I","lml0101@lml_com","Zipper","Deleting File - /storage/emulated/0/.LML/data/2017-04-10/18-PDT/GPS.csv"
"2017-04-10 18:50:39 PDT","I","lml0101@lml_com","Zipper","unzipFileWithEncryption"
"2017-04-10 18:50:40 PDT","I","lml0101@lml_com","Zipper","Deleting File - /storage/emulated/0/.LML/data/2017-04-10/18-PDT/GPS.csv.zip"
"2017-04-10 18:50:40 PDT","I","lml0101@lml_com","Zipper","zipFileWithEncryption - /storage/emulated/0/.LML/data/2017-04-10/18-PDT/GPS.csv"
"2017-04-10 18:50:40 PDT","I","lml0101@lml_com","Zipper","Creating ZipFile - /storage/emulated/0/.LML/data/2017-04-10/18-PDT/GPS.csv.zip"
"2017-04-10 18:50:40 PDT","I","lml0101@lml_com","Zipper","Deleting File - /storage/emulated/0/.LML/data/2017-04-10/18-PDT/GPS.csv"
"2017-04-10 18:51:39 PDT","I","lml0101@lml_com","Zipper","unzipFileWithEncryption"
"2017-04-10 18:51:39 PDT","I","lml0101@lml_com","Zipper","Deleting File - /storage/emulated/0/.LML/data/2017-04-10/18-PDT/GPS.csv.zip"
"2017-04-10 18:51:39 PDT","I","lml0101@lml_com","Zipper","zipFileWithEncryption - /storage/emulated/0/.LML/data/2017-04-10/18-PDT/GPS.csv"
"2017-04-10 18:51:39 PDT","I","lml0101@lml_com","Zipper","Creating ZipFile - /storage/emulated/0/.LML/data/2017-04-10/18-PDT/GPS.csv.zip"
"2017-04-10 18:51:40 PDT","I","lml0101@lml_com","Zipper","Deleting File - /storage/emulated/0/.LML/data/2017-04-10/18-PDT/GPS.csv"
"2017-04-10 18:52:39 PDT","I","lml0101@lml_com","Zipper","unzipFileWithEncryption"
"2017-04-10 18:52:40 PDT","I","lml0101@lml_com","Zipper","Deleting File - /storage/emulated/0/.LML/data/2017-04-10/18-PDT/GPS.csv.zip"
"2017-04-10 18:52:40 PDT","I","lml0101@lml_com","Zipper","zipFileWithEncryption - /storage/emulated/0/.LML/data/2017-04-10/18-PDT/GPS.csv"
"2017-04-10 18:52:40 PDT","I","lml0101@lml_com","Zipper","Creating ZipFile - /storage/emulated/0/.LML/data/2017-04-10/18-PDT/GPS.csv.zip"
"2017-04-10 18:52:40 PDT","I","lml0101@lml_com","Zipper","Deleting File - /storage/emulated/0/.LML/data/2017-04-10/18-PDT/GPS.csv"
"2017-04-10 18:53:39 PDT","I","lml0101@lml_com","Zipper","unzipFileWithEncryption"
"2017-04-10 18:53:40 PDT","I","lml0101@lml_com","Zipper","Deleting File - /storage/emulated/0/.LML/data/2017-04-10/18-PDT/GPS.csv.zip"
"2017-04-10 18:53:40 PDT","I","lml0101@lml_com","Zipper","zipFileWithEncryption - /storage/emulated/0/.LML/data/2017-04-10/18-PDT/GPS.csv"
"2017-04-10 18:53:40 PDT","I","lml0101@lml_com","Zipper","Creating ZipFile - /storage/emulated/0/.LML/data/2017-04-10/18-PDT/GPS.csv.zip"
"2017-04-10 18:53:40 PDT","I","lml0101@lml_com","Zipper","Deleting File - /storage/emulated/0/.LML/data/2017-04-10/18-PDT/GPS.csv"
"2017-04-10 18:54:39 PDT","I","lml0101@lml_com","Zipper","unzipFileWithEncryption"
"2017-04-10 18:54:40 PDT","I","lml0101@lml_com","Zipper","Deleting File - /storage/emulated/0/.LML/data/2017-04-10/18-PDT/GPS.csv.zip"
"2017-04-10 18:54:40 PDT","I","lml0101@lml_com","Zipper","zipFileWithEncryption - /storage/emulated/0/.LML/data/2017-04-10/18-PDT/GPS.csv"
"2017-04-10 18:54:40 PDT","I","lml0101@lml_com","Zipper","Creating ZipFile - /storage/emulated/0/.LML/data/2017-04-10/18-PDT/GPS.csv.zip"
"2017-04-10 18:54:40 PDT","I","lml0101@lml_com","Zipper","Deleting File - /storage/emulated/0/.LML/data/2017-04-10/18-PDT/GPS.csv"
"2017-04-10 18:55:39 PDT","I","lml0101@lml_com","Zipper","unzipFileWithEncryption"
"2017-04-10 18:55:40 PDT","I","lml0101@lml_com","Zipper","Deleting File - /storage/emulated/0/.LML/data/2017-04-10/18-PDT/GPS.csv.zip"
"2017-04-10 18:55:40 PDT","I","lml0101@lml_com","Zipper","zipFileWithEncryption - /storage/emulated/0/.LML/data/2017-04-10/18-PDT/GPS.csv"
"2017-04-10 18:55:40 PDT","I","lml0101@lml_com","Zipper","Creating ZipFile - /storage/emulated/0/.LML/data/2017-04-10/18-PDT/GPS.csv.zip"
"2017-04-10 18:55:40 PDT","I","lml0101@lml_com","Zipper","Deleting File - /storage/emulated/0/.LML/data/2017-04-10/18-PDT/GPS.csv"
"2017-04-10 18:56:39 PDT","I","lml0101@lml_com","Zipper","unzipFileWithEncryption"
"2017-04-10 18:56:40 PDT","I","lml0101@lml_com","Zipper","Deleting File - /storage/emulated/0/.LML/data/2017-04-10/18-PDT/GPS.csv.zip"
"2017-04-10 18:56:40 PDT","I","lml0101@lml_com","Zipper","zipFileWithEncryption - /storage/emulated/0/.LML/data/2017-04-10/18-PDT/GPS.csv"
"2017-04-10 18:56:40 PDT","I","lml0101@lml_com","Zipper","Creating ZipFile - /storage/emulated/0/.LML/data/2017-04-10/18-PDT/GPS.csv.zip"
"2017-04-10 18:56:40 PDT","I","lml0101@lml_com","Zipper","Deleting File - /storage/emulated/0/.LML/data/2017-04-10/18-PDT/GPS.csv"
"2017-04-10 18:57:39 PDT","I","lml0101@lml_com","Zipper","unzipFileWithEncryption"
"2017-04-10 18:57:40 PDT","I","lml0101@lml_com","Zipper","Deleting File - /storage/emulated/0/.LML/data/2017-04-10/18-PDT/GPS.csv.zip"
"2017-04-10 18:57:40 PDT","I","lml0101@lml_com","Zipper","zipFileWithEncryption - /storage/emulated/0/.LML/data/2017-04-10/18-PDT/GPS.csv"
"2017-04-10 18:57:40 PDT","I","lml0101@lml_com","Zipper","Creating ZipFile - /storage/emulated/0/.LML/data/2017-04-10/18-PDT/GPS.csv.zip"
"2017-04-10 18:57:40 PDT","I","lml0101@lml_com","Zipper","Deleting File - /storage/emulated/0/.LML/data/2017-04-10/18-PDT/GPS.csv"
"2017-04-10 18:58:39 PDT","I","lml0101@lml_com","Zipper","unzipFileWithEncryption"
"2017-04-10 18:58:40 PDT","I","lml0101@lml_com","Zipper","Deleting File - /storage/emulated/0/.LML/data/2017-04-10/18-PDT/GPS.csv.zip"
"2017-04-10 18:58:40 PDT","I","lml0101@lml_com","Zipper","zipFileWithEncryption - /storage/emulated/0/.LML/data/2017-04-10/18-PDT/GPS.csv"
"2017-04-10 18:58:40 PDT","I","lml0101@lml_com","Zipper","Creating ZipFile - /storage/emulated/0/.LML/data/2017-04-10/18-PDT/GPS.csv.zip"
"2017-04-10 18:58:40 PDT","I","lml0101@lml_com","Zipper","Deleting File - /storage/emulated/0/.LML/data/2017-04-10/18-PDT/GPS.csv"
"2017-04-10 18:59:40 PDT","I","lml0101@lml_com","Zipper","unzipFileWithEncryption"
"2017-04-10 18:59:40 PDT","I","lml0101@lml_com","Zipper","Deleting File - /storage/emulated/0/.LML/data/2017-04-10/18-PDT/GPS.csv.zip"
"2017-04-10 18:59:40 PDT","I","lml0101@lml_com","Zipper","zipFileWithEncryption - /storage/emulated/0/.LML/data/2017-04-10/18-PDT/GPS.csv"
"2017-04-10 18:59:40 PDT","I","lml0101@lml_com","Zipper","Creating ZipFile - /storage/emulated/0/.LML/data/2017-04-10/18-PDT/GPS.csv.zip"
"2017-04-10 18:59:40 PDT","I","lml0101@lml_com","Zipper","Deleting File - /storage/emulated/0/.LML/data/2017-04-10/18-PDT/GPS.csv"
